-15.245000 -18.731000 0.977000 179.000000 186.000000 192.000000
-15.242000 -18.810000 0.991000 26.000000 31.000000 37.000000
-15.243000 -18.758000 1.058000 32.000000 36.000000 39.000000
-15.244000 -18.723000 1.071000 31.000000 34.000000 25.000000
-15.245000 -18.705000 1.027000 18.000000 20.000000 19.000000
-15.243000 -18.756000 1.055000 25.000000 31.000000 31.000000
-15.246000 -18.666000 1.069000 195.000000 199.000000 198.000000
-15.240000 -18.867000 1.021000 24.000000 26.000000 25.000000
-15.241000 -18.830000 1.033000 122.000000 119.000000 148.000000
-15.245000 -18.714000 0.979000 178.000000 183.000000 187.000000
-15.242000 -18.808000 1.026000 119.000000 121.000000 172.000000
-15.241000 -18.843000 1.032000 26.000000 24.000000 29.000000
-15.245000 -18.706000 1.010000 21.000000 23.000000 22.000000
-15.246000 -18.667000 0.980000 176.000000 180.000000 181.000000
-15.243000 -18.779000 1.002000 25.000000 27.000000 24.000000
-15.242000 -18.785000 1.064000 107.000000 113.000000 165.000000
-15.244000 -18.712000 1.084000 29.000000 25.000000 26.000000
-15.244000 -18.734000 0.986000 172.000000 184.000000 196.000000
-15.245000 -18.720000 1.023000 22.000000 23.000000 25.000000
-15.243000 -18.748000 1.062000 35.000000 29.000000 31.000000
-15.246000 -18.693000 0.972000 183.000000 189.000000 189.000000
-15.243000 -18.799000 0.998000 22.000000 25.000000 30.000000
-15.245000 -18.702000 1.011000 16.000000 18.000000 17.000000
-15.244000 -18.744000 0.987000 183.000000 195.000000 209.000000
-15.246000 -18.686000 1.017000 15.000000 19.000000 22.000000
-15.244000 -18.727000 1.014000 26.000000 26.000000 24.000000
-15.244000 -18.742000 0.981000 171.000000 183.000000 195.000000
-15.245000 -18.730000 0.985000 173.000000 186.000000 195.000000
-15.244000 -18.748000 1.047000 24.000000 26.000000 23.000000
-15.244000 -18.714000 1.076000 20.000000 20.000000 20.000000
-15.242000 -18.809000 1.012000 61.000000 57.000000 80.000000
-15.245000 -18.704000 0.996000 22.000000 24.000000 23.000000
-15.243000 -18.784000 0.996000 13.000000 19.000000 17.000000
-15.240000 -18.871000 1.029000 24.000000 26.000000 25.000000
-15.243000 -18.783000 0.988000 183.000000 196.000000 215.000000
-15.244000 -18.740000 1.035000 28.000000 24.000000 23.000000
-15.244000 -18.733000 1.038000 30.000000 26.000000 25.000000
-15.244000 -18.745000 1.053000 29.000000 33.000000 32.000000
-15.243000 -18.773000 0.974000 174.000000 178.000000 181.000000
-15.242000 -18.796000 1.013000 107.000000 107.000000 105.000000
-15.244000 -18.708000 1.079000 23.000000 21.000000 22.000000
-15.243000 -18.772000 1.004000 28.000000 27.000000 33.000000
-15.241000 -18.858000 1.032000 24.000000 26.000000 25.000000
-15.244000 -18.759000 1.000000 24.000000 25.000000 29.000000
-15.242000 -18.824000 0.995000 61.000000 63.000000 86.000000
-15.242000 -18.813000 1.022000 116.000000 113.000000 170.000000
-15.246000 -18.669000 1.087000 135.000000 138.000000 143.000000
-15.243000 -18.760000 1.029000 23.000000 23.000000 25.000000
-15.244000 -18.769000 0.974000 171.000000 175.000000 178.000000
-15.246000 -18.675000 0.986000 181.000000 194.000000 203.000000
-15.243000 -18.780000 0.999000 22.000000 26.000000 27.000000
-15.240000 -18.881000 1.027000 24.000000 25.000000 27.000000
-15.244000 -18.745000 0.973000 168.000000 172.000000 175.000000
-15.242000 -18.819000 1.021000 16.000000 16.000000 42.000000
-15.246000 -18.675000 1.054000 16.000000 16.000000 24.000000
-15.241000 -18.844000 1.014000 26.000000 22.000000 23.000000
-15.244000 -18.733000 1.052000 25.000000 26.000000 20.000000
-15.245000 -18.678000 1.088000 22.000000 23.000000 27.000000
-15.241000 -18.837000 0.999000 16.000000 24.000000 26.000000
-15.245000 -18.726000 0.994000 35.000000 38.000000 43.000000
-15.240000 -18.859000 1.033000 26.000000 26.000000 24.000000
-15.244000 -18.763000 1.003000 24.000000 24.000000 24.000000
-15.244000 -18.715000 1.058000 20.000000 22.000000 19.000000
-15.244000 -18.746000 1.033000 24.000000 22.000000 23.000000
-15.245000 -18.697000 1.055000 20.000000 22.000000 19.000000
-15.242000 -18.810000 1.014000 152.000000 149.000000 180.000000
-15.245000 -18.679000 1.069000 17.000000 21.000000 24.000000
-15.244000 -18.742000 1.031000 29.000000 29.000000 31.000000
-15.243000 -18.800000 0.978000 181.000000 194.000000 203.000000
-15.245000 -18.717000 0.978000 176.000000 187.000000 193.000000
-15.242000 -18.806000 1.019000 125.000000 126.000000 154.000000
-15.244000 -18.718000 1.075000 27.000000 30.000000 19.000000
-15.240000 -18.873000 1.031000 24.000000 26.000000 25.000000
-15.244000 -18.734000 0.999000 23.000000 24.000000 28.000000
-15.246000 -18.693000 0.974000 183.000000 189.000000 189.000000
-15.243000 -18.763000 1.032000 25.000000 23.000000 24.000000
-15.243000 -18.752000 1.053000 20.000000 26.000000 26.000000
-15.245000 -18.708000 1.058000 20.000000 22.000000 19.000000
-15.244000 -18.733000 1.042000 25.000000 26.000000 30.000000
-15.245000 -18.723000 0.985000 174.000000 187.000000 196.000000
-15.242000 -18.794000 1.020000 192.000000 198.000000 198.000000
-15.241000 -18.859000 1.027000 23.000000 25.000000 24.000000
-15.243000 -18.792000 1.000000 19.000000 22.000000 31.000000
-15.245000 -18.694000 1.018000 19.000000 20.000000 22.000000
-15.245000 -18.695000 1.067000 22.000000 24.000000 21.000000
-15.243000 -18.766000 1.001000 24.000000 25.000000 19.000000
-15.243000 -18.762000 1.008000 26.000000 25.000000 23.000000
-15.244000 -18.713000 1.074000 20.000000 20.000000 20.000000
-15.243000 -18.770000 0.989000 178.000000 194.000000 207.000000
-15.243000 -18.781000 1.014000 23.000000 24.000000 19.000000
-15.244000 -18.756000 0.975000 175.000000 178.000000 183.000000
-15.242000 -18.816000 1.002000 17.000000 15.000000 20.000000
-15.244000 -18.760000 0.995000 23.000000 26.000000 31.000000
-15.246000 -18.678000 1.054000 16.000000 17.000000 22.000000
-15.243000 -18.762000 1.024000 23.000000 24.000000 26.000000
-15.244000 -18.767000 0.987000 178.000000 195.000000 203.000000
-15.242000 -18.817000 1.051000 116.000000 113.000000 160.000000
-15.243000 -18.787000 1.007000 23.000000 24.000000 19.000000
-15.246000 -18.670000 1.053000 145.000000 145.000000 153.000000
-15.243000 -18.765000 1.003000 27.000000 26.000000 21.000000
-15.245000 -18.720000 0.989000 181.000000 194.000000 203.000000
-15.243000 -18.764000 1.069000 77.000000 64.000000 45.000000
-15.244000 -18.742000 1.050000 32.000000 34.000000 29.000000
-15.241000 -18.856000 1.039000 25.000000 25.000000 27.000000
-15.241000 -18.833000 1.008000 27.000000 23.000000 22.000000
-15.246000 -18.669000 1.071000 129.000000 132.000000 137.000000
-15.242000 -18.809000 1.051000 135.000000 133.000000 198.000000
-15.243000 -18.765000 1.008000 29.000000 26.000000 19.000000
-15.242000 -18.817000 1.040000 106.000000 105.000000 173.000000
-15.241000 -18.837000 1.042000 138.000000 136.000000 175.000000
-15.244000 -18.738000 1.053000 29.000000 31.000000 28.000000
-15.241000 -18.836000 1.001000 23.000000 27.000000 28.000000
-15.246000 -18.668000 1.003000 101.000000 104.000000 109.000000
-15.246000 -18.684000 1.016000 16.000000 20.000000 23.000000
-15.245000 -18.720000 1.016000 24.000000 24.000000 22.000000
-15.240000 -18.864000 1.027000 24.000000 25.000000 27.000000
-15.244000 -18.743000 1.020000 27.000000 28.000000 30.000000
-15.246000 -18.671000 0.971000 159.000000 160.000000 154.000000
-15.246000 -18.684000 1.015000 16.000000 20.000000 23.000000
-15.240000 -18.879000 1.031000 24.000000 26.000000 25.000000
-15.243000 -18.787000 1.033000 31.000000 27.000000 44.000000
-15.245000 -18.702000 1.027000 20.000000 22.000000 21.000000
-15.246000 -18.674000 1.010000 15.000000 19.000000 22.000000
-15.246000 -18.667000 1.016000 188.000000 192.000000 191.000000
-15.242000 -18.814000 0.998000 16.000000 22.000000 10.000000
-15.244000 -18.714000 1.085000 29.000000 25.000000 26.000000
-15.245000 -18.706000 1.045000 19.000000 19.000000 17.000000
-15.243000 -18.774000 0.978000 176.000000 186.000000 196.000000
-15.241000 -18.853000 1.030000 23.000000 24.000000 26.000000
-15.243000 -18.775000 1.045000 28.000000 32.000000 35.000000
-15.244000 -18.716000 1.060000 28.000000 24.000000 23.000000
-15.246000 -18.673000 1.050000 21.000000 21.000000 29.000000
-15.244000 -18.728000 1.042000 26.000000 27.000000 32.000000
-15.240000 -18.862000 1.035000 26.000000 25.000000 23.000000
-15.245000 -18.674000 1.073000 14.000000 17.000000 22.000000
-15.245000 -18.706000 0.977000 181.000000 186.000000 189.000000
-15.244000 -18.738000 1.033000 26.000000 24.000000 25.000000
-15.242000 -18.812000 0.987000 22.000000 31.000000 40.000000
-15.245000 -18.713000 1.036000 21.000000 23.000000 22.000000
-15.245000 -18.683000 1.065000 14.000000 18.000000 19.000000
-15.244000 -18.742000 0.998000 19.000000 22.000000 27.000000
-15.243000 -18.785000 1.015000 29.000000 29.000000 31.000000
-15.245000 -18.713000 1.039000 21.000000 23.000000 22.000000
-15.246000 -18.669000 1.002000 101.000000 104.000000 109.000000
-15.245000 -18.727000 0.973000 172.000000 176.000000 177.000000
-15.246000 -18.666000 1.050000 192.000000 193.000000 195.000000
-15.244000 -18.714000 1.061000 20.000000 22.000000 19.000000
-15.243000 -18.780000 1.007000 24.000000 25.000000 20.000000
-15.242000 -18.816000 1.019000 118.000000 113.000000 153.000000
-15.243000 -18.769000 1.027000 34.000000 34.000000 36.000000
-15.244000 -18.743000 1.053000 29.000000 33.000000 32.000000
-15.242000 -18.800000 1.048000 169.000000 167.000000 214.000000
-15.245000 -18.731000 0.973000 172.000000 176.000000 177.000000
-15.245000 -18.689000 1.073000 21.000000 23.000000 22.000000
-15.244000 -18.769000 0.982000 173.000000 186.000000 195.000000
-15.242000 -18.795000 1.023000 111.000000 116.000000 119.000000
-15.242000 -18.800000 1.045000 164.000000 164.000000 200.000000
-15.245000 -18.711000 0.981000 174.000000 181.000000 189.000000
-15.241000 -18.844000 1.025000 18.000000 18.000000 18.000000
-15.243000 -18.785000 1.014000 29.000000 29.000000 31.000000
-15.245000 -18.708000 1.006000 18.000000 20.000000 19.000000
-15.241000 -18.848000 1.006000 27.000000 25.000000 30.000000
-15.245000 -18.702000 0.983000 174.000000 184.000000 194.000000
-15.246000 -18.674000 1.011000 15.000000 19.000000 22.000000
-15.241000 -18.861000 1.022000 25.000000 27.000000 26.000000
-15.244000 -18.724000 1.072000 31.000000 34.000000 25.000000
-15.243000 -18.782000 0.970000 135.000000 136.000000 131.000000
-15.243000 -18.765000 1.039000 73.000000 67.000000 67.000000
-15.246000 -18.693000 0.974000 183.000000 189.000000 189.000000
-15.241000 -18.829000 1.036000 120.000000 113.000000 165.000000
-15.245000 -18.723000 1.021000 23.000000 24.000000 26.000000
-15.243000 -18.758000 1.042000 34.000000 30.000000 31.000000
-15.244000 -18.729000 1.049000 26.000000 26.000000 24.000000
-15.244000 -18.718000 1.065000 24.000000 22.000000 25.000000
-15.245000 -18.698000 1.003000 20.000000 22.000000 21.000000
-15.242000 -18.790000 1.058000 94.000000 98.000000 133.000000
-15.245000 -18.709000 1.004000 18.000000 20.000000 19.000000
-15.244000 -18.731000 1.073000 35.000000 35.000000 25.000000
-15.244000 -18.718000 1.075000 27.000000 30.000000 19.000000
-15.243000 -18.785000 1.030000 24.000000 21.000000 38.000000
-15.241000 -18.856000 0.997000 20.000000 28.000000 30.000000
-15.241000 -18.932000 0.970000 184.000000 192.000000 181.000000
-15.240000 -18.897000 1.008000 27.000000 26.000000 24.000000
-15.241000 -18.927000 0.986000 156.000000 167.000000 173.000000
-15.241000 -18.866000 0.996000 24.000000 29.000000 33.000000
-15.240000 -18.909000 1.006000 33.000000 29.000000 28.000000
-15.242000 -18.908000 0.974000 183.000000 187.000000 186.000000
-15.241000 -18.862000 0.999000 24.000000 28.000000 31.000000
-15.241000 -18.861000 0.998000 23.000000 28.000000 32.000000
-15.240000 -18.892000 1.009000 26.000000 25.000000 23.000000
-15.241000 -18.936000 0.995000 186.000000 191.000000 197.000000
-15.241000 -18.890000 1.006000 25.000000 23.000000 24.000000
-15.241000 -18.942000 0.980000 148.000000 151.000000 144.000000
-15.241000 -18.935000 0.996000 185.000000 190.000000 194.000000
-15.242000 -18.859000 0.983000 182.000000 193.000000 199.000000
-15.241000 -18.899000 0.993000 23.000000 28.000000 34.000000
-15.242000 -18.884000 0.973000 182.000000 190.000000 192.000000
-15.242000 -18.867000 0.974000 182.000000 192.000000 194.000000
-15.242000 -18.861000 0.983000 177.000000 187.000000 197.000000
-15.240000 -18.889000 1.013000 25.000000 24.000000 22.000000
-15.241000 -18.881000 0.984000 152.000000 162.000000 172.000000
-15.241000 -18.844000 0.990000 163.000000 179.000000 195.000000
-15.241000 -18.862000 1.002000 29.000000 29.000000 31.000000
-15.241000 -18.890000 0.989000 170.000000 178.000000 191.000000
-15.241000 -18.947000 0.991000 153.000000 153.000000 145.000000
-15.242000 -18.888000 0.970000 149.000000 154.000000 150.000000
-15.240000 -18.914000 1.009000 31.000000 30.000000 28.000000
-15.240000 -18.881000 1.019000 26.000000 26.000000 26.000000
-15.240000 -18.920000 1.001000 31.000000 36.000000 42.000000
-15.241000 -18.941000 0.984000 153.000000 155.000000 150.000000
-15.241000 -18.888000 1.003000 27.000000 27.000000 29.000000
-15.241000 -18.920000 0.989000 183.000000 196.000000 205.000000
-15.241000 -18.852000 1.002000 27.000000 28.000000 33.000000
-15.242000 -18.907000 0.972000 170.000000 175.000000 169.000000
-15.241000 -18.853000 0.995000 40.000000 49.000000 56.000000
-15.241000 -18.901000 0.988000 189.000000 197.000000 210.000000
-15.240000 -18.908000 1.005000 33.000000 29.000000 28.000000
-15.241000 -18.919000 0.981000 173.000000 182.000000 189.000000
-15.241000 -18.938000 0.990000 164.000000 168.000000 169.000000
-15.242000 -18.913000 0.972000 191.000000 195.000000 194.000000
-15.241000 -18.895000 0.989000 184.000000 192.000000 205.000000
-15.241000 -18.870000 0.988000 166.000000 174.000000 185.000000
-15.240000 -18.875000 1.014000 27.000000 26.000000 24.000000
-15.241000 -18.850000 0.991000 138.000000 155.000000 165.000000
-15.241000 -18.896000 0.991000 103.000000 111.000000 124.000000
-15.242000 -18.934000 1.106000 193.000000 198.000000 204.000000
-15.244000 -18.820000 1.120000 106.000000 104.000000 128.000000
-15.244000 -18.898000 1.158000 64.000000 68.000000 69.000000
-15.246000 -18.779000 1.146000 26.000000 25.000000 23.000000
-15.246000 -18.791000 1.158000 106.000000 107.000000 109.000000
-15.246000 -18.743000 1.160000 103.000000 103.000000 105.000000
-15.241000 -18.883000 1.048000 26.000000 26.000000 26.000000
-15.244000 -18.892000 1.145000 20.000000 18.000000 19.000000
-15.241000 -18.841000 1.051000 140.000000 138.000000 175.000000
-15.242000 -18.808000 1.062000 158.000000 156.000000 177.000000
-15.247000 -18.678000 1.140000 34.000000 35.000000 40.000000
-15.246000 -18.696000 1.135000 27.000000 29.000000 26.000000
-15.246000 -18.793000 1.153000 28.000000 24.000000 23.000000
-15.243000 -18.848000 1.110000 24.000000 23.000000 29.000000
-15.245000 -18.868000 1.168000 179.000000 185.000000 199.000000
-15.246000 -18.771000 1.147000 29.000000 28.000000 26.000000
-15.242000 -18.941000 1.102000 150.000000 154.000000 155.000000
-15.241000 -18.926000 1.075000 25.000000 28.000000 33.000000
-15.245000 -18.724000 1.106000 49.000000 47.000000 48.000000
-15.245000 -18.834000 1.157000 29.000000 27.000000 30.000000
-15.247000 -18.719000 1.156000 31.000000 33.000000 32.000000
-15.241000 -18.852000 1.062000 30.000000 30.000000 28.000000
-15.246000 -18.698000 1.120000 25.000000 25.000000 23.000000
-15.246000 -18.804000 1.162000 186.000000 189.000000 194.000000
-15.244000 -18.795000 1.117000 109.000000 109.000000 171.000000
-15.245000 -18.787000 1.137000 23.000000 22.000000 38.000000
-15.242000 -18.904000 1.084000 22.000000 22.000000 22.000000
-15.247000 -18.687000 1.147000 31.000000 31.000000 29.000000
-15.242000 -18.845000 1.065000 22.000000 22.000000 30.000000
-15.244000 -18.770000 1.106000 120.000000 125.000000 105.000000
-15.248000 -18.671000 1.166000 171.000000 183.000000 197.000000
-15.242000 -18.842000 1.077000 27.000000 27.000000 37.000000
-15.246000 -18.733000 1.141000 29.000000 30.000000 32.000000
-15.246000 -18.780000 1.167000 171.000000 180.000000 189.000000
-15.247000 -18.695000 1.161000 181.000000 186.000000 192.000000
-15.247000 -18.693000 1.167000 158.000000 167.000000 182.000000
-15.245000 -18.852000 1.165000 182.000000 189.000000 195.000000
-15.242000 -18.939000 1.100000 183.000000 188.000000 192.000000
-15.243000 -18.937000 1.138000 188.000000 192.000000 201.000000
-15.246000 -18.785000 1.174000 171.000000 181.000000 191.000000
-15.244000 -18.850000 1.142000 25.000000 26.000000 28.000000
-15.241000 -18.908000 1.078000 19.000000 20.000000 22.000000
-15.244000 -18.913000 1.160000 80.000000 79.000000 84.000000
-15.244000 -18.858000 1.128000 29.000000 29.000000 19.000000
-15.245000 -18.745000 1.124000 34.000000 32.000000 33.000000
-15.242000 -18.815000 1.056000 118.000000 116.000000 153.000000
-15.244000 -18.816000 1.131000 25.000000 24.000000 30.000000
-15.242000 -18.875000 1.091000 39.000000 37.000000 38.000000
-15.242000 -18.816000 1.061000 127.000000 126.000000 158.000000
-15.245000 -18.703000 1.098000 26.000000 26.000000 26.000000
-15.245000 -18.899000 1.176000 177.000000 186.000000 195.000000
-15.241000 -18.899000 1.061000 21.000000 21.000000 21.000000
-15.246000 -18.702000 1.122000 26.000000 26.000000 26.000000
-15.242000 -18.903000 1.094000 20.000000 20.000000 20.000000
-15.244000 -18.833000 1.117000 27.000000 26.000000 31.000000
-15.245000 -18.883000 1.158000 82.000000 81.000000 86.000000
-15.243000 -18.890000 1.109000 19.000000 19.000000 19.000000
-15.241000 -18.877000 1.063000 31.000000 31.000000 31.000000
-15.242000 -18.834000 1.080000 130.000000 125.000000 191.000000
-15.245000 -18.848000 1.147000 26.000000 26.000000 24.000000
-15.242000 -18.943000 1.116000 145.000000 151.000000 149.000000
-15.243000 -18.907000 1.111000 21.000000 21.000000 21.000000
-15.246000 -18.753000 1.160000 106.000000 106.000000 106.000000
-15.242000 -18.925000 1.101000 20.000000 23.000000 28.000000
-15.244000 -18.764000 1.109000 71.000000 81.000000 46.000000
-15.244000 -18.942000 1.153000 159.000000 155.000000 152.000000
-15.243000 -18.919000 1.138000 17.000000 22.000000 25.000000
-15.245000 -18.753000 1.111000 50.000000 45.000000 41.000000
-15.240000 -18.895000 1.041000 21.000000 21.000000 21.000000
-15.244000 -18.914000 1.138000 18.000000 22.000000 21.000000
-15.245000 -18.934000 1.172000 174.000000 184.000000 194.000000
-15.242000 -18.894000 1.080000 20.000000 20.000000 20.000000
-15.242000 -18.879000 1.093000 37.000000 35.000000 36.000000
-15.240000 -18.915000 1.047000 23.000000 25.000000 22.000000
-15.245000 -18.915000 1.165000 184.000000 191.000000 201.000000
-15.242000 -18.886000 1.099000 26.000000 26.000000 26.000000
-15.241000 -18.899000 1.074000 20.000000 20.000000 20.000000
-15.240000 -18.925000 1.048000 27.000000 31.000000 34.000000
-15.244000 -18.900000 1.142000 19.000000 19.000000 21.000000
-15.245000 -18.751000 1.128000 31.000000 29.000000 30.000000
-15.241000 -18.828000 1.052000 142.000000 139.000000 194.000000
-15.245000 -18.867000 1.168000 179.000000 185.000000 199.000000
-15.246000 -18.768000 1.142000 29.000000 30.000000 32.000000
-15.241000 -18.934000 1.078000 191.000000 196.000000 202.000000
-15.244000 -18.772000 1.112000 30.000000 30.000000 42.000000
-15.240000 -18.874000 1.043000 27.000000 27.000000 27.000000
-15.246000 -18.738000 1.142000 29.000000 30.000000 32.000000
-15.243000 -18.789000 1.085000 119.000000 120.000000 174.000000
-15.246000 -18.714000 1.134000 25.000000 25.000000 27.000000
-15.246000 -18.762000 1.151000 30.000000 26.000000 23.000000
-15.245000 -18.753000 1.134000 30.000000 30.000000 30.000000
-15.242000 -18.941000 1.118000 145.000000 151.000000 149.000000
-15.241000 -18.885000 1.064000 23.000000 23.000000 23.000000
-15.240000 -18.889000 1.039000 22.000000 21.000000 17.000000
-15.240000 -18.866000 1.038000 26.000000 25.000000 21.000000
-15.245000 -18.789000 1.125000 130.000000 130.000000 164.000000
-15.245000 -18.719000 1.119000 41.000000 41.000000 41.000000
-15.243000 -18.836000 1.107000 78.000000 77.000000 95.000000
-15.245000 -18.751000 1.127000 32.000000 30.000000 31.000000
-15.244000 -18.847000 1.132000 27.000000 27.000000 17.000000
-15.245000 -18.750000 1.114000 38.000000 34.000000 31.000000
-15.242000 -18.807000 1.073000 123.000000 122.000000 136.000000
-15.245000 -18.710000 1.103000 25.000000 25.000000 23.000000
-15.241000 -18.845000 1.054000 29.000000 29.000000 39.000000
-15.242000 -18.911000 1.098000 20.000000 22.000000 19.000000
-15.248000 -18.676000 1.171000 94.000000 107.000000 123.000000
-15.242000 -18.917000 1.108000 24.000000 23.000000 21.000000
-15.242000 -18.913000 1.086000 19.000000 20.000000 22.000000
-15.242000 -18.791000 1.068000 123.000000 128.000000 196.000000
-15.245000 -18.759000 1.116000 33.000000 29.000000 28.000000
-15.242000 -18.934000 1.091000 196.000000 201.000000 207.000000
-15.241000 -18.824000 1.054000 111.000000 107.000000 166.000000
-15.246000 -18.701000 1.140000 26.000000 25.000000 30.000000
-15.245000 -18.843000 1.142000 23.000000 24.000000 26.000000
-15.244000 -18.849000 1.123000 25.000000 23.000000 28.000000
-15.241000 -18.904000 1.080000 21.000000 21.000000 21.000000
-15.242000 -18.867000 1.093000 40.000000 38.000000 39.000000
-15.246000 -18.764000 1.144000 27.000000 27.000000 27.000000
-15.242000 -18.874000 1.073000 33.000000 33.000000 33.000000
-15.240000 -18.928000 1.059000 23.000000 26.000000 31.000000
-15.245000 -18.706000 1.117000 23.000000 23.000000 23.000000
-15.244000 -18.859000 1.129000 29.000000 29.000000 19.000000
-15.245000 -18.854000 1.155000 26.000000 26.000000 24.000000
-15.242000 -18.922000 1.108000 23.000000 21.000000 22.000000
-15.244000 -18.740000 1.091000 86.000000 82.000000 70.000000
-15.245000 -18.819000 1.149000 32.000000 27.000000 24.000000
-15.245000 -18.887000 1.167000 169.000000 178.000000 187.000000
-15.242000 -18.888000 1.082000 20.000000 20.000000 20.000000
-15.248000 -18.665000 1.171000 173.000000 179.000000 179.000000
-15.245000 -18.886000 1.173000 178.000000 188.000000 198.000000
-15.241000 -18.882000 1.072000 32.000000 32.000000 32.000000
-15.243000 -18.936000 1.143000 192.000000 192.000000 200.000000
-15.244000 -18.903000 1.141000 19.000000 19.000000 21.000000
-15.241000 -18.873000 1.071000 32.000000 32.000000 32.000000
-15.245000 -18.877000 1.155000 26.000000 24.000000 25.000000
-15.247000 -18.670000 1.157000 129.000000 132.000000 137.000000
-15.245000 -18.804000 1.144000 26.000000 26.000000 26.000000
-15.248000 -18.674000 1.172000 155.000000 169.000000 180.000000
-15.243000 -18.849000 1.093000 28.000000 28.000000 30.000000
-15.241000 -18.905000 1.080000 21.000000 21.000000 21.000000
-15.246000 -18.749000 1.151000 31.000000 27.000000 24.000000
-15.245000 -18.764000 1.139000 26.000000 27.000000 29.000000
-15.242000 -18.887000 1.078000 20.000000 20.000000 20.000000
-15.244000 -18.777000 1.114000 96.000000 93.000000 120.000000
-15.247000 -18.688000 1.162000 170.000000 177.000000 187.000000
-15.244000 -18.827000 1.127000 31.000000 32.000000 26.000000
-15.244000 -18.833000 1.121000 26.000000 25.000000 30.000000
-15.244000 -18.832000 1.116000 20.000000 22.000000 21.000000
-15.244000 -18.893000 1.154000 24.000000 23.000000 21.000000
-15.244000 -18.885000 1.136000 20.000000 20.000000 20.000000
-15.246000 -18.763000 1.154000 34.000000 29.000000 26.000000
-15.243000 -18.923000 1.114000 24.000000 24.000000 26.000000
-15.244000 -18.924000 1.162000 180.000000 184.000000 193.000000
-15.246000 -18.676000 1.117000 24.000000 25.000000 30.000000
-15.241000 -18.875000 1.049000 26.000000 26.000000 26.000000
-15.245000 -18.701000 1.099000 26.000000 26.000000 26.000000
-15.243000 -18.816000 1.083000 146.000000 143.000000 186.000000
-15.240000 -18.915000 1.055000 21.000000 23.000000 22.000000
-15.247000 -18.748000 1.165000 177.000000 182.000000 188.000000
-15.244000 -18.885000 1.145000 22.000000 22.000000 22.000000
-15.242000 -18.878000 1.076000 33.000000 33.000000 33.000000
-15.247000 -18.743000 1.166000 174.000000 181.000000 187.000000
-15.242000 -18.874000 1.091000 41.000000 39.000000 40.000000
-15.242000 -18.812000 1.070000 91.000000 90.000000 122.000000
-15.242000 -18.922000 1.093000 18.000000 19.000000 21.000000
-15.243000 -18.808000 1.083000 124.000000 123.000000 167.000000
-15.241000 -18.928000 1.074000 107.000000 110.000000 117.000000
-15.245000 -18.816000 1.139000 29.000000 27.000000 28.000000
-15.245000 -18.876000 1.163000 178.000000 181.000000 188.000000
-15.245000 -18.684000 1.107000 26.000000 27.000000 29.000000
-15.246000 -18.787000 1.151000 30.000000 26.000000 25.000000
-15.241000 -18.875000 1.051000 26.000000 26.000000 26.000000
-15.246000 -18.769000 1.145000 28.000000 28.000000 28.000000
-15.241000 -18.886000 1.072000 27.000000 27.000000 27.000000
-15.240000 -18.932000 1.063000 192.000000 197.000000 203.000000
-15.245000 -18.778000 1.140000 27.000000 28.000000 30.000000
-15.240000 -18.892000 1.042000 20.000000 20.000000 20.000000
-15.243000 -18.776000 1.080000 143.000000 135.000000 148.000000
-15.245000 -18.822000 1.136000 21.000000 24.000000 5.000000
-15.244000 -18.892000 1.131000 21.000000 21.000000 21.000000
-15.245000 -18.698000 1.114000 28.000000 28.000000 28.000000
-15.243000 -18.829000 1.085000 139.000000 136.000000 189.000000
-15.244000 -18.814000 1.116000 26.000000 29.000000 20.000000
-15.246000 -18.764000 1.146000 27.000000 26.000000 24.000000
-15.243000 -18.834000 1.094000 148.000000 143.000000 199.000000
-15.245000 -18.800000 1.140000 28.000000 29.000000 31.000000
-15.245000 -18.851000 1.163000 177.000000 182.000000 186.000000
-15.247000 -18.712000 1.165000 173.000000 180.000000 188.000000
-15.242000 -18.944000 1.114000 143.000000 145.000000 140.000000
-15.241000 -18.919000 1.071000 21.000000 21.000000 23.000000
-15.242000 -18.855000 1.087000 34.000000 31.000000 38.000000
-15.245000 -18.778000 1.134000 25.000000 23.000000 28.000000
-15.247000 -18.704000 1.167000 168.000000 176.000000 187.000000
-15.245000 -18.874000 1.165000 185.000000 189.000000 200.000000
-15.245000 -18.819000 1.141000 32.000000 28.000000 29.000000
-15.248000 -18.688000 1.169000 93.000000 105.000000 121.000000
-15.246000 -18.729000 1.149000 33.000000 32.000000 30.000000
-15.245000 -18.865000 1.159000 73.000000 71.000000 76.000000
-15.245000 -18.876000 1.170000 172.000000 182.000000 194.000000
-15.240000 -18.912000 1.041000 23.000000 25.000000 22.000000
-15.245000 -18.715000 1.124000 28.000000 28.000000 28.000000
-15.241000 -18.872000 1.048000 26.000000 26.000000 26.000000
-15.244000 -18.840000 1.116000 30.000000 28.000000 39.000000
-15.242000 -18.886000 1.089000 27.000000 27.000000 27.000000
-15.244000 -18.882000 1.152000 29.000000 25.000000 24.000000
-15.245000 -18.726000 1.115000 59.000000 59.000000 59.000000
-15.245000 -18.842000 1.163000 186.000000 191.000000 195.000000
-15.243000 -18.836000 1.090000 154.000000 152.000000 189.000000
-15.242000 -18.862000 1.078000 32.000000 32.000000 32.000000
-15.245000 -18.892000 1.173000 176.000000 186.000000 196.000000
-15.242000 -18.830000 1.073000 92.000000 87.000000 151.000000
-15.245000 -18.790000 1.128000 142.000000 145.000000 160.000000
-15.248000 -18.666000 1.167000 172.000000 178.000000 178.000000
-15.246000 -18.751000 1.143000 27.000000 27.000000 25.000000
-15.246000 -18.713000 1.131000 25.000000 25.000000 27.000000
-15.241000 -18.874000 1.062000 30.000000 30.000000 30.000000
-15.245000 -18.943000 1.174000 159.000000 165.000000 163.000000
-15.244000 -18.750000 1.097000 109.000000 104.000000 85.000000
-15.243000 -18.880000 1.120000 27.000000 27.000000 27.000000
-15.244000 -18.879000 1.131000 84.000000 82.000000 83.000000
-15.246000 -18.697000 1.128000 25.000000 27.000000 24.000000
-15.246000 -18.852000 1.171000 173.000000 183.000000 192.000000
-15.244000 -18.788000 1.120000 115.000000 112.000000 169.000000
-15.242000 -18.907000 1.087000 20.000000 20.000000 20.000000
-15.241000 -18.900000 1.073000 20.000000 20.000000 20.000000
-15.242000 -18.849000 1.076000 29.000000 29.000000 29.000000
-15.246000 -18.737000 1.150000 34.000000 33.000000 29.000000
-15.244000 -18.898000 1.134000 20.000000 20.000000 20.000000
-15.244000 -18.712000 1.096000 24.000000 24.000000 22.000000
-15.240000 -18.894000 1.050000 21.000000 21.000000 21.000000
-15.242000 -18.872000 1.091000 41.000000 39.000000 40.000000
-15.243000 -18.797000 1.078000 107.000000 107.000000 167.000000
-15.244000 -18.855000 1.140000 24.000000 28.000000 27.000000
-15.247000 -18.671000 1.142000 45.000000 45.000000 53.000000
-15.244000 -18.766000 1.104000 158.000000 167.000000 124.000000
-15.245000 -18.824000 1.140000 28.000000 26.000000 29.000000
-15.241000 -18.919000 1.084000 20.000000 20.000000 22.000000
-15.245000 -18.783000 1.145000 28.000000 28.000000 28.000000
-15.245000 -18.780000 1.136000 24.000000 21.000000 30.000000
-15.243000 -18.807000 1.085000 124.000000 123.000000 167.000000
-15.244000 -18.947000 1.166000 150.000000 150.000000 138.000000
-15.246000 -18.785000 1.169000 173.000000 182.000000 191.000000
-15.242000 -18.924000 1.106000 23.000000 23.000000 25.000000
-15.244000 -18.828000 1.130000 24.000000 25.000000 17.000000
-15.246000 -18.812000 1.170000 171.000000 181.000000 190.000000
-15.247000 -18.736000 1.175000 168.000000 178.000000 187.000000
-15.242000 -18.849000 1.078000 27.000000 27.000000 27.000000
-15.244000 -18.848000 1.123000 25.000000 23.000000 28.000000
-15.246000 -18.821000 1.176000 169.000000 179.000000 189.000000
-15.246000 -18.749000 1.153000 30.000000 26.000000 23.000000
-15.243000 -18.902000 1.127000 20.000000 20.000000 20.000000
-15.244000 -18.869000 1.144000 26.000000 26.000000 26.000000
-15.246000 -18.762000 1.165000 178.000000 183.000000 189.000000
-15.241000 -18.850000 1.045000 26.000000 26.000000 24.000000
-15.246000 -18.696000 1.137000 25.000000 26.000000 30.000000
-15.243000 -18.829000 1.100000 133.000000 130.000000 175.000000
-15.246000 -18.685000 1.123000 28.000000 30.000000 29.000000
-15.245000 -18.716000 1.124000 28.000000 28.000000 28.000000
-15.242000 -18.842000 1.070000 42.000000 41.000000 59.000000
-15.243000 -18.907000 1.120000 20.000000 20.000000 20.000000
-15.245000 -18.820000 1.144000 31.000000 27.000000 26.000000
-15.244000 -18.745000 1.090000 175.000000 169.000000 155.000000
-15.244000 -18.940000 1.169000 182.000000 187.000000 193.000000
-15.243000 -18.947000 1.133000 154.000000 152.000000 137.000000
-15.245000 -18.777000 1.134000 25.000000 23.000000 28.000000
-15.242000 -18.904000 1.081000 22.000000 22.000000 22.000000
-15.246000 -18.683000 1.119000 27.000000 28.000000 30.000000
-15.247000 -18.764000 1.172000 168.000000 178.000000 188.000000
-15.246000 -18.751000 1.155000 30.000000 26.000000 25.000000
-15.245000 -18.761000 1.134000 28.000000 28.000000 28.000000
-15.244000 -18.854000 1.136000 26.000000 24.000000 25.000000
-15.244000 -18.751000 1.097000 62.000000 55.000000 36.000000
-15.245000 -18.868000 1.150000 31.000000 27.000000 26.000000
-15.242000 -18.867000 1.074000 34.000000 34.000000 34.000000
-15.247000 -18.768000 1.172000 169.000000 179.000000 189.000000
-15.245000 -18.737000 1.119000 40.000000 38.000000 39.000000
-15.243000 -18.838000 1.106000 32.000000 30.000000 52.000000
-15.241000 -18.863000 1.046000 26.000000 26.000000 26.000000
-15.240000 -18.945000 1.059000 152.000000 151.000000 146.000000
-15.240000 -18.900000 1.051000 21.000000 21.000000 21.000000
-15.244000 -18.915000 1.152000 22.000000 21.000000 19.000000
-15.244000 -18.894000 1.137000 19.000000 18.000000 23.000000
-15.245000 -18.689000 1.106000 30.000000 31.000000 33.000000
-15.243000 -18.791000 1.090000 121.000000 115.000000 203.000000
-15.241000 -18.938000 1.089000 178.000000 181.000000 186.000000
-15.243000 -18.855000 1.116000 44.000000 42.000000 43.000000
-15.245000 -18.699000 1.104000 25.000000 25.000000 25.000000
-15.242000 -18.873000 1.080000 35.000000 35.000000 35.000000
-15.241000 -18.875000 1.058000 28.000000 28.000000 28.000000
-15.244000 -18.874000 1.130000 32.000000 30.000000 31.000000
-15.242000 -18.863000 1.068000 31.000000 31.000000 31.000000
-15.242000 -18.824000 1.074000 117.000000 117.000000 153.000000
-15.247000 -18.707000 1.156000 27.000000 28.000000 23.000000
-15.244000 -18.915000 1.155000 20.000000 20.000000 22.000000
-15.243000 -18.835000 1.096000 144.000000 140.000000 191.000000
-15.245000 -18.760000 1.134000 30.000000 30.000000 30.000000
-15.245000 -18.844000 1.145000 26.000000 26.000000 26.000000
-15.244000 -18.797000 1.109000 105.000000 107.000000 155.000000
-15.243000 -18.896000 1.111000 20.000000 20.000000 20.000000
-15.245000 -18.857000 1.166000 181.000000 188.000000 194.000000
-15.245000 -18.826000 1.148000 29.000000 23.000000 23.000000
-15.247000 -18.690000 1.160000 111.000000 114.000000 119.000000
-15.244000 -18.771000 1.099000 167.000000 170.000000 151.000000
-15.245000 -18.858000 1.154000 25.000000 24.000000 20.000000
-15.243000 -18.834000 1.092000 148.000000 143.000000 199.000000
-15.246000 -18.758000 1.154000 31.000000 26.000000 23.000000
-15.246000 -18.680000 1.129000 27.000000 28.000000 30.000000
-15.248000 -18.666000 1.168000 172.000000 178.000000 178.000000
-15.241000 -18.879000 1.072000 33.000000 33.000000 33.000000
-15.243000 -18.900000 1.107000 20.000000 20.000000 20.000000
-15.247000 -18.755000 1.169000 169.000000 178.000000 185.000000
-15.240000 -18.900000 1.031000 21.000000 23.000000 22.000000
-15.240000 -18.920000 1.031000 25.000000 29.000000 32.000000
-15.240000 -18.945000 1.029000 148.000000 149.000000 144.000000
-15.240000 -18.938000 1.028000 176.000000 180.000000 183.000000
-15.240000 -18.940000 1.021000 176.000000 180.000000 183.000000
-15.240000 -18.919000 1.016000 29.000000 27.000000 28.000000
-15.240000 -18.911000 1.036000 22.000000 24.000000 19.000000
-15.240000 -18.941000 1.052000 147.000000 149.000000 148.000000
-15.240000 -18.944000 1.046000 150.000000 149.000000 144.000000
-15.240000 -18.908000 1.026000 28.000000 24.000000 23.000000
-15.240000 -18.941000 1.038000 146.000000 149.000000 142.000000
-15.240000 -18.945000 1.024000 149.000000 149.000000 147.000000
-15.240000 -18.926000 1.018000 44.000000 47.000000 54.000000
-15.240000 -18.947000 1.046000 160.000000 153.000000 143.000000
-15.240000 -18.945000 1.049000 149.000000 148.000000 143.000000
-15.240000 -18.934000 1.018000 187.000000 190.000000 195.000000
-15.240000 -18.908000 1.018000 30.000000 25.000000 22.000000
-15.240000 -18.946000 1.012000 150.000000 151.000000 145.000000
-15.240000 -18.926000 1.040000 31.000000 39.000000 41.000000
