-15.242000 -19.030000 0.944000 27.000000 27.000000 35.000000
-15.242000 -19.091000 0.907000 67.000000 64.000000 117.000000
-15.242000 -19.038000 0.938000 35.000000 29.000000 43.000000
-15.244000 -19.041000 0.883000 114.000000 113.000000 129.000000
-15.243000 -18.998000 0.922000 24.000000 27.000000 34.000000
-15.242000 -18.994000 0.943000 35.000000 38.000000 31.000000
-15.242000 -19.095000 0.904000 24.000000 28.000000 55.000000
-15.242000 -18.987000 0.941000 36.000000 36.000000 28.000000
-15.243000 -19.115000 0.885000 31.000000 35.000000 44.000000
-15.242000 -19.018000 0.934000 83.000000 88.000000 146.000000
-15.243000 -19.110000 0.893000 48.000000 51.000000 58.000000
-15.242000 -19.003000 0.928000 59.000000 61.000000 73.000000
-15.243000 -19.121000 0.889000 31.000000 34.000000 43.000000
-15.244000 -19.001000 0.898000 39.000000 41.000000 53.000000
-15.243000 -19.037000 0.903000 98.000000 115.000000 145.000000
-15.242000 -19.079000 0.917000 32.000000 29.000000 48.000000
-15.244000 -18.984000 0.884000 35.000000 33.000000 34.000000
-15.243000 -19.002000 0.899000 39.000000 41.000000 53.000000
-15.243000 -18.992000 0.907000 34.000000 37.000000 30.000000
-15.243000 -18.981000 0.916000 38.000000 34.000000 35.000000
-15.243000 -19.056000 0.906000 40.000000 35.000000 58.000000
-15.243000 -19.111000 0.890000 43.000000 48.000000 54.000000
-15.243000 -19.115000 0.888000 16.000000 20.000000 29.000000
-15.243000 -19.080000 0.902000 27.000000 29.000000 70.000000
-15.244000 -19.000000 0.897000 23.000000 26.000000 33.000000
-15.241000 -18.999000 0.955000 23.000000 32.000000 31.000000
-15.243000 -19.028000 0.903000 58.000000 74.000000 123.000000
-15.244000 -18.992000 0.896000 34.000000 40.000000 40.000000
-15.244000 -19.008000 0.884000 53.000000 56.000000 61.000000
-15.243000 -18.991000 0.924000 36.000000 38.000000 27.000000
-15.244000 -19.005000 0.882000 69.000000 72.000000 77.000000
-15.242000 -19.004000 0.940000 79.000000 90.000000 84.000000
-15.241000 -19.008000 0.956000 8.000000 18.000000 19.000000
-15.242000 -19.050000 0.917000 24.000000 25.000000 30.000000
-15.242000 -18.980000 0.947000 31.000000 35.000000 36.000000
-15.243000 -19.131000 0.886000 26.000000 29.000000 36.000000
-15.244000 -18.994000 0.879000 39.000000 39.000000 37.000000
-15.242000 -19.032000 0.923000 25.000000 30.000000 49.000000
-15.241000 -18.993000 0.966000 36.000000 33.000000 28.000000
-15.242000 -18.984000 0.940000 37.000000 36.000000 34.000000
-15.242000 -19.053000 0.933000 27.000000 28.000000 30.000000
-15.244000 -19.029000 0.890000 14.000000 18.000000 45.000000
-15.243000 -19.113000 0.890000 28.000000 33.000000 39.000000
-15.242000 -19.022000 0.934000 44.000000 50.000000 82.000000
-15.243000 -19.137000 0.881000 41.000000 46.000000 50.000000
-15.242000 -18.994000 0.954000 38.000000 35.000000 30.000000
-15.242000 -19.048000 0.917000 28.000000 28.000000 36.000000
-15.243000 -19.064000 0.888000 26.000000 25.000000 41.000000
-15.244000 -18.993000 0.883000 35.000000 37.000000 36.000000
-15.243000 -19.109000 0.894000 48.000000 51.000000 58.000000
-15.243000 -19.020000 0.904000 38.000000 43.000000 85.000000
-15.244000 -19.004000 0.894000 88.000000 92.000000 91.000000
-15.241000 -18.995000 0.960000 37.000000 39.000000 36.000000
-15.243000 -19.040000 0.891000 39.000000 39.000000 67.000000
-15.243000 -19.049000 0.906000 33.000000 31.000000 53.000000
-15.242000 -18.999000 0.931000 26.000000 29.000000 36.000000
-15.242000 -19.019000 0.939000 53.000000 60.000000 130.000000
-15.242000 -19.089000 0.911000 60.000000 54.000000 114.000000
-15.244000 -18.988000 0.887000 36.000000 36.000000 36.000000
-15.243000 -19.115000 0.896000 25.000000 25.000000 33.000000
-15.243000 -19.082000 0.906000 30.000000 26.000000 77.000000
-15.242000 -19.077000 0.918000 37.000000 37.000000 49.000000
-15.243000 -18.983000 0.930000 36.000000 35.000000 33.000000
-15.243000 -19.050000 0.901000 35.000000 29.000000 57.000000
-15.242000 -19.033000 0.925000 30.000000 29.000000 45.000000
-15.244000 -18.988000 0.882000 36.000000 34.000000 35.000000
-15.244000 -19.030000 0.891000 30.000000 34.000000 63.000000
-15.243000 -19.094000 0.887000 24.000000 32.000000 35.000000
-15.242000 -18.994000 0.934000 36.000000 39.000000 32.000000
-15.242000 -19.016000 0.927000 59.000000 61.000000 109.000000
-15.242000 -19.065000 0.924000 27.000000 28.000000 30.000000
-15.242000 -18.996000 0.931000 35.000000 37.000000 36.000000
-15.244000 -19.066000 0.878000 30.000000 32.000000 31.000000
-15.244000 -19.028000 0.888000 14.000000 18.000000 45.000000
-15.244000 -19.063000 0.880000 21.000000 24.000000 31.000000
-15.243000 -19.009000 0.908000 15.000000 23.000000 26.000000
-15.244000 -19.019000 0.879000 41.000000 45.000000 44.000000
-15.243000 -19.069000 0.894000 31.000000 26.000000 46.000000
-15.242000 -19.002000 0.932000 54.000000 56.000000 68.000000
-15.244000 -18.980000 0.880000 35.000000 31.000000 30.000000
-15.242000 -19.000000 0.945000 19.000000 22.000000 29.000000
-15.241000 -19.025000 0.948000 33.000000 35.000000 86.000000
-15.243000 -19.123000 0.892000 18.000000 18.000000 26.000000
-15.244000 -19.015000 0.886000 38.000000 43.000000 47.000000
-15.244000 -19.048000 0.887000 35.000000 34.000000 52.000000
-15.243000 -18.993000 0.906000 34.000000 37.000000 30.000000
-15.243000 -18.986000 0.905000 33.000000 33.000000 25.000000
-15.244000 -19.080000 0.880000 37.000000 41.000000 50.000000
-15.243000 -19.058000 0.901000 29.000000 30.000000 34.000000
-15.243000 -19.065000 0.885000 24.000000 26.000000 39.000000
-15.243000 -19.088000 0.888000 17.000000 21.000000 33.000000
-15.243000 -19.059000 0.893000 32.000000 30.000000 43.000000
-15.243000 -19.197000 0.973000 70.000000 79.000000 86.000000
-15.241000 -19.054000 0.982000 18.000000 28.000000 38.000000
-15.243000 -19.125000 0.903000 12.000000 21.000000 16.000000
-15.241000 -19.100000 1.025000 25.000000 43.000000 47.000000
-15.241000 -19.027000 1.035000 69.000000 50.000000 72.000000
-15.241000 -18.993000 1.008000 34.000000 36.000000 31.000000
-15.242000 -19.212000 1.044000 148.000000 159.000000 155.000000
-15.241000 -19.052000 1.051000 33.000000 30.000000 15.000000
-15.243000 -19.186000 0.953000 40.000000 37.000000 22.000000
-15.242000 -19.148000 0.967000 24.000000 26.000000 12.000000
-15.241000 -19.075000 1.052000 65.000000 59.000000 43.000000
-15.243000 -19.197000 0.958000 63.000000 58.000000 55.000000
-15.243000 -19.132000 0.922000 125.000000 119.000000 83.000000
-15.242000 -19.147000 1.008000 106.000000 127.000000 144.000000
-15.242000 -19.122000 1.044000 22.000000 29.000000 47.000000
-15.241000 -19.047000 1.029000 53.000000 33.000000 44.000000
-15.241000 -19.062000 1.040000 73.000000 53.000000 52.000000
-15.241000 -19.110000 1.058000 31.000000 34.000000 49.000000
-15.242000 -19.088000 0.992000 20.000000 34.000000 9.000000
-15.243000 -19.183000 0.914000 53.000000 47.000000 33.000000
-15.243000 -19.232000 1.004000 36.000000 41.000000 47.000000
-15.241000 -18.996000 0.988000 38.000000 40.000000 39.000000
-15.242000 -19.134000 1.019000 92.000000 114.000000 153.000000
-15.242000 -19.244000 1.064000 37.000000 40.000000 45.000000
-15.243000 -19.169000 0.895000 50.000000 38.000000 16.000000
-15.243000 -19.173000 0.969000 38.000000 38.000000 46.000000
-15.243000 -19.202000 0.898000 44.000000 42.000000 27.000000
-15.242000 -19.229000 1.067000 39.000000 39.000000 49.000000
-15.243000 -19.195000 0.994000 33.000000 39.000000 53.000000
-15.243000 -19.213000 0.994000 24.000000 22.000000 35.000000
-15.242000 -19.084000 0.942000 25.000000 34.000000 49.000000
-15.242000 -19.226000 1.039000 39.000000 37.000000 42.000000
-15.241000 -19.022000 1.063000 41.000000 58.000000 50.000000
-15.241000 -19.011000 1.046000 31.000000 37.000000 59.000000
-15.241000 -19.032000 1.026000 59.000000 44.000000 47.000000
-15.242000 -19.178000 0.999000 33.000000 42.000000 57.000000
-15.243000 -19.239000 0.982000 42.000000 37.000000 41.000000
-15.242000 -19.076000 0.937000 37.000000 35.000000 56.000000
-15.242000 -19.163000 1.039000 43.000000 36.000000 43.000000
-15.241000 -19.130000 1.058000 83.000000 99.000000 54.000000
-15.241000 -19.086000 1.044000 58.000000 61.000000 78.000000
-15.243000 -19.211000 0.964000 20.000000 25.000000 31.000000
-15.241000 -19.021000 1.004000 31.000000 39.000000 52.000000
-15.241000 -19.026000 1.036000 69.000000 50.000000 72.000000
-15.243000 -19.217000 0.957000 13.000000 16.000000 25.000000
-15.243000 -19.200000 0.976000 66.000000 75.000000 84.000000
-15.241000 -18.993000 1.020000 36.000000 37.000000 32.000000
-15.242000 -19.073000 0.989000 50.000000 50.000000 74.000000
-15.243000 -19.138000 0.906000 109.000000 99.000000 46.000000
-15.242000 -19.091000 0.993000 22.000000 25.000000 14.000000
-15.241000 -19.048000 0.991000 30.000000 34.000000 72.000000
-15.244000 -19.239000 0.897000 42.000000 37.000000 44.000000
-15.242000 -19.166000 0.966000 40.000000 40.000000 32.000000
-15.241000 -19.001000 0.977000 35.000000 46.000000 50.000000
-15.243000 -19.212000 0.894000 20.000000 21.000000 23.000000
-15.242000 -19.089000 0.980000 24.000000 31.000000 50.000000
-15.241000 -19.072000 1.008000 86.000000 77.000000 94.000000
-15.243000 -19.247000 1.017000 60.000000 63.000000 68.000000
-15.242000 -19.061000 0.930000 27.000000 25.000000 47.000000
-15.243000 -19.179000 0.932000 46.000000 43.000000 28.000000
-15.241000 -19.064000 1.025000 52.000000 41.000000 58.000000
-15.243000 -19.189000 0.897000 50.000000 38.000000 26.000000
-15.242000 -19.227000 1.055000 35.000000 40.000000 44.000000
-15.241000 -19.014000 1.041000 73.000000 79.000000 101.000000
-15.242000 -19.167000 1.025000 36.000000 34.000000 47.000000
-15.241000 -19.007000 1.033000 18.000000 25.000000 53.000000
-15.241000 -18.990000 0.971000 37.000000 32.000000 26.000000
-15.242000 -19.222000 1.049000 87.000000 97.000000 98.000000
-15.242000 -19.110000 0.971000 29.000000 39.000000 38.000000
-15.243000 -19.233000 0.994000 34.000000 41.000000 47.000000
-15.241000 -19.086000 1.034000 59.000000 49.000000 58.000000
-15.242000 -19.074000 0.991000 22.000000 21.000000 55.000000
-15.243000 -19.172000 0.952000 38.000000 31.000000 23.000000
-15.241000 -19.128000 1.056000 54.000000 69.000000 26.000000
-15.241000 -19.069000 1.013000 85.000000 73.000000 75.000000
-15.241000 -19.008000 1.056000 13.000000 23.000000 24.000000
-15.241000 -19.055000 1.022000 41.000000 29.000000 43.000000
-15.241000 -19.003000 1.024000 58.000000 58.000000 70.000000
-15.242000 -19.068000 0.981000 31.000000 40.000000 37.000000
-15.244000 -19.244000 0.904000 36.000000 34.000000 45.000000
-15.242000 -19.195000 1.046000 53.000000 52.000000 60.000000
-15.241000 -19.038000 0.959000 17.000000 19.000000 40.000000
-15.241000 -19.104000 1.061000 53.000000 65.000000 77.000000
-15.243000 -19.172000 0.898000 45.000000 41.000000 29.000000
-15.242000 -19.086000 0.932000 30.000000 36.000000 60.000000
-15.241000 -19.047000 1.051000 48.000000 31.000000 37.000000
-15.243000 -19.189000 0.908000 56.000000 46.000000 34.000000
-15.241000 -18.994000 0.996000 33.000000 39.000000 37.000000
-15.244000 -19.232000 0.890000 45.000000 44.000000 50.000000
-15.243000 -19.209000 0.905000 27.000000 24.000000 15.000000
-15.241000 -19.013000 1.050000 40.000000 54.000000 54.000000
-15.241000 -18.983000 1.001000 36.000000 38.000000 37.000000
-15.241000 -18.999000 0.979000 29.000000 37.000000 39.000000
-15.242000 -19.066000 0.954000 29.000000 28.000000 26.000000
-15.243000 -19.127000 0.904000 21.000000 24.000000 13.000000
-15.242000 -19.055000 0.976000 66.000000 76.000000 78.000000
-15.242000 -19.090000 0.918000 27.000000 27.000000 65.000000
-15.241000 -19.072000 1.028000 54.000000 36.000000 58.000000
-15.242000 -19.084000 0.989000 43.000000 53.000000 54.000000
-15.242000 -19.093000 0.934000 60.000000 79.000000 122.000000
-15.241000 -19.013000 1.025000 62.000000 59.000000 112.000000
-15.243000 -19.230000 0.904000 34.000000 39.000000 35.000000
-15.243000 -19.187000 0.902000 52.000000 40.000000 28.000000
-15.242000 -19.179000 0.996000 33.000000 42.000000 57.000000
-15.243000 -19.229000 0.974000 33.000000 34.000000 26.000000
-15.242000 -19.127000 0.953000 22.000000 24.000000 11.000000
-15.242000 -19.133000 0.994000 25.000000 31.000000 17.000000
-15.242000 -19.196000 1.039000 40.000000 42.000000 54.000000
-15.243000 -19.190000 0.899000 61.000000 48.000000 39.000000
-15.241000 -19.066000 1.069000 37.000000 40.000000 45.000000
-15.242000 -19.124000 0.930000 38.000000 44.000000 18.000000
-15.241000 -19.037000 1.029000 59.000000 38.000000 43.000000
-15.243000 -19.154000 0.945000 37.000000 37.000000 35.000000
-15.241000 -19.027000 1.014000 105.000000 111.000000 171.000000
-15.243000 -19.223000 0.982000 27.000000 29.000000 41.000000
-15.243000 -19.201000 0.888000 12.000000 12.000000 10.000000
-15.241000 -18.983000 0.986000 34.000000 34.000000 32.000000
-15.243000 -19.209000 0.959000 35.000000 38.000000 21.000000
-15.243000 -19.245000 0.952000 37.000000 41.000000 42.000000
-15.242000 -19.199000 1.033000 43.000000 46.000000 61.000000
-15.241000 -19.005000 1.011000 62.000000 69.000000 75.000000
-15.242000 -19.083000 0.967000 22.000000 30.000000 43.000000
-15.240000 -18.995000 1.054000 27.000000 32.000000 35.000000
-15.242000 -19.063000 0.941000 55.000000 54.000000 86.000000
-15.241000 -19.033000 0.974000 68.000000 77.000000 84.000000
-15.242000 -19.157000 0.986000 62.000000 70.000000 89.000000
-15.242000 -19.194000 1.037000 38.000000 34.000000 48.000000
-15.242000 -19.225000 1.028000 47.000000 48.000000 52.000000
-15.242000 -19.127000 1.028000 93.000000 113.000000 140.000000
-15.242000 -19.097000 0.965000 26.000000 26.000000 14.000000
-15.241000 -19.040000 1.012000 79.000000 76.000000 87.000000
-15.242000 -19.233000 1.037000 41.000000 38.000000 45.000000
-15.241000 -19.042000 1.045000 43.000000 22.000000 27.000000
-15.243000 -19.164000 0.915000 34.000000 27.000000 17.000000
-15.242000 -19.139000 0.962000 31.000000 30.000000 10.000000
-15.243000 -19.235000 0.963000 41.000000 40.000000 38.000000
-15.243000 -19.177000 0.882000 62.000000 72.000000 74.000000
-15.242000 -19.093000 0.955000 34.000000 49.000000 78.000000
-15.243000 -19.204000 0.981000 16.000000 27.000000 33.000000
-15.242000 -19.119000 0.985000 50.000000 53.000000 70.000000
-15.243000 -19.223000 1.005000 48.000000 55.000000 63.000000
-15.244000 -19.235000 0.886000 38.000000 36.000000 39.000000
-15.241000 -18.981000 0.978000 34.000000 38.000000 37.000000
-15.241000 -19.027000 1.004000 67.000000 72.000000 110.000000
-15.244000 -19.231000 0.894000 40.000000 39.000000 47.000000
-15.242000 -19.125000 0.973000 96.000000 102.000000 118.000000
-15.242000 -19.059000 0.959000 23.000000 21.000000 24.000000
-15.242000 -19.083000 0.953000 26.000000 34.000000 96.000000
-15.242000 -19.133000 1.037000 47.000000 62.000000 81.000000
-15.242000 -19.110000 0.973000 40.000000 50.000000 49.000000
-15.243000 -19.193000 0.908000 77.000000 64.000000 55.000000
-15.241000 -19.099000 1.053000 44.000000 82.000000 71.000000
-15.243000 -19.160000 0.926000 46.000000 39.000000 31.000000
-15.242000 -19.218000 1.046000 82.000000 92.000000 91.000000
-15.242000 -19.177000 1.060000 28.000000 26.000000 39.000000
-15.241000 -19.054000 1.043000 65.000000 45.000000 54.000000
-15.242000 -19.247000 1.067000 63.000000 67.000000 70.000000
-15.240000 -18.982000 1.060000 32.000000 37.000000 33.000000
-15.242000 -19.190000 1.007000 70.000000 80.000000 82.000000
-15.242000 -19.166000 1.067000 27.000000 27.000000 37.000000
-15.243000 -19.211000 0.978000 19.000000 27.000000 38.000000
-15.241000 -19.132000 1.059000 83.000000 99.000000 54.000000
-15.243000 -19.229000 0.980000 39.000000 40.000000 35.000000
-15.243000 -19.239000 0.918000 44.000000 39.000000 43.000000
-15.242000 -19.148000 1.030000 38.000000 43.000000 46.000000
-15.242000 -19.094000 1.007000 30.000000 40.000000 42.000000
-15.241000 -19.016000 1.005000 15.000000 22.000000 28.000000
-15.243000 -19.242000 0.989000 46.000000 42.000000 43.000000
-15.242000 -19.144000 1.002000 105.000000 122.000000 129.000000
-15.241000 -19.117000 1.045000 55.000000 57.000000 78.000000
-15.241000 -19.026000 0.972000 75.000000 81.000000 93.000000
-15.243000 -19.144000 0.899000 78.000000 70.000000 51.000000
-15.243000 -19.167000 0.880000 25.000000 33.000000 35.000000
-15.242000 -19.095000 0.978000 27.000000 28.000000 48.000000
-15.243000 -19.204000 0.881000 43.000000 42.000000 50.000000
-15.241000 -19.038000 1.064000 47.000000 41.000000 53.000000
-15.242000 -19.123000 1.000000 23.000000 29.000000 41.000000
-15.243000 -19.165000 0.927000 41.000000 37.000000 28.000000
-15.243000 -19.141000 0.929000 89.000000 78.000000 50.000000
-15.243000 -19.242000 0.932000 44.000000 35.000000 40.000000
-15.242000 -19.179000 0.980000 27.000000 38.000000 44.000000
-15.243000 -19.176000 0.882000 62.000000 72.000000 74.000000
-15.241000 -18.989000 0.996000 33.000000 38.000000 31.000000
-15.243000 -19.168000 0.885000 83.000000 93.000000 95.000000
-15.243000 -19.160000 0.880000 26.000000 34.000000 37.000000
-15.243000 -19.153000 0.925000 59.000000 53.000000 39.000000
-15.242000 -19.086000 0.989000 41.000000 53.000000 43.000000
-15.243000 -19.128000 0.902000 24.000000 29.000000 22.000000
-15.243000 -19.223000 0.931000 60.000000 60.000000 84.000000
-15.242000 -19.177000 1.028000 34.000000 36.000000 49.000000
-15.241000 -19.005000 1.027000 70.000000 77.000000 96.000000
-15.243000 -19.186000 0.885000 40.000000 48.000000 51.000000
-15.242000 -19.076000 0.984000 74.000000 80.000000 92.000000
-15.241000 -19.081000 1.025000 59.000000 35.000000 59.000000
-15.241000 -19.132000 1.068000 25.000000 32.000000 42.000000
-15.243000 -19.232000 0.955000 38.000000 38.000000 40.000000
-15.243000 -19.231000 1.032000 42.000000 39.000000 46.000000
-15.241000 -19.025000 1.023000 51.000000 44.000000 75.000000
-15.243000 -19.218000 0.977000 89.000000 94.000000 114.000000
-15.243000 -19.123000 0.903000 38.000000 47.000000 52.000000
-15.241000 -19.061000 1.040000 73.000000 53.000000 52.000000
-15.241000 -19.008000 0.993000 20.000000 11.000000 38.000000
-15.242000 -19.162000 1.043000 37.000000 30.000000 38.000000
-15.241000 -18.984000 1.030000 35.000000 35.000000 35.000000
-15.243000 -19.226000 1.019000 40.000000 43.000000 48.000000
-15.241000 -19.060000 1.043000 94.000000 71.000000 77.000000
-15.241000 -19.020000 0.963000 19.000000 24.000000 44.000000
-15.242000 -19.176000 0.993000 34.000000 44.000000 56.000000
-15.243000 -19.191000 0.904000 77.000000 64.000000 55.000000
-15.242000 -19.212000 1.019000 60.000000 69.000000 68.000000
-15.242000 -19.135000 0.958000 28.000000 28.000000 20.000000
-15.242000 -19.100000 0.998000 15.000000 21.000000 37.000000
-15.243000 -19.218000 0.999000 52.000000 52.000000 62.000000
-15.243000 -19.145000 0.904000 96.000000 92.000000 57.000000
-15.242000 -19.062000 0.975000 64.000000 72.000000 75.000000
-15.243000 -19.196000 0.895000 57.000000 57.000000 45.000000
-15.241000 -18.995000 1.017000 33.000000 35.000000 34.000000
-15.244000 -19.232000 0.882000 34.000000 34.000000 36.000000
-15.241000 -19.005000 1.030000 66.000000 74.000000 93.000000
-15.242000 -19.133000 1.052000 115.000000 130.000000 109.000000
-15.243000 -19.231000 0.916000 34.000000 38.000000 41.000000
-15.241000 -19.126000 1.063000 21.000000 29.000000 16.000000
-15.243000 -19.162000 0.883000 87.000000 97.000000 99.000000
-15.241000 -19.032000 1.022000 49.000000 43.000000 57.000000
-15.242000 -19.174000 1.044000 82.000000 81.000000 79.000000
-15.241000 -19.000000 1.029000 21.000000 24.000000 29.000000
-15.243000 -19.165000 0.942000 40.000000 35.000000 31.000000
-15.241000 -19.014000 1.031000 77.000000 72.000000 126.000000
-15.242000 -19.135000 0.932000 93.000000 81.000000 43.000000
-15.243000 -19.172000 0.962000 54.000000 46.000000 44.000000
-15.242000 -19.193000 1.049000 56.000000 61.000000 55.000000
-15.243000 -19.218000 0.966000 13.000000 18.000000 37.000000
-15.241000 -19.040000 1.039000 52.000000 32.000000 41.000000
-15.243000 -19.126000 0.914000 11.000000 19.000000 8.000000
-15.242000 -19.112000 0.935000 27.000000 30.000000 37.000000
-15.242000 -19.147000 0.959000 76.000000 68.000000 65.000000
-15.242000 -19.221000 1.033000 89.000000 95.000000 95.000000
-15.241000 -19.059000 1.048000 67.000000 55.000000 43.000000
-15.242000 -19.109000 0.964000 37.000000 47.000000 48.000000
-15.243000 -19.218000 0.998000 46.000000 46.000000 58.000000
-15.242000 -19.208000 1.057000 97.000000 107.000000 98.000000
-15.243000 -19.216000 0.992000 12.000000 19.000000 27.000000
-15.242000 -19.108000 0.955000 95.000000 101.000000 123.000000
-15.242000 -19.129000 0.932000 99.000000 102.000000 55.000000
-15.242000 -19.140000 1.014000 99.000000 120.000000 149.000000
-15.242000 -19.074000 0.961000 32.000000 33.000000 54.000000
-15.243000 -19.240000 0.985000 42.000000 38.000000 39.000000
-15.243000 -19.163000 0.926000 41.000000 37.000000 28.000000
-15.242000 -19.063000 0.948000 24.000000 24.000000 34.000000
-15.242000 -19.048000 0.941000 22.000000 27.000000 21.000000
-15.241000 -19.016000 0.995000 22.000000 26.000000 3.000000
-15.243000 -19.205000 0.921000 64.000000 56.000000 35.000000
-15.243000 -19.150000 0.910000 146.000000 136.000000 111.000000
-15.243000 -19.176000 0.962000 49.000000 41.000000 38.000000
-15.242000 -19.143000 1.014000 149.000000 170.000000 197.000000
-15.242000 -19.193000 0.996000 33.000000 39.000000 53.000000
-15.241000 -19.055000 1.062000 54.000000 42.000000 52.000000
-15.243000 -19.152000 0.922000 57.000000 50.000000 34.000000
-15.242000 -19.051000 0.937000 29.000000 32.000000 25.000000
-15.242000 -19.170000 1.032000 37.000000 33.000000 47.000000
-15.243000 -19.176000 0.883000 62.000000 72.000000 74.000000
-15.242000 -19.074000 0.924000 28.000000 29.000000 24.000000
-15.243000 -19.223000 0.977000 42.000000 45.000000 52.000000
-15.242000 -19.091000 0.956000 49.000000 60.000000 114.000000
-15.242000 -19.207000 1.052000 143.000000 153.000000 142.000000
-15.242000 -19.097000 0.926000 54.000000 63.000000 130.000000
-15.242000 -19.196000 1.004000 88.000000 105.000000 97.000000
-15.243000 -19.218000 0.960000 13.000000 16.000000 25.000000
-15.241000 -19.017000 0.982000 15.000000 24.000000 33.000000
-15.242000 -19.066000 0.956000 29.000000 28.000000 26.000000
-15.240000 -19.008000 1.064000 10.000000 15.000000 19.000000
-15.243000 -19.226000 1.020000 42.000000 43.000000 48.000000
-15.243000 -19.172000 0.942000 45.000000 41.000000 30.000000
-15.242000 -19.095000 1.007000 30.000000 40.000000 42.000000
-15.242000 -19.079000 0.993000 26.000000 30.000000 42.000000
-15.241000 -19.001000 0.976000 35.000000 46.000000 50.000000
-15.241000 -19.010000 0.980000 24.000000 30.000000 28.000000
-15.241000 -19.037000 1.019000 36.000000 28.000000 39.000000
-15.243000 -19.231000 0.906000 34.000000 39.000000 35.000000
-15.242000 -19.151000 1.031000 37.000000 41.000000 44.000000
-15.242000 -19.152000 0.982000 15.000000 25.000000 34.000000
-15.241000 -19.023000 1.026000 54.000000 43.000000 83.000000
-15.242000 -19.103000 0.928000 28.000000 37.000000 94.000000
-15.241000 -19.041000 1.023000 51.000000 35.000000 45.000000
-15.242000 -19.132000 1.050000 120.000000 138.000000 122.000000
-15.243000 -19.197000 0.988000 51.000000 59.000000 78.000000
-15.242000 -19.168000 1.011000 79.000000 83.000000 92.000000
-15.243000 -19.142000 0.925000 57.000000 47.000000 35.000000
-15.243000 -19.229000 0.908000 34.000000 39.000000 35.000000
-15.241000 -19.132000 1.066000 23.000000 33.000000 25.000000
-15.243000 -19.200000 0.889000 12.000000 12.000000 10.000000
-15.242000 -19.245000 1.063000 37.000000 40.000000 45.000000
-15.241000 -19.008000 0.990000 4.000000 13.000000 22.000000
-15.241000 -19.062000 0.998000 48.000000 40.000000 55.000000
-15.243000 -19.213000 0.986000 70.000000 79.000000 84.000000
-15.242000 -19.175000 1.011000 39.000000 48.000000 53.000000
-15.241000 -19.068000 1.033000 58.000000 40.000000 64.000000
-15.242000 -19.159000 0.986000 62.000000 70.000000 89.000000
-15.242000 -19.184000 1.023000 31.000000 38.000000 46.000000
-15.241000 -19.034000 0.954000 23.000000 26.000000 41.000000
-15.243000 -19.238000 0.963000 37.000000 32.000000 38.000000
-15.241000 -19.060000 1.020000 50.000000 36.000000 49.000000
-15.242000 -19.184000 1.017000 109.000000 119.000000 121.000000
-15.241000 -19.122000 1.063000 23.000000 27.000000 30.000000
-15.242000 -19.063000 0.946000 34.000000 34.000000 46.000000
-15.243000 -19.196000 0.973000 70.000000 79.000000 86.000000
-15.242000 -19.088000 0.973000 70.000000 76.000000 74.000000
-15.242000 -19.146000 0.993000 45.000000 57.000000 57.000000
-15.242000 -19.137000 1.035000 57.000000 67.000000 79.000000
-15.241000 -19.013000 1.002000 17.000000 22.000000 26.000000
-15.242000 -19.113000 1.020000 23.000000 29.000000 43.000000
-15.243000 -19.186000 0.883000 74.000000 83.000000 88.000000
-15.243000 -19.175000 0.894000 54.000000 41.000000 22.000000
-15.242000 -19.205000 1.053000 127.000000 138.000000 124.000000
-15.242000 -19.108000 0.904000 79.000000 78.000000 110.000000
-15.242000 -19.216000 1.059000 30.000000 38.000000 40.000000
-15.242000 -19.084000 1.005000 55.000000 56.000000 77.000000
-15.242000 -19.112000 0.997000 25.000000 35.000000 37.000000
-15.242000 -19.173000 0.998000 38.000000 45.000000 61.000000
-15.242000 -19.095000 0.993000 30.000000 31.000000 25.000000
-15.241000 -19.101000 1.035000 51.000000 77.000000 90.000000
-15.241000 -19.085000 1.047000 60.000000 75.000000 70.000000
-15.242000 -19.212000 1.045000 148.000000 159.000000 155.000000
-15.242000 -19.164000 1.032000 32.000000 29.000000 38.000000
-15.243000 -19.209000 0.962000 24.000000 27.000000 18.000000
-15.241000 -19.009000 1.010000 8.000000 15.000000 25.000000
-15.241000 -19.053000 1.017000 61.000000 45.000000 56.000000
-15.241000 -19.087000 1.020000 50.000000 33.000000 69.000000
-15.243000 -19.231000 0.936000 34.000000 33.000000 47.000000
-15.242000 -19.107000 0.977000 53.000000 62.000000 71.000000
-15.243000 -19.141000 0.896000 54.000000 49.000000 43.000000
-15.243000 -19.148000 0.921000 59.000000 52.000000 34.000000
-15.242000 -19.175000 0.999000 27.000000 35.000000 48.000000
-15.241000 -19.021000 1.040000 81.000000 65.000000 114.000000
-15.243000 -19.181000 0.949000 39.000000 34.000000 28.000000
-15.242000 -19.225000 1.067000 43.000000 45.000000 58.000000
-15.241000 -19.042000 1.054000 57.000000 33.000000 46.000000
-15.241000 -19.118000 1.067000 69.000000 71.000000 86.000000
-15.241000 -19.021000 1.042000 63.000000 69.000000 81.000000
-15.242000 -19.059000 0.935000 32.000000 33.000000 54.000000
-15.242000 -19.112000 0.947000 25.000000 34.000000 33.000000
-15.243000 -19.230000 1.000000 31.000000 40.000000 49.000000
-15.243000 -19.193000 0.979000 29.000000 36.000000 42.000000
-15.242000 -19.179000 0.995000 35.000000 44.000000 61.000000
-15.241000 -19.040000 1.066000 55.000000 55.000000 67.000000
-15.242000 -19.109000 0.961000 42.000000 52.000000 54.000000
-15.243000 -19.128000 0.913000 43.000000 45.000000 21.000000
-15.241000 -19.008000 1.026000 8.000000 13.000000 42.000000
-15.243000 -19.233000 0.966000 37.000000 38.000000 32.000000
-15.242000 -19.137000 1.000000 54.000000 65.000000 59.000000
-15.242000 -19.177000 1.042000 71.000000 64.000000 71.000000
-15.241000 -19.015000 0.957000 26.000000 31.000000 61.000000
-15.241000 -19.058000 1.010000 57.000000 38.000000 60.000000
-15.243000 -19.245000 1.026000 37.000000 40.000000 47.000000
-15.241000 -19.066000 1.029000 48.000000 33.000000 54.000000
-15.242000 -19.176000 0.990000 34.000000 44.000000 56.000000
-15.241000 -19.035000 1.055000 57.000000 36.000000 45.000000
-15.242000 -19.171000 1.010000 39.000000 43.000000 52.000000
-15.241000 -19.105000 1.058000 50.000000 64.000000 75.000000
-15.242000 -19.124000 0.943000 22.000000 24.000000 21.000000
-15.241000 -19.049000 1.009000 56.000000 45.000000 59.000000
-15.243000 -19.170000 0.935000 49.000000 45.000000 36.000000
-15.241000 -19.059000 0.993000 51.000000 45.000000 55.000000
-15.241000 -19.015000 0.976000 54.000000 60.000000 60.000000
-15.241000 -19.053000 1.050000 33.000000 30.000000 15.000000
-15.241000 -19.071000 1.045000 72.000000 43.000000 39.000000
-15.244000 -19.224000 0.891000 87.000000 90.000000 99.000000
-15.243000 -19.210000 1.004000 37.000000 39.000000 38.000000
-15.243000 -19.173000 0.919000 46.000000 42.000000 30.000000
-15.242000 -19.067000 0.950000 22.000000 21.000000 27.000000
-15.241000 -19.104000 1.047000 36.000000 60.000000 62.000000
-15.242000 -19.102000 1.003000 16.000000 23.000000 33.000000
-15.243000 -19.243000 0.983000 34.000000 29.000000 36.000000
-15.243000 -19.198000 0.892000 41.000000 41.000000 33.000000
-15.242000 -19.148000 1.029000 46.000000 54.000000 57.000000
-15.241000 -19.006000 0.960000 13.000000 22.000000 19.000000
-15.241000 -18.998000 0.986000 25.000000 33.000000 36.000000
-15.242000 -19.177000 1.039000 46.000000 44.000000 55.000000
-15.243000 -19.220000 0.990000 96.000000 97.000000 115.000000
-15.241000 -19.071000 1.012000 99.000000 88.000000 84.000000
-15.242000 -19.172000 1.042000 72.000000 66.000000 70.000000
-15.243000 -19.216000 0.985000 66.000000 72.000000 84.000000
-15.243000 -19.126000 0.892000 10.000000 9.000000 15.000000
-15.243000 -19.239000 0.996000 41.000000 42.000000 44.000000
-15.242000 -19.138000 1.062000 65.000000 73.000000 62.000000
-15.243000 -19.215000 0.912000 29.000000 26.000000 21.000000
-15.243000 -19.149000 0.912000 118.000000 110.000000 87.000000
-15.243000 -19.227000 0.931000 28.000000 29.000000 50.000000
-15.243000 -19.160000 0.950000 41.000000 38.000000 31.000000
-15.241000 -19.073000 0.997000 63.000000 58.000000 90.000000
-15.242000 -19.205000 1.043000 165.000000 174.000000 169.000000
-15.242000 -19.114000 1.014000 43.000000 51.000000 62.000000
-15.241000 -19.026000 1.063000 69.000000 84.000000 79.000000
-15.243000 -19.221000 0.924000 72.000000 71.000000 85.000000
-15.242000 -19.082000 0.919000 27.000000 24.000000 41.000000
-15.242000 -19.219000 1.059000 58.000000 66.000000 69.000000
-15.242000 -19.133000 1.032000 36.000000 52.000000 75.000000
-15.243000 -19.165000 0.883000 93.000000 103.000000 105.000000
-15.240000 -19.015000 1.067000 11.000000 26.000000 23.000000
-15.243000 -19.127000 0.903000 21.000000 24.000000 13.000000
-15.242000 -19.119000 0.962000 79.000000 84.000000 104.000000
-15.242000 -19.120000 0.934000 72.000000 74.000000 95.000000
-15.241000 -19.078000 1.063000 96.000000 93.000000 100.000000
-15.242000 -19.147000 0.979000 28.000000 35.000000 53.000000
-15.242000 -19.086000 0.975000 68.000000 77.000000 84.000000
-15.242000 -19.152000 0.990000 28.000000 37.000000 44.000000
-15.241000 -19.046000 1.044000 37.000000 29.000000 26.000000
-15.241000 -19.071000 1.032000 57.000000 37.000000 64.000000
-15.241000 -19.041000 1.011000 79.000000 76.000000 87.000000
-15.243000 -19.215000 0.892000 13.000000 16.000000 23.000000
-15.241000 -18.989000 0.973000 38.000000 33.000000 27.000000
-15.242000 -19.071000 0.971000 20.000000 24.000000 53.000000
-15.241000 -19.061000 1.065000 38.000000 33.000000 40.000000
-15.241000 -19.001000 0.980000 21.000000 32.000000 38.000000
-15.243000 -19.164000 0.901000 56.000000 50.000000 36.000000
-15.241000 -19.073000 1.008000 86.000000 77.000000 94.000000
-15.242000 -19.172000 1.022000 27.000000 31.000000 42.000000
-15.242000 -19.137000 0.977000 84.000000 93.000000 92.000000
-15.241000 -18.996000 1.015000 32.000000 34.000000 33.000000
-15.243000 -19.214000 1.002000 18.000000 19.000000 23.000000
-15.242000 -19.094000 0.947000 150.000000 176.000000 253.000000
-15.242000 -19.172000 0.979000 27.000000 38.000000 44.000000
-15.243000 -19.187000 0.913000 91.000000 81.000000 71.000000
-15.243000 -19.220000 0.919000 94.000000 93.000000 109.000000
-15.242000 -19.153000 0.953000 48.000000 50.000000 29.000000
-15.243000 -19.221000 0.955000 100.000000 102.000000 115.000000
-15.241000 -19.019000 0.999000 25.000000 31.000000 29.000000
-15.243000 -19.229000 0.908000 34.000000 39.000000 35.000000
-15.243000 -19.199000 0.887000 36.000000 36.000000 38.000000
-15.240000 -18.993000 1.050000 34.000000 38.000000 37.000000
-15.242000 -19.129000 0.948000 33.000000 34.000000 18.000000
-15.242000 -19.090000 0.961000 33.000000 34.000000 80.000000
-15.241000 -19.068000 1.013000 85.000000 73.000000 75.000000
-15.243000 -19.245000 1.047000 31.000000 36.000000 40.000000
-15.243000 -19.233000 0.913000 42.000000 45.000000 38.000000
-15.241000 -19.032000 1.003000 66.000000 70.000000 107.000000
-15.242000 -19.119000 0.921000 111.000000 114.000000 119.000000
-15.241000 -19.002000 1.047000 60.000000 63.000000 68.000000
-15.244000 -19.242000 0.911000 46.000000 38.000000 53.000000
-15.242000 -19.080000 0.929000 35.000000 33.000000 46.000000
-15.242000 -19.068000 0.946000 24.000000 22.000000 35.000000
-15.242000 -19.137000 0.963000 28.000000 29.000000 21.000000
-15.243000 -19.229000 0.971000 39.000000 42.000000 33.000000
-15.243000 -19.208000 0.953000 52.000000 53.000000 19.000000
-15.242000 -19.094000 0.959000 31.000000 41.000000 51.000000
-15.241000 -19.096000 1.025000 72.000000 76.000000 103.000000
-15.243000 -19.215000 0.934000 81.000000 84.000000 53.000000
-15.242000 -19.154000 0.966000 59.000000 60.000000 42.000000
