-14.854000 -20.193000 0.024000 90.000000 81.000000 72.000000
-14.853000 -20.194000 0.025000 90.000000 81.000000 72.000000
-14.848000 -20.201000 0.027000 110.000000 106.000000 97.000000
-14.805000 -20.222000 0.021000 148.000000 141.000000 115.000000
-14.830000 -20.209000 0.024000 98.000000 94.000000 83.000000
-14.793000 -20.232000 0.022000 152.000000 144.000000 125.000000
-14.866000 -20.195000 0.031000 70.000000 64.000000 50.000000
-14.848000 -20.206000 0.030000 105.000000 98.000000 88.000000
-14.826000 -20.216000 0.027000 96.000000 92.000000 81.000000
-14.843000 -20.205000 0.027000 98.000000 94.000000 85.000000
-14.799000 -20.232000 0.025000 147.000000 140.000000 124.000000
-14.820000 -20.213000 0.022000 94.000000 90.000000 78.000000
-14.798000 -20.232000 0.025000 147.000000 140.000000 124.000000
-14.840000 -20.201000 0.023000 100.000000 95.000000 89.000000
-14.804000 -20.225000 0.023000 143.000000 137.000000 115.000000
-14.851000 -20.194000 0.023000 102.000000 93.000000 84.000000
-14.860000 -20.207000 0.036000 78.000000 66.000000 52.000000
-14.821000 -20.220000 0.028000 96.000000 92.000000 80.000000
-14.856000 -20.192000 0.024000 78.000000 69.000000 60.000000
-14.927000 -20.191000 0.065000 25.000000 18.000000 8.000000
-14.901000 -20.211000 0.065000 68.000000 59.000000 44.000000
-14.918000 -20.156000 0.033000 27.000000 20.000000 12.000000
-14.894000 -20.217000 0.065000 75.000000 66.000000 49.000000
-14.885000 -20.179000 0.030000 56.000000 48.000000 35.000000
-14.888000 -20.180000 0.032000 39.000000 31.000000 18.000000
-14.934000 -20.167000 0.051000 23.000000 19.000000 10.000000
-14.957000 -20.213000 0.101000 40.000000 31.000000 16.000000
-14.967000 -20.221000 0.113000 41.000000 32.000000 17.000000
-14.958000 -20.159000 0.060000 20.000000 15.000000 9.000000
-14.990000 -20.227000 0.132000 47.000000 35.000000 19.000000
-14.916000 -20.196000 0.062000 23.000000 17.000000 3.000000
-14.917000 -20.201000 0.067000 23.000000 15.000000 2.000000
-14.917000 -20.189000 0.057000 24.000000 18.000000 6.000000
-14.922000 -20.137000 0.021000 28.000000 18.000000 16.000000
-14.982000 -20.191000 0.099000 43.000000 31.000000 15.000000
-14.905000 -20.192000 0.052000 24.000000 18.000000 4.000000
-14.916000 -20.223000 0.083000 48.000000 40.000000 29.000000
-14.897000 -20.177000 0.036000 28.000000 19.000000 10.000000
-14.941000 -20.229000 0.103000 39.000000 29.000000 17.000000
-14.953000 -20.182000 0.075000 43.000000 36.000000 28.000000
-14.919000 -20.150000 0.029000 30.000000 23.000000 17.000000
-14.962000 -20.225000 0.113000 39.000000 30.000000 15.000000
-14.923000 -20.173000 0.049000 25.000000 19.000000 5.000000
-14.940000 -20.154000 0.045000 20.000000 17.000000 12.000000
-14.879000 -20.218000 0.056000 71.000000 64.000000 46.000000
-14.898000 -20.216000 0.066000 75.000000 66.000000 51.000000
-14.888000 -20.203000 0.051000 82.000000 73.000000 56.000000
-14.937000 -20.192000 0.072000 21.000000 12.000000 3.000000
-14.919000 -20.169000 0.043000 29.000000 23.000000 9.000000
-14.888000 -20.189000 0.039000 59.000000 52.000000 36.000000
-14.962000 -20.144000 0.051000 24.000000 16.000000 14.000000
-14.937000 -20.193000 0.073000 21.000000 12.000000 3.000000
-14.901000 -20.172000 0.035000 30.000000 21.000000 12.000000
-14.916000 -20.220000 0.081000 47.000000 39.000000 28.000000
-14.937000 -20.148000 0.038000 24.000000 20.000000 9.000000
-14.927000 -20.227000 0.093000 34.000000 24.000000 12.000000
-14.944000 -20.181000 0.068000 23.000000 16.000000 6.000000
-14.975000 -20.194000 0.097000 45.000000 33.000000 19.000000
-14.890000 -20.169000 0.025000 26.000000 18.000000 7.000000
-14.947000 -20.203000 0.087000 41.000000 33.000000 22.000000
-14.935000 -20.205000 0.081000 22.000000 13.000000 4.000000
-14.952000 -20.231000 0.112000 40.000000 31.000000 16.000000
-14.934000 -20.184000 0.064000 25.000000 18.000000 10.000000
-14.903000 -20.210000 0.065000 55.000000 46.000000 31.000000
-14.923000 -20.141000 0.025000 28.000000 19.000000 14.000000
-14.959000 -20.221000 0.108000 40.000000 31.000000 16.000000
-14.929000 -20.135000 0.023000 23.000000 19.000000 16.000000
-14.968000 -20.171000 0.076000 40.000000 28.000000 14.000000
-14.890000 -20.203000 0.052000 82.000000 73.000000 56.000000
-14.996000 -20.238000 0.144000 48.000000 36.000000 22.000000
-14.963000 -20.184000 0.083000 39.000000 29.000000 19.000000
-14.954000 -20.182000 0.075000 42.000000 35.000000 25.000000
-14.921000 -20.200000 0.068000 24.000000 16.000000 5.000000
-14.913000 -20.181000 0.049000 27.000000 20.000000 4.000000
-14.959000 -20.191000 0.085000 38.000000 30.000000 19.000000
-14.885000 -20.197000 0.044000 78.000000 72.000000 56.000000
-14.945000 -20.167000 0.059000 22.000000 17.000000 11.000000
-14.945000 -20.165000 0.057000 20.000000 17.000000 10.000000
-14.923000 -20.190000 0.062000 24.000000 17.000000 7.000000
-14.915000 -20.198000 0.063000 23.000000 17.000000 3.000000
-14.921000 -20.152000 0.032000 27.000000 20.000000 12.000000
-14.951000 -20.200000 0.087000 34.000000 26.000000 13.000000
-14.898000 -20.159000 0.023000 29.000000 22.000000 12.000000
-14.941000 -20.221000 0.097000 37.000000 27.000000 15.000000
-14.951000 -20.196000 0.084000 46.000000 38.000000 27.000000
-14.906000 -20.212000 0.068000 45.000000 35.000000 23.000000
-14.923000 -20.206000 0.074000 26.000000 18.000000 7.000000
-14.981000 -20.237000 0.133000 44.000000 35.000000 18.000000
-14.890000 -20.215000 0.061000 71.000000 62.000000 45.000000
-14.971000 -20.167000 0.074000 44.000000 32.000000 18.000000
-14.885000 -20.216000 0.059000 72.000000 63.000000 46.000000
-14.979000 -20.198000 0.103000 44.000000 32.000000 18.000000
-14.930000 -20.182000 0.060000 26.000000 19.000000 11.000000
-14.986000 -20.212000 0.117000 43.000000 34.000000 17.000000
-14.934000 -20.139000 0.030000 24.000000 20.000000 9.000000
-14.904000 -20.223000 0.075000 72.000000 64.000000 51.000000
-14.971000 -20.212000 0.109000 45.000000 33.000000 19.000000
-14.931000 -20.166000 0.049000 22.000000 18.000000 7.000000
-14.968000 -20.197000 0.095000 42.000000 32.000000 20.000000
-14.904000 -20.206000 0.062000 43.000000 34.000000 19.000000
-14.942000 -20.175000 0.062000 24.000000 17.000000 9.000000
-14.920000 -20.184000 0.055000 23.000000 16.000000 6.000000
-14.906000 -20.172000 0.038000 28.000000 20.000000 9.000000
-14.894000 -20.194000 0.047000 56.000000 47.000000 32.000000
-14.931000 -20.215000 0.086000 30.000000 20.000000 10.000000
-14.957000 -20.207000 0.096000 37.000000 27.000000 15.000000
-14.965000 -20.222000 0.113000 40.000000 31.000000 16.000000
-14.991000 -20.236000 0.140000 46.000000 34.000000 20.000000
-14.956000 -20.156000 0.057000 21.000000 16.000000 10.000000
-14.865000 -20.202000 0.036000 73.000000 66.000000 50.000000
-14.924000 -20.142000 0.026000 28.000000 19.000000 14.000000
-14.967000 -20.204000 0.100000 43.000000 31.000000 17.000000
-14.863000 -20.217000 0.046000 74.000000 67.000000 51.000000
-14.956000 -20.185000 0.079000 40.000000 31.000000 22.000000
-14.940000 -20.200000 0.080000 21.000000 12.000000 3.000000
-14.866000 -20.213000 0.044000 78.000000 69.000000 52.000000
-14.895000 -20.169000 0.028000 25.000000 16.000000 7.000000
-14.946000 -20.203000 0.086000 42.000000 34.000000 23.000000
-14.981000 -20.214000 0.116000 44.000000 32.000000 18.000000
-14.970000 -20.180000 0.084000 43.000000 31.000000 17.000000
-14.975000 -20.170000 0.078000 44.000000 32.000000 18.000000
-14.893000 -20.198000 0.049000 63.000000 54.000000 39.000000
-14.868000 -20.205000 0.039000 78.000000 71.000000 55.000000
-14.961000 -20.214000 0.104000 40.000000 31.000000 16.000000
-14.861000 -20.214000 0.042000 77.000000 65.000000 49.000000
-14.939000 -20.146000 0.038000 25.000000 21.000000 10.000000
-14.939000 -20.193000 0.074000 21.000000 12.000000 3.000000
-14.922000 -20.184000 0.057000 25.000000 18.000000 10.000000
-14.918000 -20.149000 0.028000 30.000000 23.000000 17.000000
-14.965000 -20.227000 0.117000 39.000000 30.000000 13.000000
-14.932000 -20.218000 0.089000 36.000000 26.000000 16.000000
-14.958000 -20.173000 0.071000 43.000000 34.000000 25.000000
-14.962000 -20.203000 0.096000 40.000000 32.000000 19.000000
-14.893000 -20.174000 0.032000 23.000000 14.000000 5.000000
-14.874000 -20.214000 0.050000 73.000000 66.000000 50.000000
-14.962000 -20.194000 0.089000 37.000000 29.000000 18.000000
-14.966000 -20.188000 0.087000 37.000000 27.000000 15.000000
-14.949000 -20.168000 0.061000 24.000000 17.000000 11.000000
-14.984000 -20.237000 0.136000 43.000000 34.000000 17.000000
-14.937000 -20.184000 0.066000 26.000000 19.000000 11.000000
-14.952000 -20.172000 0.066000 23.000000 16.000000 8.000000
-14.948000 -20.226000 0.105000 41.000000 32.000000 17.000000
-14.953000 -20.167000 0.063000 24.000000 15.000000 6.000000
-14.916000 -20.179000 0.049000 27.000000 20.000000 4.000000
-14.878000 -20.218000 0.055000 72.000000 65.000000 47.000000
-14.886000 -20.218000 0.061000 73.000000 65.000000 46.000000
-14.911000 -20.211000 0.071000 36.000000 26.000000 14.000000
-14.870000 -20.198000 0.035000 70.000000 64.000000 48.000000
-14.953000 -20.148000 0.048000 23.000000 18.000000 15.000000
-14.900000 -20.160000 0.025000 30.000000 21.000000 12.000000
-14.950000 -20.208000 0.093000 37.000000 27.000000 17.000000
-14.929000 -20.198000 0.072000 27.000000 18.000000 9.000000
-14.945000 -20.185000 0.072000 22.000000 13.000000 4.000000
-14.925000 -20.142000 0.026000 29.000000 20.000000 15.000000
-14.929000 -20.204000 0.076000 26.000000 17.000000 8.000000
-14.895000 -20.202000 0.054000 68.000000 59.000000 42.000000
-14.956000 -20.207000 0.096000 35.000000 25.000000 13.000000
-14.894000 -20.216000 0.064000 73.000000 64.000000 47.000000
-14.937000 -20.172000 0.057000 24.000000 19.000000 13.000000
-14.699000 -20.304000 0.074000 128.000000 122.000000 108.000000
-14.734000 -20.287000 0.070000 143.000000 129.000000 102.000000
-14.722000 -20.269000 0.031000 112.000000 104.000000 91.000000
-14.701000 -20.311000 0.086000 128.000000 120.000000 97.000000
-14.739000 -20.310000 0.113000 73.000000 65.000000 52.000000
-14.838000 -20.225000 0.042000 99.000000 87.000000 73.000000
-14.727000 -20.276000 0.047000 115.000000 108.000000 92.000000
-14.719000 -20.275000 0.038000 111.000000 103.000000 90.000000
-14.715000 -20.290000 0.061000 118.000000 111.000000 93.000000
-14.722000 -20.319000 0.117000 91.000000 82.000000 67.000000
-14.782000 -20.260000 0.060000 99.000000 93.000000 79.000000
-14.768000 -20.250000 0.032000 139.000000 128.000000 110.000000
-14.787000 -20.250000 0.047000 118.000000 111.000000 95.000000
-14.759000 -20.248000 0.022000 126.000000 117.000000 102.000000
-14.741000 -20.266000 0.039000 126.000000 117.000000 100.000000
-14.759000 -20.276000 0.070000 124.000000 116.000000 97.000000
-14.745000 -20.268000 0.047000 134.000000 126.000000 107.000000
-14.765000 -20.261000 0.049000 145.000000 133.000000 109.000000
-14.704000 -20.311000 0.089000 130.000000 122.000000 99.000000
-14.731000 -20.322000 0.128000 74.000000 67.000000 49.000000
-14.746000 -20.303000 0.107000 73.000000 67.000000 51.000000
-14.716000 -20.274000 0.035000 113.000000 105.000000 92.000000
-14.745000 -20.293000 0.089000 99.000000 92.000000 76.000000
-14.718000 -20.304000 0.087000 139.000000 128.000000 106.000000
-14.750000 -20.305000 0.114000 80.000000 73.000000 55.000000
-14.723000 -20.328000 0.134000 74.000000 69.000000 50.000000
-14.762000 -20.265000 0.055000 143.000000 131.000000 107.000000
-14.703000 -20.283000 0.041000 116.000000 108.000000 95.000000
-14.769000 -20.259000 0.049000 148.000000 136.000000 112.000000
-14.845000 -20.224000 0.044000 85.000000 73.000000 59.000000
-14.754000 -20.304000 0.115000 74.000000 65.000000 48.000000
-14.814000 -20.250000 0.067000 80.000000 71.000000 54.000000
-14.750000 -20.276000 0.064000 140.000000 129.000000 107.000000
-14.768000 -20.252000 0.036000 142.000000 131.000000 113.000000
-14.694000 -20.277000 0.024000 102.000000 94.000000 81.000000
-14.772000 -20.247000 0.030000 140.000000 131.000000 102.000000
-14.748000 -20.291000 0.088000 95.000000 88.000000 72.000000
-14.794000 -20.257000 0.064000 81.000000 74.000000 58.000000
-14.799000 -20.254000 0.062000 82.000000 75.000000 59.000000
-14.731000 -20.267000 0.034000 112.000000 104.000000 91.000000
-14.774000 -20.275000 0.081000 80.000000 73.000000 57.000000
-14.725000 -20.293000 0.074000 141.000000 130.000000 108.000000
-14.750000 -20.280000 0.071000 151.000000 140.000000 118.000000
-14.736000 -20.271000 0.045000 128.000000 119.000000 102.000000
-14.792000 -20.260000 0.067000 80.000000 73.000000 57.000000
-14.697000 -20.301000 0.067000 112.000000 105.000000 87.000000
-14.769000 -20.262000 0.053000 146.000000 131.000000 108.000000
-14.776000 -20.270000 0.074000 83.000000 77.000000 63.000000
-14.723000 -20.273000 0.038000 112.000000 104.000000 91.000000
-14.695000 -20.297000 0.058000 103.000000 96.000000 80.000000
-14.830000 -20.229000 0.043000 80.000000 71.000000 56.000000
-14.750000 -20.273000 0.058000 141.000000 130.000000 108.000000
-14.699000 -20.317000 0.095000 138.000000 126.000000 100.000000
-14.777000 -20.241000 0.023000 140.000000 130.000000 105.000000
-14.725000 -20.280000 0.051000 115.000000 108.000000 92.000000
-14.765000 -20.257000 0.042000 144.000000 132.000000 110.000000
-14.733000 -20.281000 0.059000 134.000000 127.000000 108.000000
-14.741000 -20.315000 0.124000 69.000000 62.000000 43.000000
-14.708000 -20.307000 0.086000 136.000000 128.000000 105.000000
-14.744000 -20.303000 0.106000 69.000000 63.000000 47.000000
-14.820000 -20.236000 0.046000 82.000000 76.000000 62.000000
-14.728000 -20.325000 0.132000 72.000000 67.000000 48.000000
-14.743000 -20.285000 0.074000 137.000000 125.000000 101.000000
-14.739000 -20.288000 0.076000 140.000000 128.000000 102.000000
-14.769000 -20.248000 0.030000 141.000000 132.000000 103.000000
-14.778000 -20.242000 0.027000 140.000000 130.000000 105.000000
-14.762000 -20.265000 0.053000 143.000000 131.000000 107.000000
-14.722000 -20.270000 0.033000 112.000000 104.000000 91.000000
-14.706000 -20.326000 0.117000 137.000000 125.000000 109.000000
-14.726000 -20.269000 0.033000 113.000000 105.000000 92.000000
-14.695000 -20.328000 0.112000 139.000000 128.000000 108.000000
-14.768000 -20.261000 0.052000 146.000000 131.000000 108.000000
-14.703000 -20.327000 0.117000 141.000000 129.000000 113.000000
-14.801000 -20.250000 0.058000 78.000000 71.000000 55.000000
-14.694000 -20.320000 0.097000 126.000000 115.000000 95.000000
-14.711000 -20.339000 0.144000 74.000000 65.000000 48.000000
-14.760000 -20.257000 0.039000 143.000000 130.000000 111.000000
-14.701000 -20.289000 0.049000 108.000000 101.000000 85.000000
-14.761000 -20.257000 0.040000 143.000000 130.000000 111.000000
-14.734000 -20.308000 0.107000 88.000000 80.000000 67.000000
-14.831000 -20.225000 0.036000 83.000000 75.000000 62.000000
-14.741000 -20.257000 0.025000 114.000000 107.000000 91.000000
-14.799000 -20.264000 0.080000 64.000000 55.000000 38.000000
-14.722000 -20.277000 0.045000 114.000000 107.000000 91.000000
-14.715000 -20.322000 0.117000 105.000000 96.000000 81.000000
-14.730000 -20.322000 0.129000 74.000000 67.000000 49.000000
-14.764000 -20.286000 0.091000 75.000000 68.000000 52.000000
-14.712000 -20.316000 0.105000 144.000000 133.000000 113.000000
-14.739000 -20.315000 0.122000 76.000000 69.000000 51.000000
-14.715000 -20.333000 0.136000 74.000000 65.000000 48.000000
-14.709000 -20.342000 0.147000 66.000000 57.000000 40.000000
-14.753000 -20.259000 0.037000 131.000000 120.000000 102.000000
-14.783000 -20.258000 0.058000 99.000000 93.000000 79.000000
-14.782000 -20.277000 0.089000 68.000000 59.000000 44.000000
-14.771000 -20.258000 0.049000 150.000000 138.000000 114.000000
-14.729000 -20.305000 0.098000 143.000000 135.000000 116.000000
-14.689000 -20.342000 0.131000 123.000000 112.000000 90.000000
-14.811000 -20.237000 0.043000 84.000000 78.000000 66.000000
-14.782000 -20.238000 0.023000 141.000000 130.000000 108.000000
-14.738000 -20.301000 0.098000 95.000000 86.000000 71.000000
-14.832000 -20.233000 0.051000 101.000000 89.000000 73.000000
-14.689000 -20.338000 0.124000 138.000000 127.000000 107.000000
-14.703000 -20.302000 0.072000 122.000000 116.000000 102.000000
-14.745000 -20.266000 0.042000 131.000000 123.000000 104.000000
-14.746000 -20.265000 0.042000 131.000000 123.000000 104.000000
-14.758000 -20.282000 0.080000 94.000000 87.000000 69.000000
-14.705000 -20.334000 0.130000 95.000000 88.000000 72.000000
-14.819000 -20.243000 0.059000 82.000000 73.000000 56.000000
-14.742000 -20.312000 0.120000 76.000000 69.000000 51.000000
-14.815000 -20.246000 0.060000 77.000000 68.000000 51.000000
-14.709000 -20.275000 0.031000 113.000000 105.000000 92.000000
-14.696000 -20.316000 0.093000 133.000000 123.000000 96.000000
-14.714000 -20.311000 0.097000 136.000000 126.000000 101.000000
-14.701000 -20.333000 0.125000 109.000000 100.000000 83.000000
-14.707000 -20.333000 0.129000 95.000000 88.000000 72.000000
-14.821000 -20.238000 0.052000 84.000000 71.000000 55.000000
-14.733000 -20.273000 0.047000 120.000000 113.000000 95.000000
-14.766000 -20.285000 0.091000 77.000000 70.000000 54.000000
-14.817000 -20.228000 0.030000 90.000000 87.000000 72.000000
-14.693000 -20.283000 0.032000 113.000000 105.000000 92.000000
-14.739000 -20.294000 0.086000 143.000000 136.000000 118.000000
-14.768000 -20.244000 0.022000 131.000000 118.000000 99.000000
-14.733000 -20.277000 0.051000 131.000000 124.000000 105.000000
-14.767000 -20.283000 0.089000 77.000000 70.000000 54.000000
-14.743000 -20.289000 0.080000 142.000000 134.000000 113.000000
-14.734000 -20.289000 0.074000 145.000000 133.000000 109.000000
-14.702000 -20.338000 0.134000 99.000000 90.000000 73.000000
-14.796000 -20.260000 0.070000 82.000000 73.000000 58.000000
-14.705000 -20.312000 0.091000 137.000000 127.000000 102.000000
-14.771000 -20.250000 0.034000 143.000000 134.000000 105.000000
-14.707000 -20.275000 0.029000 109.000000 101.000000 88.000000
-14.832000 -20.227000 0.041000 82.000000 72.000000 60.000000
-14.768000 -20.282000 0.088000 77.000000 70.000000 54.000000
-14.725000 -20.276000 0.044000 114.000000 107.000000 91.000000
-14.828000 -20.224000 0.033000 85.000000 77.000000 64.000000
-14.747000 -20.278000 0.065000 141.000000 129.000000 105.000000
-14.785000 -20.243000 0.033000 152.000000 144.000000 121.000000
-14.818000 -20.235000 0.045000 80.000000 77.000000 62.000000
-14.699000 -20.344000 0.142000 74.000000 65.000000 48.000000
-14.753000 -20.273000 0.062000 136.000000 128.000000 105.000000
-14.711000 -20.270000 0.024000 110.000000 102.000000 89.000000
-14.705000 -20.320000 0.106000 139.000000 127.000000 105.000000
-14.755000 -20.294000 0.100000 76.000000 68.000000 55.000000
-14.819000 -20.236000 0.046000 80.000000 77.000000 62.000000
-14.795000 -20.250000 0.053000 92.000000 86.000000 72.000000
-14.772000 -20.269000 0.067000 94.000000 88.000000 74.000000
-14.734000 -20.315000 0.119000 71.000000 64.000000 48.000000
-14.755000 -20.290000 0.092000 81.000000 74.000000 58.000000
-14.765000 -20.267000 0.058000 147.000000 135.000000 111.000000
-14.754000 -20.266000 0.049000 143.000000 132.000000 110.000000
-14.713000 -20.339000 0.144000 74.000000 65.000000 48.000000
-14.810000 -20.251000 0.066000 72.000000 63.000000 46.000000
-14.753000 -20.289000 0.088000 93.000000 86.000000 70.000000
-14.889000 -20.247000 0.090000 65.000000 56.000000 41.000000
-14.925000 -20.245000 0.109000 43.000000 34.000000 19.000000
-14.935000 -20.250000 0.120000 41.000000 29.000000 15.000000
-14.958000 -20.286000 0.169000 41.000000 31.000000 19.000000
-14.925000 -20.253000 0.117000 45.000000 33.000000 19.000000
-14.958000 -20.331000 0.213000 38.000000 30.000000 17.000000
-14.891000 -20.239000 0.084000 63.000000 54.000000 39.000000
-14.914000 -20.247000 0.104000 58.000000 49.000000 34.000000
-14.888000 -20.224000 0.066000 69.000000 61.000000 42.000000
-14.946000 -20.292000 0.167000 39.000000 30.000000 15.000000
-14.925000 -20.250000 0.114000 45.000000 36.000000 21.000000
-14.955000 -20.268000 0.149000 42.000000 30.000000 14.000000
-14.959000 -20.331000 0.214000 40.000000 30.000000 18.000000
-14.908000 -20.260000 0.114000 64.000000 55.000000 38.000000
-14.926000 -20.283000 0.148000 50.000000 38.000000 24.000000
-14.907000 -20.255000 0.109000 67.000000 58.000000 43.000000
-14.936000 -20.282000 0.152000 43.000000 31.000000 17.000000
-14.948000 -20.244000 0.122000 44.000000 32.000000 18.000000
-14.957000 -20.240000 0.123000 40.000000 28.000000 14.000000
-14.960000 -20.327000 0.210000 36.000000 28.000000 15.000000
-14.973000 -20.300000 0.192000 42.000000 33.000000 18.000000
-14.928000 -20.295000 0.160000 57.000000 45.000000 31.000000
-14.918000 -20.281000 0.141000 59.000000 50.000000 33.000000
-14.913000 -20.272000 0.128000 62.000000 50.000000 34.000000
-14.894000 -20.260000 0.106000 61.000000 52.000000 37.000000
-14.880000 -20.241000 0.079000 67.000000 59.000000 40.000000
-14.909000 -20.272000 0.127000 65.000000 54.000000 36.000000
-14.940000 -20.273000 0.146000 40.000000 28.000000 12.000000
-14.924000 -20.274000 0.138000 53.000000 41.000000 25.000000
-14.976000 -20.302000 0.196000 41.000000 32.000000 17.000000
-14.927000 -20.294000 0.159000 57.000000 45.000000 31.000000
-14.959000 -20.274000 0.158000 41.000000 31.000000 19.000000
-14.976000 -20.251000 0.145000 40.000000 31.000000 16.000000
-14.927000 -20.282000 0.147000 50.000000 38.000000 22.000000
-14.979000 -20.273000 0.169000 45.000000 33.000000 21.000000
-14.974000 -20.289000 0.181000 41.000000 32.000000 17.000000
-14.983000 -20.257000 0.155000 43.000000 33.000000 21.000000
-14.923000 -20.241000 0.104000 48.000000 39.000000 24.000000
-14.911000 -20.236000 0.092000 65.000000 56.000000 41.000000
-14.947000 -20.272000 0.149000 41.000000 29.000000 13.000000
-14.897000 -20.247000 0.095000 65.000000 56.000000 41.000000
-14.995000 -20.244000 0.149000 47.000000 35.000000 19.000000
-14.939000 -20.272000 0.144000 41.000000 28.000000 12.000000
-14.916000 -20.266000 0.124000 62.000000 50.000000 34.000000
-14.911000 -20.235000 0.091000 65.000000 57.000000 46.000000
-14.970000 -20.238000 0.128000 46.000000 34.000000 18.000000
-14.936000 -20.237000 0.108000 35.000000 25.000000 13.000000
-14.944000 -20.297000 0.171000 41.000000 31.000000 19.000000
-14.943000 -20.284000 0.158000 41.000000 29.000000 15.000000
-14.961000 -20.287000 0.172000 43.000000 33.000000 21.000000
-14.899000 -20.232000 0.082000 67.000000 59.000000 46.000000
-14.953000 -20.281000 0.162000 39.000000 29.000000 17.000000
-14.951000 -20.295000 0.174000 41.000000 31.000000 19.000000
-14.951000 -20.316000 0.194000 42.000000 30.000000 18.000000
-14.930000 -20.263000 0.130000 39.000000 27.000000 13.000000
-14.949000 -20.285000 0.162000 41.000000 29.000000 15.000000
-14.953000 -20.316000 0.196000 42.000000 30.000000 18.000000
-14.938000 -20.263000 0.134000 40.000000 28.000000 16.000000
-14.922000 -20.253000 0.115000 44.000000 35.000000 20.000000
-14.974000 -20.297000 0.189000 43.000000 34.000000 19.000000
-14.921000 -20.229000 0.091000 44.000000 36.000000 25.000000
-14.978000 -20.268000 0.162000 43.000000 33.000000 21.000000
-14.969000 -20.288000 0.177000 43.000000 33.000000 21.000000
-14.905000 -20.255000 0.107000 66.000000 57.000000 42.000000
-14.930000 -20.295000 0.161000 54.000000 42.000000 28.000000
-14.952000 -20.287000 0.167000 39.000000 30.000000 15.000000
-14.959000 -20.300000 0.183000 43.000000 31.000000 15.000000
-14.919000 -20.238000 0.099000 50.000000 41.000000 26.000000
-14.934000 -20.285000 0.154000 45.000000 33.000000 19.000000
-14.925000 -20.282000 0.145000 53.000000 41.000000 25.000000
-14.901000 -20.251000 0.101000 63.000000 54.000000 39.000000
-14.946000 -20.258000 0.134000 41.000000 29.000000 15.000000
-14.957000 -20.280000 0.163000 39.000000 29.000000 17.000000
-14.931000 -20.231000 0.099000 37.000000 27.000000 15.000000
-14.909000 -20.242000 0.097000 69.000000 60.000000 45.000000
-14.901000 -20.268000 0.118000 65.000000 53.000000 37.000000
-14.956000 -20.283000 0.165000 39.000000 29.000000 17.000000
-14.949000 -20.270000 0.148000 42.000000 30.000000 14.000000
-14.936000 -20.289000 0.159000 48.000000 36.000000 22.000000
-14.894000 -20.238000 0.085000 64.000000 55.000000 40.000000
-14.954000 -20.270000 0.151000 42.000000 30.000000 14.000000
-14.942000 -20.268000 0.141000 40.000000 27.000000 11.000000
-14.908000 -20.263000 0.117000 65.000000 53.000000 37.000000
-14.903000 -20.255000 0.107000 64.000000 55.000000 40.000000
-14.898000 -20.235000 0.083000 66.000000 56.000000 44.000000
-14.962000 -20.254000 0.139000 43.000000 34.000000 17.000000
-14.938000 -20.289000 0.160000 44.000000 32.000000 18.000000
-14.924000 -20.286000 0.150000 54.000000 42.000000 28.000000
-14.956000 -20.252000 0.134000 45.000000 33.000000 19.000000
-14.925000 -20.246000 0.111000 43.000000 34.000000 19.000000
-14.967000 -20.242000 0.131000 46.000000 34.000000 18.000000
-14.956000 -20.284000 0.166000 40.000000 30.000000 18.000000
-14.917000 -20.252000 0.111000 53.000000 44.000000 29.000000
-14.976000 -20.293000 0.187000 46.000000 34.000000 20.000000
-14.953000 -20.310000 0.190000 41.000000 29.000000 15.000000
-14.938000 -20.235000 0.106000 35.000000 25.000000 13.000000
-14.922000 -20.269000 0.131000 56.000000 44.000000 28.000000
-14.897000 -20.261000 0.109000 62.000000 53.000000 38.000000
-14.874000 -20.222000 0.056000 72.000000 65.000000 46.000000
-14.977000 -20.260000 0.154000 42.000000 33.000000 18.000000
-14.936000 -20.242000 0.113000 40.000000 30.000000 18.000000
-14.934000 -20.299000 0.168000 53.000000 41.000000 27.000000
-14.956000 -20.240000 0.122000 40.000000 28.000000 14.000000
-14.982000 -20.269000 0.165000 45.000000 33.000000 21.000000
-14.888000 -20.242000 0.084000 64.000000 55.000000 38.000000
-14.992000 -20.254000 0.157000 45.000000 33.000000 17.000000
-14.972000 -20.265000 0.157000 42.000000 32.000000 20.000000
-14.968000 -20.275000 0.164000 43.000000 33.000000 21.000000
-14.905000 -20.255000 0.108000 66.000000 57.000000 42.000000
-14.942000 -20.273000 0.147000 40.000000 28.000000 12.000000
-14.929000 -20.297000 0.163000 57.000000 45.000000 31.000000
-14.907000 -20.245000 0.098000 69.000000 60.000000 45.000000
-14.950000 -20.257000 0.135000 45.000000 33.000000 19.000000
-14.978000 -20.259000 0.153000 42.000000 33.000000 18.000000
-14.965000 -20.274000 0.160000 41.000000 31.000000 19.000000
-14.872000 -20.236000 0.069000 69.000000 61.000000 38.000000
-14.919000 -20.253000 0.114000 53.000000 44.000000 29.000000
-14.934000 -20.250000 0.119000 41.000000 29.000000 15.000000
-14.921000 -20.228000 0.090000 36.000000 26.000000 14.000000
-14.966000 -20.316000 0.203000 38.000000 30.000000 19.000000
-14.983000 -20.290000 0.187000 45.000000 33.000000 19.000000
-14.873000 -20.327000 0.181000 58.000000 49.000000 34.000000
-14.928000 -20.341000 0.214000 49.000000 36.000000 20.000000
-14.882000 -20.282000 0.128000 64.000000 56.000000 37.000000
-14.744000 -20.320000 0.132000 58.000000 45.000000 26.000000
-14.803000 -20.309000 0.137000 68.000000 57.000000 35.000000
-14.854000 -20.316000 0.161000 64.000000 56.000000 35.000000
-14.875000 -20.306000 0.155000 61.000000 50.000000 32.000000
-14.900000 -20.348000 0.215000 52.000000 40.000000 26.000000
-14.801000 -20.328000 0.160000 69.000000 57.000000 41.000000
-14.877000 -20.306000 0.156000 64.000000 53.000000 35.000000
-14.830000 -20.288000 0.120000 68.000000 60.000000 39.000000
-14.846000 -20.319000 0.162000 65.000000 57.000000 36.000000
-14.793000 -20.296000 0.118000 75.000000 67.000000 44.000000
-14.706000 -20.351000 0.157000 58.000000 47.000000 27.000000
-14.849000 -20.322000 0.166000 63.000000 55.000000 34.000000
-14.797000 -20.326000 0.155000 67.000000 56.000000 38.000000
-14.819000 -20.259000 0.080000 77.000000 66.000000 48.000000
-14.843000 -20.305000 0.144000 64.000000 54.000000 42.000000
-14.880000 -20.250000 0.089000 73.000000 61.000000 47.000000
-14.871000 -20.342000 0.199000 57.000000 47.000000 37.000000
-14.730000 -20.332000 0.142000 50.000000 39.000000 21.000000
-14.775000 -20.294000 0.109000 38.000000 25.000000 8.000000
-14.895000 -20.319000 0.177000 58.000000 46.000000 32.000000
-14.890000 -20.342000 0.204000 56.000000 44.000000 32.000000
-14.943000 -20.336000 0.213000 38.000000 29.000000 14.000000
-14.772000 -20.301000 0.117000 67.000000 54.000000 35.000000
-14.809000 -20.340000 0.177000 62.000000 53.000000 38.000000
-14.868000 -20.257000 0.093000 66.000000 58.000000 39.000000
-14.794000 -20.309000 0.134000 66.000000 61.000000 32.000000
-14.905000 -20.330000 0.194000 57.000000 44.000000 35.000000
-14.831000 -20.318000 0.156000 62.000000 53.000000 38.000000
-14.910000 -20.337000 0.204000 50.000000 38.000000 26.000000
-14.810000 -20.275000 0.098000 68.000000 60.000000 37.000000
-14.842000 -20.345000 0.193000 59.000000 51.000000 32.000000
-14.757000 -20.338000 0.158000 112.000000 108.000000 83.000000
-14.872000 -20.331000 0.185000 58.000000 49.000000 34.000000
-14.872000 -20.259000 0.098000 73.000000 61.000000 45.000000
-14.803000 -20.330000 0.163000 69.000000 56.000000 40.000000
-14.775000 -20.354000 0.183000 81.000000 68.000000 51.000000
-14.714000 -20.356000 0.166000 109.000000 94.000000 75.000000
-14.778000 -20.305000 0.124000 98.000000 90.000000 69.000000
-14.841000 -20.236000 0.059000 75.000000 66.000000 49.000000
-14.833000 -20.288000 0.121000 71.000000 60.000000 40.000000
-14.856000 -20.318000 0.165000 61.000000 53.000000 32.000000
-14.786000 -20.346000 0.176000 70.000000 58.000000 42.000000
-14.756000 -20.346000 0.167000 111.000000 105.000000 79.000000
-14.818000 -20.342000 0.182000 67.000000 58.000000 41.000000
-14.718000 -20.338000 0.145000 62.000000 54.000000 35.000000
-14.909000 -20.310000 0.171000 59.000000 47.000000 33.000000
-14.859000 -20.295000 0.137000 63.000000 54.000000 37.000000
-14.884000 -20.260000 0.102000 70.000000 61.000000 46.000000
-14.932000 -20.345000 0.221000 40.000000 28.000000 14.000000
-14.802000 -20.300000 0.125000 64.000000 59.000000 30.000000
-14.800000 -20.266000 0.084000 63.000000 51.000000 35.000000
-14.829000 -20.261000 0.087000 68.000000 63.000000 41.000000
-14.937000 -20.323000 0.195000 48.000000 36.000000 22.000000
-14.807000 -20.340000 0.175000 62.000000 53.000000 38.000000
-14.831000 -20.338000 0.181000 67.000000 59.000000 40.000000
-14.879000 -20.291000 0.139000 62.000000 54.000000 31.000000
-14.908000 -20.341000 0.208000 50.000000 38.000000 24.000000
-14.855000 -20.256000 0.088000 71.000000 65.000000 43.000000
-14.770000 -20.334000 0.157000 95.000000 89.000000 63.000000
-14.912000 -20.339000 0.207000 50.000000 38.000000 24.000000
-14.924000 -20.302000 0.166000 61.000000 49.000000 35.000000
-14.828000 -20.262000 0.087000 69.000000 61.000000 38.000000
-14.749000 -20.317000 0.130000 35.000000 20.000000 1.000000
-14.827000 -20.270000 0.097000 69.000000 63.000000 39.000000
-14.765000 -20.347000 0.172000 101.000000 95.000000 69.000000
-14.855000 -20.334000 0.183000 61.000000 53.000000 34.000000
-14.875000 -20.307000 0.157000 64.000000 53.000000 35.000000
-14.848000 -20.270000 0.103000 76.000000 65.000000 45.000000
-14.794000 -20.280000 0.098000 68.000000 57.000000 39.000000
-14.876000 -20.249000 0.087000 68.000000 60.000000 41.000000
-14.819000 -20.267000 0.091000 68.000000 60.000000 39.000000
-14.852000 -20.293000 0.132000 65.000000 56.000000 41.000000
-14.780000 -20.288000 0.105000 36.000000 23.000000 6.000000
-14.806000 -20.274000 0.095000 76.000000 65.000000 45.000000
-14.826000 -20.249000 0.071000 81.000000 72.000000 57.000000
-14.860000 -20.242000 0.073000 70.000000 65.000000 43.000000
-14.745000 -20.336000 0.151000 135.000000 127.000000 106.000000
-14.857000 -20.323000 0.171000 59.000000 51.000000 30.000000
-14.856000 -20.278000 0.115000 73.000000 61.000000 47.000000
-14.879000 -20.329000 0.185000 59.000000 50.000000 35.000000
-14.887000 -20.263000 0.107000 66.000000 57.000000 42.000000
-14.818000 -20.352000 0.194000 64.000000 57.000000 38.000000
-14.753000 -20.329000 0.146000 129.000000 121.000000 100.000000
-14.853000 -20.332000 0.180000 62.000000 54.000000 35.000000
-14.927000 -20.346000 0.220000 43.000000 34.000000 17.000000
-14.844000 -20.252000 0.080000 71.000000 66.000000 46.000000
-14.776000 -20.287000 0.101000 50.000000 38.000000 22.000000
-14.908000 -20.308000 0.168000 57.000000 45.000000 31.000000
-14.742000 -20.338000 0.153000 139.000000 131.000000 110.000000
-14.747000 -20.353000 0.173000 113.000000 107.000000 81.000000
-14.804000 -20.344000 0.180000 62.000000 53.000000 36.000000
-14.770000 -20.326000 0.147000 101.000000 95.000000 69.000000
-14.858000 -20.229000 0.056000 71.000000 64.000000 45.000000
-14.843000 -20.280000 0.114000 71.000000 60.000000 42.000000
-14.879000 -20.300000 0.150000 63.000000 52.000000 34.000000
-14.815000 -20.319000 0.153000 67.000000 55.000000 39.000000
-14.747000 -20.358000 0.179000 111.000000 104.000000 78.000000
-14.851000 -20.317000 0.162000 65.000000 57.000000 36.000000
-14.862000 -20.251000 0.085000 71.000000 65.000000 43.000000
-14.913000 -20.310000 0.172000 61.000000 49.000000 35.000000
-14.734000 -20.338000 0.150000 111.000000 100.000000 80.000000
-14.811000 -20.289000 0.115000 67.000000 61.000000 35.000000
-14.870000 -20.300000 0.146000 63.000000 55.000000 34.000000
-14.874000 -20.345000 0.203000 58.000000 46.000000 34.000000
-14.884000 -20.329000 0.187000 57.000000 47.000000 35.000000
-14.903000 -20.326000 0.189000 57.000000 45.000000 31.000000
-14.865000 -20.311000 0.158000 62.000000 54.000000 33.000000
-14.866000 -20.257000 0.093000 66.000000 58.000000 39.000000
-14.949000 -20.334000 0.213000 38.000000 29.000000 14.000000
-14.886000 -20.336000 0.196000 57.000000 47.000000 35.000000
-14.842000 -20.255000 0.083000 71.000000 66.000000 44.000000
-14.806000 -20.296000 0.122000 66.000000 61.000000 32.000000
-14.943000 -20.320000 0.193000 49.000000 35.000000 22.000000
-14.759000 -20.345000 0.167000 108.000000 102.000000 76.000000
-14.894000 -20.296000 0.150000 63.000000 51.000000 35.000000
-14.785000 -20.286000 0.103000 51.000000 38.000000 21.000000
-14.847000 -20.298000 0.137000 65.000000 55.000000 43.000000
-14.801000 -20.296000 0.120000 65.000000 61.000000 32.000000
-14.767000 -20.332000 0.153000 104.000000 99.000000 70.000000
-14.850000 -20.285000 0.122000 72.000000 60.000000 46.000000
-14.841000 -20.273000 0.105000 77.000000 66.000000 46.000000
-14.855000 -20.245000 0.076000 71.000000 66.000000 44.000000
-14.840000 -20.332000 0.176000 61.000000 53.000000 34.000000
-14.765000 -20.307000 0.123000 61.000000 50.000000 30.000000
-14.814000 -20.270000 0.093000 68.000000 60.000000 39.000000
-14.894000 -20.338000 0.200000 57.000000 45.000000 33.000000
-14.714000 -20.349000 0.157000 44.000000 31.000000 14.000000
-14.900000 -20.312000 0.171000 58.000000 46.000000 32.000000
-14.815000 -20.337000 0.175000 62.000000 53.000000 38.000000
-14.768000 -20.328000 0.149000 104.000000 98.000000 72.000000
-14.816000 -20.285000 0.112000 67.000000 61.000000 35.000000
-14.868000 -20.314000 0.163000 60.000000 52.000000 31.000000
-14.948000 -20.336000 0.215000 40.000000 33.000000 17.000000
-14.835000 -20.269000 0.098000 69.000000 65.000000 36.000000
-14.746000 -20.353000 0.172000 113.000000 107.000000 81.000000
-14.866000 -20.336000 0.189000 59.000000 49.000000 37.000000
-14.833000 -20.267000 0.095000 72.000000 68.000000 43.000000
-14.896000 -20.278000 0.127000 62.000000 51.000000 33.000000
-14.807000 -20.306000 0.134000 69.000000 58.000000 36.000000
-14.886000 -20.293000 0.143000 62.000000 50.000000 34.000000
-14.793000 -20.306000 0.129000 68.000000 62.000000 36.000000
-14.832000 -20.252000 0.077000 70.000000 63.000000 45.000000
-14.885000 -20.264000 0.107000 68.000000 56.000000 44.000000
-14.865000 -20.310000 0.158000 62.000000 54.000000 33.000000
-14.856000 -20.295000 0.137000 63.000000 54.000000 37.000000
-14.825000 -20.303000 0.136000 70.000000 59.000000 41.000000
-14.929000 -20.306000 0.172000 59.000000 47.000000 35.000000
-14.808000 -20.334000 0.168000 65.000000 55.000000 45.000000
-14.835000 -20.311000 0.149000 66.000000 56.000000 44.000000
-14.848000 -20.332000 0.179000 59.000000 51.000000 30.000000
-14.864000 -20.253000 0.087000 71.000000 63.000000 44.000000
-14.854000 -20.238000 0.066000 74.000000 67.000000 48.000000
-14.786000 -20.283000 0.100000 47.000000 35.000000 19.000000
-14.852000 -20.339000 0.189000 58.000000 49.000000 32.000000
-14.782000 -20.294000 0.112000 90.000000 77.000000 58.000000
-14.878000 -20.303000 0.152000 61.000000 50.000000 32.000000
-14.756000 -20.321000 0.137000 144.000000 133.000000 115.000000
-14.884000 -20.268000 0.112000 66.000000 54.000000 42.000000
-14.883000 -20.263000 0.106000 70.000000 58.000000 44.000000
-14.887000 -20.288000 0.138000 61.000000 53.000000 30.000000
-14.869000 -20.283000 0.126000 63.000000 54.000000 39.000000
-14.813000 -20.345000 0.184000 65.000000 57.000000 38.000000
-14.819000 -20.297000 0.127000 67.000000 59.000000 36.000000
-14.742000 -20.331000 0.145000 118.000000 107.000000 87.000000
-14.783000 -20.298000 0.117000 103.000000 90.000000 71.000000
-14.862000 -20.277000 0.116000 72.000000 60.000000 46.000000
-14.735000 -20.326000 0.137000 56.000000 43.000000 26.000000
-14.851000 -20.287000 0.125000 69.000000 59.000000 47.000000
-14.825000 -20.318000 0.155000 68.000000 56.000000 42.000000
-14.737000 -20.341000 0.155000 137.000000 129.000000 108.000000
-14.718000 -20.353000 0.164000 122.000000 109.000000 90.000000
-14.850000 -20.279000 0.115000 72.000000 60.000000 44.000000
-14.885000 -20.256000 0.098000 69.000000 60.000000 45.000000
-14.747000 -20.318000 0.130000 35.000000 20.000000 1.000000
-14.741000 -20.351000 0.168000 122.000000 114.000000 91.000000
-14.869000 -20.265000 0.104000 72.000000 60.000000 44.000000
-14.810000 -20.298000 0.125000 64.000000 57.000000 31.000000
-14.812000 -20.345000 0.183000 65.000000 56.000000 39.000000
-14.881000 -20.270000 0.113000 67.000000 55.000000 43.000000
-14.809000 -20.314000 0.144000 65.000000 52.000000 33.000000
-14.881000 -20.256000 0.097000 70.000000 58.000000 42.000000
-14.792000 -20.310000 0.135000 68.000000 63.000000 34.000000
-14.845000 -20.302000 0.141000 65.000000 55.000000 43.000000
-14.784000 -20.290000 0.107000 66.000000 53.000000 36.000000
-14.848000 -20.302000 0.143000 63.000000 53.000000 41.000000
-14.856000 -20.315000 0.160000 64.000000 56.000000 35.000000
-14.811000 -20.296000 0.123000 63.000000 57.000000 31.000000
-14.806000 -20.332000 0.165000 64.000000 50.000000 37.000000
-14.781000 -20.331000 0.157000 80.000000 72.000000 49.000000
-14.889000 -20.312000 0.167000 63.000000 51.000000 35.000000
-14.823000 -20.330000 0.169000 66.000000 57.000000 42.000000
-14.889000 -20.296000 0.147000 63.000000 51.000000 35.000000
-14.796000 -20.269000 0.085000 59.000000 47.000000 31.000000
-14.904000 -20.291000 0.146000 60.000000 51.000000 34.000000
-14.869000 -20.300000 0.146000 63.000000 55.000000 34.000000
-14.736000 -20.324000 0.135000 66.000000 53.000000 36.000000
-14.738000 -20.329000 0.141000 36.000000 25.000000 7.000000
-14.929000 -20.314000 0.183000 56.000000 44.000000 32.000000
-14.837000 -20.307000 0.145000 66.000000 56.000000 44.000000
-14.930000 -20.331000 0.203000 50.000000 38.000000 24.000000
-14.877000 -20.286000 0.131000 64.000000 56.000000 37.000000
-14.870000 -20.335000 0.189000 58.000000 49.000000 34.000000
-14.862000 -20.333000 0.185000 59.000000 50.000000 33.000000
-14.849000 -20.282000 0.118000 72.000000 60.000000 46.000000
-14.921000 -20.305000 0.168000 60.000000 48.000000 34.000000
-14.760000 -20.338000 0.158000 111.000000 107.000000 82.000000
-14.938000 -20.330000 0.204000 50.000000 38.000000 24.000000
-14.814000 -20.280000 0.105000 63.000000 57.000000 33.000000
-14.782000 -20.283000 0.099000 51.000000 39.000000 23.000000
-14.917000 -20.290000 0.149000 57.000000 48.000000 33.000000
-14.886000 -20.262000 0.105000 68.000000 59.000000 44.000000
-14.843000 -20.313000 0.154000 62.000000 54.000000 43.000000
-14.828000 -20.323000 0.162000 64.000000 55.000000 40.000000
-14.907000 -20.344000 0.212000 51.000000 39.000000 25.000000
-14.893000 -20.298000 0.152000 63.000000 51.000000 35.000000
-14.857000 -20.330000 0.179000 61.000000 53.000000 34.000000
-14.837000 -20.297000 0.133000 71.000000 59.000000 43.000000
-14.792000 -20.325000 0.152000 69.000000 61.000000 38.000000
-14.872000 -20.278000 0.121000 66.000000 56.000000 44.000000
-14.828000 -20.298000 0.132000 70.000000 59.000000 41.000000
-14.781000 -20.317000 0.139000 78.000000 72.000000 46.000000
-14.756000 -20.343000 0.163000 116.000000 110.000000 84.000000
-14.735000 -20.352000 0.168000 117.000000 106.000000 84.000000
-14.840000 -20.351000 0.200000 56.000000 47.000000 30.000000
-14.855000 -20.295000 0.135000 63.000000 54.000000 37.000000
-14.909000 -20.283000 0.139000 61.000000 52.000000 35.000000
-14.858000 -20.333000 0.184000 61.000000 53.000000 34.000000
-14.744000 -20.338000 0.153000 128.000000 120.000000 97.000000
-14.861000 -20.291000 0.133000 64.000000 55.000000 40.000000
-14.898000 -20.327000 0.188000 60.000000 48.000000 36.000000
-14.869000 -20.345000 0.202000 56.000000 47.000000 32.000000
-14.893000 -20.266000 0.112000 62.000000 53.000000 36.000000
-14.800000 -20.318000 0.147000 66.000000 59.000000 33.000000
-14.931000 -20.328000 0.200000 48.000000 36.000000 22.000000
-14.845000 -20.232000 0.056000 75.000000 66.000000 49.000000
-14.851000 -20.316000 0.160000 65.000000 57.000000 36.000000
-14.751000 -20.328000 0.144000 146.000000 135.000000 115.000000
-14.766000 -20.355000 0.181000 103.000000 90.000000 71.000000
-14.873000 -20.240000 0.074000 70.000000 62.000000 41.000000
-14.741000 -20.338000 0.152000 139.000000 131.000000 110.000000
-14.885000 -20.259000 0.102000 70.000000 61.000000 46.000000
-14.872000 -20.328000 0.181000 58.000000 49.000000 34.000000
-14.856000 -20.328000 0.177000 62.000000 54.000000 33.000000
-14.862000 -20.271000 0.109000 72.000000 60.000000 44.000000
-14.858000 -20.249000 0.081000 71.000000 65.000000 43.000000
-14.863000 -20.282000 0.123000 66.000000 56.000000 44.000000
-14.721000 -20.342000 0.152000 44.000000 33.000000 15.000000
-14.688000 -20.362000 0.165000 72.000000 64.000000 45.000000
-14.915000 -20.322000 0.188000 58.000000 46.000000 32.000000
-14.839000 -20.305000 0.143000 66.000000 56.000000 44.000000
-14.904000 -20.342000 0.208000 51.000000 39.000000 25.000000
-14.872000 -20.245000 0.080000 70.000000 64.000000 42.000000
-14.709000 -20.350000 0.157000 56.000000 43.000000 24.000000
-14.884000 -20.318000 0.173000 63.000000 51.000000 35.000000
-14.951000 -20.346000 0.228000 39.000000 33.000000 19.000000
-14.911000 -20.317000 0.181000 59.000000 47.000000 33.000000
-14.821000 -20.331000 0.169000 64.000000 55.000000 40.000000
-14.883000 -20.338000 0.197000 59.000000 47.000000 35.000000
-14.840000 -20.289000 0.124000 72.000000 61.000000 43.000000
-14.904000 -20.278000 0.131000 65.000000 54.000000 36.000000
-14.859000 -20.239000 0.069000 70.000000 65.000000 43.000000
-14.870000 -20.287000 0.131000 63.000000 54.000000 37.000000
-14.828000 -20.326000 0.165000 64.000000 55.000000 38.000000
-14.772000 -20.351000 0.178000 89.000000 76.000000 59.000000
-14.939000 -20.322000 0.195000 49.000000 35.000000 22.000000
-14.917000 -20.302000 0.164000 59.000000 47.000000 33.000000
-14.799000 -20.281000 0.101000 72.000000 64.000000 43.000000
-14.767000 -20.353000 0.178000 103.000000 88.000000 69.000000
-14.799000 -20.303000 0.128000 63.000000 57.000000 31.000000
-14.820000 -20.250000 0.071000 92.000000 80.000000 64.000000
-14.789000 -20.342000 0.173000 71.000000 59.000000 45.000000
-14.931000 -20.347000 0.223000 40.000000 28.000000 16.000000
-14.761000 -20.353000 0.177000 105.000000 99.000000 73.000000
-14.882000 -20.253000 0.093000 70.000000 60.000000 48.000000
-14.861000 -20.265000 0.101000 71.000000 60.000000 42.000000
-14.822000 -20.257000 0.079000 73.000000 62.000000 44.000000
-14.884000 -20.348000 0.210000 55.000000 43.000000 31.000000
-14.836000 -20.335000 0.179000 64.000000 56.000000 37.000000
-14.798000 -20.284000 0.105000 77.000000 69.000000 48.000000
-14.849000 -20.309000 0.151000 63.000000 55.000000 44.000000
-14.849000 -20.327000 0.173000 61.000000 53.000000 32.000000
-14.813000 -20.281000 0.106000 63.000000 57.000000 33.000000
-14.940000 -20.328000 0.202000 50.000000 38.000000 24.000000
-14.733000 -20.340000 0.153000 136.000000 125.000000 105.000000
-14.741000 -20.347000 0.164000 117.000000 109.000000 86.000000
-14.903000 -20.297000 0.153000 61.000000 52.000000 37.000000
-14.821000 -20.290000 0.119000 68.000000 60.000000 37.000000
-14.803000 -20.289000 0.112000 63.000000 55.000000 34.000000
-14.820000 -20.297000 0.128000 67.000000 59.000000 36.000000
-14.731000 -20.339000 0.150000 94.000000 83.000000 63.000000
-14.768000 -20.337000 0.160000 100.000000 94.000000 68.000000
-14.837000 -20.314000 0.153000 62.000000 52.000000 40.000000
-14.804000 -20.326000 0.158000 69.000000 57.000000 41.000000
-14.736000 -20.354000 0.171000 117.000000 109.000000 86.000000
-14.838000 -20.314000 0.154000 62.000000 52.000000 40.000000
-14.740000 -20.354000 0.172000 119.000000 111.000000 88.000000
-14.831000 -20.272000 0.100000 70.000000 66.000000 39.000000
-14.800000 -20.269000 0.088000 74.000000 63.000000 45.000000
-14.724000 -20.380000 0.165000 110.000000 97.000000 81.000000
-14.825000 -20.378000 0.187000 30.000000 26.000000 17.000000
-14.801000 -20.398000 0.174000 35.000000 25.000000 15.000000
-14.739000 -20.425000 0.148000 47.000000 38.000000 21.000000
-14.797000 -20.437000 0.155000 36.000000 29.000000 21.000000
-14.891000 -20.362000 0.209000 59.000000 49.000000 37.000000
-14.758000 -20.366000 0.179000 100.000000 94.000000 72.000000
-14.885000 -20.362000 0.207000 53.000000 43.000000 31.000000
-14.696000 -20.367000 0.165000 45.000000 32.000000 13.000000
-14.848000 -20.395000 0.185000 28.000000 18.000000 9.000000
-14.820000 -20.419000 0.168000 26.000000 19.000000 11.000000
-14.830000 -20.411000 0.174000 29.000000 21.000000 18.000000
-14.773000 -20.455000 0.142000 39.000000 29.000000 27.000000
-14.743000 -20.449000 0.138000 51.000000 41.000000 29.000000
-14.778000 -20.460000 0.141000 41.000000 31.000000 29.000000
-14.730000 -20.368000 0.172000 114.000000 106.000000 83.000000
-14.709000 -20.372000 0.166000 131.000000 118.000000 99.000000
-14.819000 -20.422000 0.166000 24.000000 17.000000 9.000000
-14.908000 -20.379000 0.205000 28.000000 21.000000 13.000000
-14.780000 -20.378000 0.178000 47.000000 31.000000 15.000000
-14.848000 -20.400000 0.183000 28.000000 24.000000 12.000000
-14.782000 -20.422000 0.159000 36.000000 27.000000 18.000000
-14.897000 -20.382000 0.201000 33.000000 23.000000 14.000000
-14.822000 -20.372000 0.189000 34.000000 26.000000 13.000000
-14.863000 -20.383000 0.194000 27.000000 20.000000 14.000000
-14.908000 -20.373000 0.207000 23.000000 13.000000 3.000000
-14.877000 -20.364000 0.205000 40.000000 30.000000 20.000000
-14.770000 -20.388000 0.171000 44.000000 36.000000 23.000000
-14.845000 -20.381000 0.190000 33.000000 23.000000 13.000000
-14.815000 -20.362000 0.193000 69.000000 62.000000 44.000000
-14.867000 -20.385000 0.193000 26.000000 19.000000 13.000000
-14.842000 -20.359000 0.200000 55.000000 46.000000 29.000000
-14.760000 -20.475000 0.130000 44.000000 35.000000 26.000000
-14.763000 -20.434000 0.149000 39.000000 33.000000 21.000000
-14.851000 -20.354000 0.204000 59.000000 51.000000 38.000000
-14.775000 -20.368000 0.181000 67.000000 54.000000 37.000000
-14.765000 -20.383000 0.173000 55.000000 48.000000 32.000000
-14.883000 -20.382000 0.198000 32.000000 23.000000 16.000000
-14.878000 -20.358000 0.208000 49.000000 39.000000 27.000000
-14.774000 -20.370000 0.180000 70.000000 57.000000 40.000000
-14.739000 -20.401000 0.159000 79.000000 63.000000 50.000000
-14.751000 -20.454000 0.138000 45.000000 37.000000 26.000000
-14.873000 -20.401000 0.187000 20.000000 19.000000 15.000000
-14.796000 -20.379000 0.181000 38.000000 28.000000 16.000000
-14.904000 -20.369000 0.208000 25.000000 15.000000 5.000000
-14.737000 -20.432000 0.145000 45.000000 37.000000 24.000000
-14.880000 -20.372000 0.202000 28.000000 18.000000 8.000000
-14.784000 -20.416000 0.162000 35.000000 26.000000 17.000000
-14.763000 -20.436000 0.148000 39.000000 33.000000 21.000000
-14.779000 -20.440000 0.150000 37.000000 30.000000 20.000000
-14.888000 -20.388000 0.196000 28.000000 18.000000 9.000000
-14.813000 -20.409000 0.171000 34.000000 30.000000 21.000000
-14.927000 -20.366000 0.214000 49.000000 39.000000 30.000000
-14.931000 -20.349000 0.223000 40.000000 28.000000 16.000000
-14.852000 -20.406000 0.181000 29.000000 23.000000 9.000000
-14.729000 -20.408000 0.154000 85.000000 72.000000 55.000000
-14.735000 -20.388000 0.164000 104.000000 89.000000 70.000000
-14.916000 -20.376000 0.207000 23.000000 18.000000 12.000000
-14.838000 -20.390000 0.185000 25.000000 23.000000 11.000000
-14.753000 -20.431000 0.148000 44.000000 36.000000 23.000000
-14.822000 -20.394000 0.180000 30.000000 25.000000 21.000000
-14.788000 -20.432000 0.155000 30.000000 24.000000 12.000000
-14.874000 -20.377000 0.198000 30.000000 21.000000 14.000000
-14.700000 -20.374000 0.163000 84.000000 71.000000 52.000000
-14.853000 -20.379000 0.193000 32.000000 22.000000 13.000000
-14.772000 -20.399000 0.167000 40.000000 33.000000 23.000000
-14.777000 -20.428000 0.155000 35.000000 26.000000 17.000000
-14.752000 -20.412000 0.157000 40.000000 33.000000 15.000000
-14.943000 -20.357000 0.222000 43.000000 33.000000 23.000000
-14.841000 -20.353000 0.202000 55.000000 46.000000 29.000000
-14.723000 -20.416000 0.149000 68.000000 55.000000 36.000000
-14.826000 -20.396000 0.180000 28.000000 23.000000 20.000000
-14.803000 -20.441000 0.155000 33.000000 28.000000 22.000000
-14.748000 -20.420000 0.153000 40.000000 31.000000 16.000000
-14.912000 -20.358000 0.215000 53.000000 44.000000 29.000000
-14.920000 -20.353000 0.219000 43.000000 34.000000 19.000000
-14.772000 -20.468000 0.136000 40.000000 31.000000 24.000000
-14.744000 -20.386000 0.167000 95.000000 78.000000 62.000000
-14.805000 -20.433000 0.159000 25.000000 20.000000 17.000000
-14.873000 -20.394000 0.191000 22.000000 21.000000 17.000000
-14.846000 -20.369000 0.196000 30.000000 24.000000 12.000000
-14.876000 -20.402000 0.188000 24.000000 17.000000 11.000000
-14.922000 -20.356000 0.218000 40.000000 31.000000 16.000000
-14.803000 -20.433000 0.158000 28.000000 23.000000 19.000000
-14.750000 -20.417000 0.154000 40.000000 31.000000 16.000000
-14.862000 -20.391000 0.190000 28.000000 23.000000 19.000000
-14.880000 -20.351000 0.211000 55.000000 43.000000 31.000000
-14.721000 -20.367000 0.170000 121.000000 105.000000 89.000000
-14.805000 -20.371000 0.186000 38.000000 29.000000 14.000000
-14.744000 -20.380000 0.169000 98.000000 81.000000 65.000000
-14.789000 -20.381000 0.179000 39.000000 27.000000 15.000000
-14.717000 -20.406000 0.152000 101.000000 89.000000 67.000000
-14.861000 -20.360000 0.203000 52.000000 42.000000 30.000000
-14.776000 -20.405000 0.165000 42.000000 32.000000 23.000000
-14.798000 -20.358000 0.191000 63.000000 54.000000 37.000000
-14.814000 -20.422000 0.165000 26.000000 18.000000 15.000000
-14.794000 -20.371000 0.184000 39.000000 30.000000 15.000000
-14.818000 -20.377000 0.186000 33.000000 26.000000 20.000000
-14.701000 -20.379000 0.161000 116.000000 105.000000 85.000000
-14.808000 -20.427000 0.162000 26.000000 20.000000 20.000000
-14.739000 -20.392000 0.163000 91.000000 75.000000 59.000000
-14.780000 -20.366000 0.184000 63.000000 51.000000 35.000000
-14.791000 -20.394000 0.173000 44.000000 28.000000 13.000000
-14.767000 -20.427000 0.153000 36.000000 30.000000 18.000000
-14.829000 -20.401000 0.178000 27.000000 22.000000 19.000000
-14.835000 -20.408000 0.176000 28.000000 20.000000 18.000000
-14.841000 -20.392000 0.184000 27.000000 25.000000 13.000000
-14.764000 -20.383000 0.172000 57.000000 50.000000 34.000000
-14.842000 -20.397000 0.182000 27.000000 23.000000 12.000000
-14.953000 -20.348000 0.228000 39.000000 29.000000 17.000000
-14.851000 -20.385000 0.190000 35.000000 22.000000 14.000000
-14.859000 -20.371000 0.198000 31.000000 23.000000 12.000000
-14.782000 -20.387000 0.174000 45.000000 32.000000 16.000000
-14.888000 -20.365000 0.207000 40.000000 30.000000 18.000000
-14.940000 -20.350000 0.224000 40.000000 32.000000 19.000000
-14.818000 -20.435000 0.160000 30.000000 22.000000 19.000000
-14.789000 -20.376000 0.181000 43.000000 31.000000 19.000000
-14.827000 -20.410000 0.173000 24.000000 19.000000 13.000000
-14.810000 -20.361000 0.192000 69.000000 60.000000 43.000000
-14.896000 -20.353000 0.213000 48.000000 39.000000 24.000000
-14.725000 -20.409000 0.153000 78.000000 65.000000 46.000000
-14.869000 -20.377000 0.197000 30.000000 23.000000 15.000000
-14.774000 -20.402000 0.166000 39.000000 32.000000 22.000000
-14.785000 -20.359000 0.188000 62.000000 50.000000 34.000000
-14.870000 -20.357000 0.206000 56.000000 46.000000 34.000000
-14.841000 -20.398000 0.182000 29.000000 25.000000 16.000000
-14.740000 -20.376000 0.170000 107.000000 92.000000 73.000000
-14.939000 -20.361000 0.219000 54.000000 41.000000 32.000000
-14.800000 -20.368000 0.187000 42.000000 33.000000 18.000000
-14.755000 -20.462000 0.135000 39.000000 31.000000 20.000000
-14.829000 -20.392000 0.182000 28.000000 25.000000 20.000000
-14.840000 -20.361000 0.198000 39.000000 36.000000 21.000000
-14.840000 -20.370000 0.194000 32.000000 26.000000 14.000000
-14.873000 -20.389000 0.193000 23.000000 20.000000 15.000000
-14.889000 -20.366000 0.206000 40.000000 30.000000 18.000000
-14.873000 -20.355000 0.208000 55.000000 45.000000 33.000000
-14.754000 -20.415000 0.156000 35.000000 30.000000 11.000000
-14.745000 -20.404000 0.159000 57.000000 44.000000 27.000000
-14.744000 -20.432000 0.146000 47.000000 39.000000 26.000000
-14.813000 -20.401000 0.175000 33.000000 26.000000 16.000000
-14.717000 -20.369000 0.169000 119.000000 104.000000 85.000000
-14.731000 -20.388000 0.163000 100.000000 84.000000 69.000000
-14.803000 -20.372000 0.186000 41.000000 32.000000 17.000000
-14.823000 -20.371000 0.190000 34.000000 26.000000 13.000000
-14.780000 -20.388000 0.173000 44.000000 32.000000 16.000000
-14.804000 -20.441000 0.155000 33.000000 28.000000 22.000000
-14.797000 -20.416000 0.164000 30.000000 21.000000 12.000000
-14.778000 -20.388000 0.173000 44.000000 32.000000 16.000000
-14.829000 -20.419000 0.170000 28.000000 21.000000 13.000000
-14.873000 -20.381000 0.196000 29.000000 22.000000 16.000000
-14.811000 -20.379000 0.184000 36.000000 26.000000 14.000000
-14.917000 -20.376000 0.208000 23.000000 18.000000 12.000000
-14.806000 -20.427000 0.161000 26.000000 20.000000 20.000000
-14.783000 -20.436000 0.153000 34.000000 28.000000 16.000000
-14.718000 -20.409000 0.151000 87.000000 74.000000 55.000000
-14.880000 -20.391000 0.193000 26.000000 21.000000 17.000000
-14.788000 -20.380000 0.179000 39.000000 27.000000 15.000000
-14.822000 -20.394000 0.180000 30.000000 25.000000 21.000000
-14.814000 -20.392000 0.179000 33.000000 26.000000 16.000000
-14.813000 -20.420000 0.166000 22.000000 17.000000 13.000000
-14.704000 -20.389000 0.157000 121.000000 110.000000 92.000000
-14.716000 -20.406000 0.152000 102.000000 90.000000 68.000000
-14.802000 -20.446000 0.152000 31.000000 27.000000 18.000000
-14.767000 -20.449000 0.143000 43.000000 34.000000 25.000000
-14.719000 -20.403000 0.154000 107.000000 94.000000 75.000000
-14.920000 -20.360000 0.215000 56.000000 46.000000 34.000000
-14.789000 -20.426000 0.158000 32.000000 23.000000 14.000000
-14.778000 -20.460000 0.141000 41.000000 31.000000 29.000000
-14.774000 -20.358000 0.186000 76.000000 63.000000 46.000000
-14.753000 -20.418000 0.155000 34.000000 31.000000 12.000000
-14.868000 -20.377000 0.197000 30.000000 21.000000 14.000000
-14.718000 -20.371000 0.168000 118.000000 105.000000 88.000000
-14.941000 -20.357000 0.222000 48.000000 35.000000 26.000000
-14.827000 -20.405000 0.176000 26.000000 21.000000 17.000000
-14.736000 -20.364000 0.175000 117.000000 109.000000 86.000000
-14.755000 -20.425000 0.152000 38.000000 32.000000 18.000000
-14.786000 -20.440000 0.152000 36.000000 30.000000 18.000000
-14.867000 -20.398000 0.187000 20.000000 19.000000 15.000000
-14.848000 -20.363000 0.199000 47.000000 41.000000 27.000000
-14.855000 -20.362000 0.201000 51.000000 43.000000 30.000000
-14.777000 -20.389000 0.172000 39.000000 30.000000 15.000000
-14.884000 -20.364000 0.206000 44.000000 34.000000 24.000000
-14.741000 -20.404000 0.158000 69.000000 55.000000 42.000000
-14.868000 -20.362000 0.204000 49.000000 39.000000 29.000000
-14.703000 -20.505000 0.102000 69.000000 57.000000 35.000000
-14.707000 -20.459000 0.125000 57.000000 44.000000 25.000000
-14.695000 -20.429000 0.136000 89.000000 76.000000 59.000000
-14.697000 -20.473000 0.116000 75.000000 63.000000 41.000000
-14.740000 -20.465000 0.130000 50.000000 40.000000 28.000000
-14.736000 -20.453000 0.135000 49.000000 39.000000 27.000000
-14.752000 -20.477000 0.127000 44.000000 34.000000 24.000000
-14.705000 -20.433000 0.136000 70.000000 59.000000 41.000000
-14.712000 -20.410000 0.149000 99.000000 87.000000 65.000000
-14.698000 -20.424000 0.139000 91.000000 78.000000 61.000000
-14.707000 -20.527000 0.092000 66.000000 54.000000 28.000000
-14.732000 -20.461000 0.130000 46.000000 36.000000 24.000000
-14.700000 -20.417000 0.143000 88.000000 77.000000 55.000000
-14.694000 -20.404000 0.147000 119.000000 112.000000 94.000000
-14.718000 -20.463000 0.125000 54.000000 38.000000 23.000000
-14.707000 -20.499000 0.106000 70.000000 53.000000 33.000000
-14.722000 -20.483000 0.117000 50.000000 42.000000 29.000000
-14.691000 -20.379000 0.158000 62.000000 51.000000 31.000000
-14.717000 -20.501000 0.108000 74.000000 61.000000 44.000000
-14.744000 -20.488000 0.120000 51.000000 41.000000 29.000000
-14.709000 -20.525000 0.094000 69.000000 57.000000 31.000000
-14.709000 -20.419000 0.144000 84.000000 72.000000 50.000000
-14.705000 -20.437000 0.135000 71.000000 59.000000 43.000000
-14.726000 -20.434000 0.141000 51.000000 42.000000 25.000000
-14.694000 -20.424000 0.138000 92.000000 79.000000 62.000000
-14.738000 -20.451000 0.136000 49.000000 39.000000 27.000000
-14.708000 -20.514000 0.099000 64.000000 55.000000 26.000000
-14.696000 -20.446000 0.128000 92.000000 79.000000 60.000000
-14.723000 -20.420000 0.147000 72.000000 59.000000 40.000000
-14.705000 -20.430000 0.138000 74.000000 63.000000 43.000000
-14.711000 -20.409000 0.149000 93.000000 82.000000 60.000000
-14.724000 -20.449000 0.134000 55.000000 45.000000 33.000000
-14.696000 -20.395000 0.153000 109.000000 101.000000 80.000000
-14.706000 -20.437000 0.135000 71.000000 59.000000 43.000000
-14.700000 -20.488000 0.110000 57.000000 40.000000 20.000000
-14.714000 -20.417000 0.146000 81.000000 69.000000 47.000000
-14.725000 -20.486000 0.117000 51.000000 43.000000 32.000000
-14.709000 -20.516000 0.098000 64.000000 55.000000 26.000000
-14.746000 -20.457000 0.135000 46.000000 36.000000 26.000000
-14.717000 -20.450000 0.131000 52.000000 42.000000 30.000000
-14.716000 -20.515000 0.101000 63.000000 51.000000 25.000000
-14.711000 -20.418000 0.145000 82.000000 70.000000 48.000000
-14.731000 -20.495000 0.114000 18.000000 11.000000 1.000000
-14.696000 -20.462000 0.121000 74.000000 63.000000 41.000000
-14.714000 -20.522000 0.097000 72.000000 57.000000 34.000000
-14.733000 -20.468000 0.127000 50.000000 40.000000 28.000000
-14.699000 -20.387000 0.157000 131.000000 120.000000 100.000000
-14.728000 -20.493000 0.114000 39.000000 33.000000 21.000000
-14.695000 -20.409000 0.145000 101.000000 93.000000 74.000000
-14.693000 -20.425000 0.137000 80.000000 67.000000 50.000000
-14.723000 -20.499000 0.110000 52.000000 43.000000 28.000000
-14.712000 -20.521000 0.097000 70.000000 58.000000 32.000000
-14.737000 -20.490000 0.118000 55.000000 45.000000 33.000000
-14.721000 -20.423000 0.145000 66.000000 55.000000 35.000000
-14.714000 -20.441000 0.135000 61.000000 49.000000 37.000000
-14.735000 -20.465000 0.129000 49.000000 39.000000 27.000000
-14.701000 -20.473000 0.117000 79.000000 66.000000 47.000000
-14.712000 -20.483000 0.114000 57.000000 46.000000 28.000000
-14.726000 -20.482000 0.119000 51.000000 43.000000 32.000000
-14.699000 -20.430000 0.137000 87.000000 74.000000 57.000000
-14.702000 -20.444000 0.131000 70.000000 58.000000 42.000000
-14.724000 -20.454000 0.132000 49.000000 39.000000 27.000000
-14.844000 -20.441000 0.158000 28.000000 24.000000 13.000000
-14.821000 -20.441000 0.157000 31.000000 24.000000 16.000000
-14.905000 -20.415000 0.179000 31.000000 24.000000 14.000000
-14.878000 -20.421000 0.174000 17.000000 16.000000 14.000000
-14.808000 -20.452000 0.149000 32.000000 28.000000 17.000000
-14.855000 -20.452000 0.150000 33.000000 26.000000 8.000000
-14.894000 -20.422000 0.174000 23.000000 15.000000 4.000000
-14.895000 -20.405000 0.186000 22.000000 17.000000 11.000000
-14.890000 -20.433000 0.165000 28.000000 20.000000 7.000000
-14.914000 -20.387000 0.199000 25.000000 18.000000 8.000000
-14.929000 -20.376000 0.208000 28.000000 21.000000 13.000000
-14.913000 -20.403000 0.188000 27.000000 20.000000 12.000000
-14.905000 -20.395000 0.194000 28.000000 21.000000 15.000000
-14.838000 -20.448000 0.153000 30.000000 23.000000 15.000000
-14.857000 -20.416000 0.177000 25.000000 21.000000 12.000000
-14.949000 -20.356000 0.224000 38.000000 28.000000 16.000000
-14.865000 -20.446000 0.155000 35.000000 24.000000 6.000000
-14.901000 -20.389000 0.198000 28.000000 19.000000 12.000000
-14.863000 -20.434000 0.164000 31.000000 21.000000 12.000000
-14.781000 -20.466000 0.138000 38.000000 31.000000 21.000000
-14.952000 -20.354000 0.225000 40.000000 30.000000 18.000000
-14.834000 -20.456000 0.147000 32.000000 24.000000 11.000000
-14.816000 -20.455000 0.147000 31.000000 27.000000 16.000000
-14.903000 -20.393000 0.195000 26.000000 19.000000 13.000000
-14.834000 -20.449000 0.152000 35.000000 28.000000 20.000000
-14.825000 -20.438000 0.160000 32.000000 21.000000 15.000000
-14.861000 -20.456000 0.148000 34.000000 27.000000 8.000000
-14.783000 -20.468000 0.137000 38.000000 31.000000 21.000000
-14.840000 -20.456000 0.147000 32.000000 24.000000 13.000000
-14.943000 -20.361000 0.219000 50.000000 40.000000 30.000000
-14.866000 -20.451000 0.152000 36.000000 25.000000 7.000000
-14.884000 -20.437000 0.163000 28.000000 19.000000 4.000000
-14.898000 -20.410000 0.182000 24.000000 20.000000 11.000000
-14.913000 -20.386000 0.200000 25.000000 18.000000 8.000000
-14.849000 -20.435000 0.163000 27.000000 20.000000 12.000000
-14.806000 -20.447000 0.152000 34.000000 30.000000 19.000000
-14.817000 -20.453000 0.149000 32.000000 28.000000 17.000000
-14.892000 -20.393000 0.194000 27.000000 18.000000 13.000000
-14.889000 -20.425000 0.171000 26.000000 16.000000 6.000000
-14.937000 -20.366000 0.216000 45.000000 39.000000 27.000000
-14.906000 -20.384000 0.202000 32.000000 24.000000 11.000000
-14.879000 -20.428000 0.169000 22.000000 17.000000 13.000000
-14.870000 -20.407000 0.184000 18.000000 19.000000 13.000000
-14.816000 -20.456000 0.146000 31.000000 27.000000 16.000000
-14.875000 -20.431000 0.166000 23.000000 16.000000 10.000000
-14.817000 -20.445000 0.155000 28.000000 24.000000 15.000000
-14.866000 -20.430000 0.167000 27.000000 18.000000 13.000000
-14.781000 -20.472000 0.134000 36.000000 32.000000 21.000000
-14.807000 -20.451000 0.149000 31.000000 27.000000 16.000000
-14.894000 -20.411000 0.182000 21.000000 16.000000 10.000000
-14.814000 -20.447000 0.153000 35.000000 31.000000 22.000000
-14.916000 -20.390000 0.197000 24.000000 17.000000 9.000000
-14.879000 -20.430000 0.168000 24.000000 17.000000 11.000000
-14.826000 -20.438000 0.160000 32.000000 21.000000 15.000000
-14.834000 -20.441000 0.158000 30.000000 21.000000 16.000000
-14.895000 -20.411000 0.182000 23.000000 19.000000 10.000000
-14.775000 -20.472000 0.133000 36.000000 32.000000 21.000000
-14.837000 -20.443000 0.156000 32.000000 25.000000 19.000000
-14.859000 -20.448000 0.154000 33.000000 26.000000 8.000000
-14.875000 -20.444000 0.157000 35.000000 22.000000 5.000000
-14.878000 -20.419000 0.176000 21.000000 18.000000 11.000000
-14.878000 -20.432000 0.166000 25.000000 16.000000 9.000000
-14.886000 -20.418000 0.176000 19.000000 15.000000 6.000000
-14.892000 -20.417000 0.177000 25.000000 21.000000 12.000000
-14.855000 -20.460000 0.145000 34.000000 26.000000 15.000000
-14.853000 -20.425000 0.170000 20.000000 11.000000 4.000000
-14.690000 -20.412000 0.030000 67.000000 55.000000 31.000000
-14.698000 -20.407000 0.043000 72.000000 59.000000 40.000000
-14.696000 -20.349000 0.024000 92.000000 81.000000 59.000000
-14.700000 -20.509000 0.075000 66.000000 50.000000 34.000000
-14.696000 -20.517000 0.071000 68.000000 52.000000 36.000000
-14.693000 -20.392000 0.031000 71.000000 60.000000 32.000000
-14.695000 -20.423000 0.043000 69.000000 59.000000 34.000000
-14.691000 -20.466000 0.048000 64.000000 53.000000 33.000000
-14.697000 -20.469000 0.058000 64.000000 51.000000 32.000000
-14.696000 -20.415000 0.043000 72.000000 60.000000 36.000000
-14.685000 -20.454000 0.034000 59.000000 51.000000 32.000000
-14.687000 -20.476000 0.043000 60.000000 49.000000 31.000000
-14.682000 -20.429000 0.022000 67.000000 56.000000 38.000000
-14.685000 -20.437000 0.028000 65.000000 52.000000 33.000000
-14.692000 -20.380000 0.026000 79.000000 67.000000 41.000000
-14.696000 -20.432000 0.047000 58.000000 47.000000 25.000000
-14.690000 -20.485000 0.050000 66.000000 54.000000 38.000000
-14.698000 -20.451000 0.055000 69.000000 56.000000 37.000000
-14.697000 -20.388000 0.037000 79.000000 65.000000 38.000000
-14.692000 -20.393000 0.030000 72.000000 60.000000 34.000000
-14.698000 -20.515000 0.072000 66.000000 50.000000 34.000000
-14.698000 -20.492000 0.067000 49.000000 38.000000 18.000000
-14.699000 -20.508000 0.073000 63.000000 50.000000 33.000000
-14.691000 -20.411000 0.032000 67.000000 55.000000 31.000000
-14.690000 -20.386000 0.023000 75.000000 63.000000 37.000000
-14.691000 -20.484000 0.052000 68.000000 56.000000 40.000000
-14.686000 -20.411000 0.023000 68.000000 57.000000 35.000000
-14.687000 -20.437000 0.033000 63.000000 50.000000 31.000000
-14.692000 -20.408000 0.034000 68.000000 56.000000 32.000000
-14.695000 -20.443000 0.048000 65.000000 52.000000 35.000000
-14.690000 -20.470000 0.047000 62.000000 51.000000 31.000000
-14.684000 -20.438000 0.027000 65.000000 52.000000 33.000000
-14.692000 -20.410000 0.034000 70.000000 58.000000 34.000000
-14.682000 -20.438000 0.023000 67.000000 56.000000 36.000000
-14.698000 -20.435000 0.050000 63.000000 52.000000 30.000000
-14.686000 -20.423000 0.026000 68.000000 57.000000 35.000000
-14.692000 -20.492000 0.056000 62.000000 54.000000 33.000000
-14.691000 -20.372000 0.022000 82.000000 70.000000 46.000000
-14.697000 -20.486000 0.063000 56.000000 45.000000 25.000000
-14.699000 -20.480000 0.065000 64.000000 56.000000 35.000000
-14.696000 -20.368000 0.030000 88.000000 76.000000 52.000000
-14.697000 -20.418000 0.044000 71.000000 59.000000 35.000000
-14.690000 -20.440000 0.038000 60.000000 47.000000 28.000000
-14.693000 -20.379000 0.027000 79.000000 67.000000 41.000000
-14.696000 -20.441000 0.098000 91.000000 75.000000 50.000000
-14.696000 -20.353000 0.029000 96.000000 84.000000 62.000000
-14.694000 -20.345000 0.060000 108.000000 97.000000 75.000000
-14.689000 -20.384000 0.147000 70.000000 62.000000 41.000000
-14.692000 -20.318000 0.062000 111.000000 103.000000 84.000000
-14.695000 -20.360000 0.046000 94.000000 81.000000 62.000000
-14.700000 -20.466000 0.062000 67.000000 54.000000 35.000000
-14.692000 -20.314000 0.065000 111.000000 104.000000 86.000000
-14.696000 -20.410000 0.076000 86.000000 70.000000 44.000000
-14.697000 -20.378000 0.037000 80.000000 68.000000 42.000000
-14.696000 -20.382000 0.050000 84.000000 69.000000 48.000000
-14.697000 -20.436000 0.083000 82.000000 70.000000 48.000000
-14.690000 -20.387000 0.137000 76.000000 65.000000 47.000000
-14.697000 -20.374000 0.037000 83.000000 71.000000 47.000000
-14.697000 -20.424000 0.067000 81.000000 67.000000 41.000000
-14.687000 -20.353000 0.149000 93.000000 86.000000 70.000000
-14.698000 -20.427000 0.051000 70.000000 60.000000 35.000000
-14.696000 -20.351000 0.039000 99.000000 86.000000 67.000000
-14.695000 -20.348000 0.042000 101.000000 88.000000 71.000000
-14.689000 -20.373000 0.141000 73.000000 65.000000 44.000000
-14.695000 -20.456000 0.116000 80.000000 68.000000 44.000000
-14.697000 -20.426000 0.074000 84.000000 69.000000 46.000000
-14.696000 -20.362000 0.035000 91.000000 79.000000 55.000000
-14.691000 -20.356000 0.110000 128.000000 118.000000 93.000000
-14.691000 -20.363000 0.109000 118.000000 108.000000 83.000000
-14.697000 -20.375000 0.039000 83.000000 71.000000 47.000000
-14.689000 -20.355000 0.136000 125.000000 117.000000 96.000000
-14.701000 -20.511000 0.077000 67.000000 51.000000 35.000000
-14.697000 -20.449000 0.080000 78.000000 62.000000 39.000000
-14.697000 -20.381000 0.042000 82.000000 67.000000 44.000000
-14.698000 -20.453000 0.069000 69.000000 59.000000 34.000000
-14.689000 -20.347000 0.121000 140.000000 128.000000 106.000000
-14.693000 -20.336000 0.066000 111.000000 100.000000 80.000000
-14.696000 -20.455000 0.098000 78.000000 63.000000 40.000000
-14.699000 -20.498000 0.092000 55.000000 47.000000 26.000000
-14.690000 -20.391000 0.139000 81.000000 73.000000 54.000000
-14.692000 -20.416000 0.132000 105.000000 94.000000 74.000000
-14.694000 -20.383000 0.080000 97.000000 83.000000 57.000000
-14.692000 -20.356000 0.092000 118.000000 107.000000 85.000000
-14.692000 -20.306000 0.061000 107.000000 100.000000 82.000000
-14.696000 -20.417000 0.074000 86.000000 72.000000 46.000000
-14.694000 -20.380000 0.081000 100.000000 86.000000 60.000000
-14.690000 -20.389000 0.144000 53.000000 45.000000 26.000000
-14.694000 -20.411000 0.106000 102.000000 90.000000 64.000000
-14.690000 -20.322000 0.098000 129.000000 120.000000 103.000000
-14.692000 -20.384000 0.104000 105.000000 93.000000 69.000000
-14.690000 -20.337000 0.102000 132.000000 121.000000 99.000000
-14.699000 -20.509000 0.098000 64.000000 56.000000 35.000000
-14.696000 -20.397000 0.063000 84.000000 68.000000 42.000000
-14.692000 -20.289000 0.042000 106.000000 99.000000 83.000000
-14.698000 -20.469000 0.089000 69.000000 58.000000 38.000000
-14.692000 -20.318000 0.066000 111.000000 104.000000 85.000000
-14.692000 -20.319000 0.060000 109.000000 101.000000 82.000000
-14.696000 -20.472000 0.108000 70.000000 57.000000 38.000000
-14.693000 -20.412000 0.118000 107.000000 95.000000 71.000000
-14.695000 -20.458000 0.116000 80.000000 68.000000 44.000000
-14.695000 -20.432000 0.103000 94.000000 82.000000 56.000000
-14.696000 -20.373000 0.042000 85.000000 73.000000 49.000000
-14.695000 -20.337000 0.042000 103.000000 92.000000 74.000000
-14.695000 -20.463000 0.118000 74.000000 62.000000 40.000000
-14.701000 -20.531000 0.086000 63.000000 51.000000 37.000000
-14.699000 -20.461000 0.068000 68.000000 60.000000 37.000000
-14.691000 -20.379000 0.122000 119.000000 104.000000 83.000000
-14.698000 -20.489000 0.100000 53.000000 47.000000 25.000000
-14.695000 -20.353000 0.048000 101.000000 88.000000 71.000000
-14.697000 -20.459000 0.094000 74.000000 59.000000 38.000000
-14.699000 -20.457000 0.063000 69.000000 57.000000 33.000000
-14.694000 -20.394000 0.088000 96.000000 82.000000 56.000000
-14.692000 -20.398000 0.117000 112.000000 98.000000 72.000000
-14.695000 -20.339000 0.038000 101.000000 88.000000 71.000000
-14.693000 -20.406000 0.111000 107.000000 93.000000 67.000000
-14.694000 -20.426000 0.114000 96.000000 84.000000 58.000000
-14.695000 -20.433000 0.102000 97.000000 81.000000 56.000000
-14.690000 -20.356000 0.122000 131.000000 119.000000 97.000000
-14.698000 -20.482000 0.090000 67.000000 54.000000 35.000000
-14.694000 -20.408000 0.096000 98.000000 84.000000 58.000000
-14.689000 -20.394000 0.149000 67.000000 59.000000 40.000000
-14.692000 -20.381000 0.102000 108.000000 96.000000 72.000000
-14.693000 -20.301000 0.045000 109.000000 100.000000 83.000000
-14.698000 -20.477000 0.094000 66.000000 58.000000 37.000000
-14.691000 -20.305000 0.063000 103.000000 96.000000 78.000000
-14.699000 -20.488000 0.085000 63.000000 50.000000 31.000000
-14.697000 -20.465000 0.089000 71.000000 59.000000 37.000000
-14.694000 -20.324000 0.047000 107.000000 96.000000 78.000000
-14.696000 -20.383000 0.056000 85.000000 70.000000 51.000000
-14.693000 -20.372000 0.091000 112.000000 100.000000 76.000000
-14.693000 -20.344000 0.067000 110.000000 99.000000 77.000000
-14.695000 -20.444000 0.112000 94.000000 82.000000 56.000000
-14.698000 -20.436000 0.065000 75.000000 65.000000 40.000000
-14.695000 -20.325000 0.033000 105.000000 94.000000 74.000000
-14.691000 -20.352000 0.106000 121.000000 111.000000 86.000000
-14.695000 -20.368000 0.057000 96.000000 81.000000 62.000000
-14.700000 -20.524000 0.089000 62.000000 51.000000 33.000000
-14.694000 -20.421000 0.111000 102.000000 90.000000 64.000000
-14.691000 -20.381000 0.114000 116.000000 104.000000 78.000000
-14.690000 -20.357000 0.118000 125.000000 113.000000 89.000000
-14.692000 -20.341000 0.078000 116.000000 105.000000 83.000000
-14.692000 -20.376000 0.099000 112.000000 100.000000 76.000000
-14.693000 -20.380000 0.094000 105.000000 93.000000 69.000000
-14.699000 -20.471000 0.070000 66.000000 58.000000 37.000000
-14.698000 -20.445000 0.070000 71.000000 61.000000 36.000000
-14.697000 -20.410000 0.063000 79.000000 65.000000 38.000000
-14.695000 -20.419000 0.091000 94.000000 78.000000 52.000000
-14.695000 -20.433000 0.108000 97.000000 83.000000 57.000000
-14.694000 -20.419000 0.105000 101.000000 89.000000 63.000000
-14.694000 -20.330000 0.052000 108.000000 97.000000 79.000000
-14.691000 -20.344000 0.092000 124.000000 113.000000 93.000000
-14.693000 -20.304000 0.038000 103.000000 94.000000 77.000000
-14.693000 -20.287000 0.034000 106.000000 99.000000 83.000000
-14.691000 -20.326000 0.082000 122.000000 115.000000 96.000000
-14.692000 -20.397000 0.119000 109.000000 97.000000 73.000000
-14.700000 -20.502000 0.075000 66.000000 53.000000 34.000000
-14.698000 -20.462000 0.078000 67.000000 56.000000 34.000000
-14.690000 -20.331000 0.099000 134.000000 123.000000 105.000000
-14.691000 -20.348000 0.096000 125.000000 114.000000 92.000000
-14.697000 -20.472000 0.098000 69.000000 58.000000 38.000000
-14.693000 -20.358000 0.072000 110.000000 95.000000 72.000000
-14.693000 -20.376000 0.086000 102.000000 90.000000 66.000000
-14.695000 -20.431000 0.093000 93.000000 77.000000 51.000000
-14.693000 -20.381000 0.099000 105.000000 93.000000 69.000000
-14.693000 -20.305000 0.048000 105.000000 96.000000 79.000000
-14.692000 -20.348000 0.082000 115.000000 107.000000 84.000000
-14.696000 -20.365000 0.047000 92.000000 79.000000 60.000000
-14.693000 -20.401000 0.110000 104.000000 90.000000 64.000000
-14.695000 -20.425000 0.102000 97.000000 85.000000 59.000000
-14.693000 -20.401000 0.102000 102.000000 88.000000 62.000000
-14.691000 -20.336000 0.083000 121.000000 113.000000 92.000000
-14.688000 -20.372000 0.149000 74.000000 67.000000 48.000000
-14.697000 -20.383000 0.038000 78.000000 66.000000 40.000000
-14.698000 -20.489000 0.105000 59.000000 51.000000 32.000000
-14.695000 -20.448000 0.106000 88.000000 74.000000 48.000000
-14.693000 -20.299000 0.038000 103.000000 94.000000 77.000000
-14.694000 -20.444000 0.120000 96.000000 84.000000 60.000000
-14.697000 -20.434000 0.076000 78.000000 66.000000 44.000000
-14.696000 -20.441000 0.096000 92.000000 76.000000 51.000000
-14.694000 -20.348000 0.064000 107.000000 97.000000 72.000000
-14.690000 -20.371000 0.126000 126.000000 114.000000 90.000000
-14.698000 -20.447000 0.069000 71.000000 61.000000 36.000000
-14.698000 -20.444000 0.063000 71.000000 60.000000 38.000000
-14.693000 -20.421000 0.124000 107.000000 95.000000 73.000000
-14.693000 -20.344000 0.071000 111.000000 100.000000 78.000000
-14.696000 -20.426000 0.089000 90.000000 75.000000 54.000000
-14.693000 -20.407000 0.115000 103.000000 91.000000 65.000000
-14.695000 -20.424000 0.089000 90.000000 75.000000 54.000000
-14.691000 -20.381000 0.119000 123.000000 108.000000 87.000000
-14.694000 -20.347000 0.058000 106.000000 95.000000 73.000000
-14.699000 -20.498000 0.096000 60.000000 52.000000 31.000000
-14.689000 -20.385000 0.155000 57.000000 49.000000 28.000000
-14.694000 -20.351000 0.060000 109.000000 94.000000 75.000000
-14.698000 -20.472000 0.086000 68.000000 60.000000 39.000000
-14.696000 -20.394000 0.066000 85.000000 71.000000 45.000000
-14.694000 -20.431000 0.115000 97.000000 85.000000 61.000000
-14.689000 -20.338000 0.117000 136.000000 126.000000 99.000000
-14.697000 -20.411000 0.053000 77.000000 63.000000 37.000000
-14.693000 -20.412000 0.112000 106.000000 94.000000 68.000000
-14.693000 -20.347000 0.074000 113.000000 103.000000 78.000000
-14.696000 -20.349000 0.030000 97.000000 85.000000 63.000000
-14.699000 -20.467000 0.067000 65.000000 57.000000 34.000000
-14.689000 -20.389000 0.151000 65.000000 57.000000 38.000000
-14.690000 -20.382000 0.139000 80.000000 72.000000 51.000000
-14.698000 -20.447000 0.071000 70.000000 60.000000 35.000000
-14.693000 -20.425000 0.118000 103.000000 91.000000 67.000000
-14.692000 -20.427000 0.131000 103.000000 90.000000 71.000000
-14.698000 -20.475000 0.094000 67.000000 56.000000 36.000000
-14.695000 -20.356000 0.055000 102.000000 87.000000 68.000000
-14.691000 -20.357000 0.105000 124.000000 114.000000 89.000000
-14.695000 -20.336000 0.038000 102.000000 91.000000 73.000000
-14.693000 -20.280000 0.024000 104.000000 96.000000 83.000000
-14.695000 -20.428000 0.094000 95.000000 79.000000 53.000000
-14.690000 -20.380000 0.136000 94.000000 83.000000 63.000000
-14.695000 -20.356000 0.056000 102.000000 87.000000 68.000000
-14.693000 -20.316000 0.054000 108.000000 100.000000 81.000000
-14.692000 -20.368000 0.096000 113.000000 102.000000 80.000000
-14.696000 -20.359000 0.035000 94.000000 82.000000 60.000000
-14.692000 -20.336000 0.073000 113.000000 105.000000 84.000000
-14.688000 -20.355000 0.146000 92.000000 85.000000 67.000000
-14.693000 -20.314000 0.045000 100.000000 92.000000 73.000000
-14.699000 -20.459000 0.062000 69.000000 57.000000 33.000000
-14.694000 -20.336000 0.046000 105.000000 94.000000 74.000000
-14.694000 -20.374000 0.070000 99.000000 85.000000 59.000000
-14.696000 -20.343000 0.032000 103.000000 90.000000 71.000000
-14.694000 -20.335000 0.052000 109.000000 98.000000 78.000000
-14.691000 -20.403000 0.136000 93.000000 82.000000 64.000000
