-13.708000 -22.659000 0.051000 55.000000 54.000000 52.000000
-13.682000 -22.680000 0.095000 30.000000 34.000000 37.000000
-13.531000 -22.693000 0.051000 43.000000 50.000000 60.000000
-13.716000 -22.657000 0.050000 54.000000 51.000000 46.000000
-13.649000 -22.681000 0.080000 28.000000 31.000000 40.000000
-13.645000 -22.669000 0.048000 28.000000 31.000000 40.000000
-13.603000 -22.674000 0.038000 34.000000 35.000000 40.000000
-13.644000 -22.695000 0.113000 42.000000 45.000000 54.000000
-13.625000 -22.682000 0.071000 37.000000 40.000000 49.000000
-13.611000 -22.687000 0.076000 38.000000 41.000000 50.000000
-13.601000 -22.693000 0.086000 45.000000 48.000000 57.000000
-13.614000 -22.681000 0.063000 31.000000 33.000000 45.000000
-13.575000 -22.677000 0.033000 34.000000 37.000000 46.000000
-13.651000 -22.688000 0.098000 35.000000 38.000000 47.000000
-13.655000 -22.666000 0.044000 21.000000 24.000000 31.000000
-13.671000 -22.669000 0.060000 27.000000 28.000000 33.000000
-13.618000 -22.688000 0.083000 41.000000 44.000000 53.000000
-13.700000 -22.667000 0.068000 36.000000 34.000000 39.000000
-13.702000 -22.662000 0.057000 34.000000 34.000000 36.000000
-13.694000 -22.657000 0.040000 45.000000 41.000000 40.000000
-13.602000 -22.672000 0.034000 40.000000 41.000000 45.000000
-13.678000 -22.690000 0.118000 32.000000 35.000000 42.000000
-13.697000 -22.652000 0.029000 58.000000 53.000000 50.000000
-13.734000 -22.650000 0.039000 52.000000 47.000000 41.000000
-13.691000 -22.674000 0.083000 29.000000 28.000000 34.000000
-13.550000 -22.684000 0.039000 34.000000 40.000000 52.000000
-13.605000 -22.678000 0.049000 32.000000 35.000000 44.000000
-13.565000 -22.680000 0.035000 33.000000 37.000000 48.000000
-13.520000 -22.692000 0.044000 42.000000 48.000000 60.000000
-13.575000 -22.685000 0.053000 43.000000 47.000000 58.000000
-13.725000 -22.654000 0.047000 48.000000 45.000000 36.000000
-13.725000 -22.652000 0.042000 45.000000 41.000000 32.000000
-13.623000 -22.682000 0.070000 35.000000 38.000000 47.000000
-13.545000 -22.685000 0.039000 34.000000 40.000000 52.000000
-13.621000 -22.684000 0.073000 38.000000 41.000000 50.000000
-13.609000 -22.689000 0.079000 38.000000 41.000000 50.000000
-13.666000 -22.695000 0.124000 33.000000 36.000000 45.000000
-13.576000 -22.694000 0.077000 40.000000 44.000000 55.000000
-13.597000 -22.689000 0.075000 41.000000 44.000000 53.000000
-13.648000 -22.665000 0.038000 38.000000 39.000000 44.000000
-13.490000 -22.692000 0.028000 36.000000 40.000000 52.000000
-13.702000 -22.655000 0.040000 57.000000 53.000000 50.000000
-13.644000 -22.686000 0.091000 35.000000 38.000000 47.000000
-13.540000 -22.689000 0.047000 42.000000 49.000000 59.000000
-13.658000 -22.692000 0.112000 33.000000 36.000000 43.000000
-13.675000 -22.691000 0.118000 32.000000 35.000000 42.000000
-13.695000 -22.663000 0.055000 37.000000 37.000000 39.000000
-13.641000 -22.664000 0.031000 41.000000 40.000000 45.000000
-13.531000 -22.688000 0.040000 38.000000 44.000000 56.000000
-13.673000 -22.663000 0.044000 33.000000 34.000000 38.000000
-13.643000 -22.664000 0.032000 41.000000 40.000000 45.000000
-13.608000 -22.680000 0.057000 33.000000 35.000000 47.000000
-13.623000 -22.677000 0.057000 30.000000 33.000000 42.000000
-13.552000 -22.681000 0.032000 35.000000 39.000000 51.000000
-13.696000 -22.680000 0.101000 30.000000 34.000000 37.000000
-13.618000 -22.676000 0.050000 30.000000 33.000000 40.000000
-13.624000 -22.682000 0.070000 35.000000 38.000000 47.000000
-13.650000 -22.663000 0.034000 38.000000 37.000000 42.000000
-13.587000 -22.682000 0.053000 40.000000 44.000000 55.000000
-13.526000 -22.693000 0.049000 43.000000 49.000000 61.000000
-13.709000 -22.660000 0.055000 51.000000 50.000000 48.000000
-13.661000 -22.692000 0.115000 34.000000 37.000000 46.000000
-13.605000 -22.677000 0.048000 32.000000 35.000000 44.000000
-13.705000 -22.656000 0.043000 42.000000 38.000000 35.000000
-13.617000 -22.675000 0.048000 31.000000 34.000000 41.000000
-13.682000 -22.667000 0.059000 27.000000 28.000000 32.000000
-13.524000 -22.687000 0.032000 37.000000 41.000000 52.000000
-13.704000 -22.654000 0.038000 55.000000 52.000000 47.000000
-13.535000 -22.685000 0.033000 35.000000 39.000000 50.000000
-13.527000 -22.685000 0.028000 37.000000 39.000000 51.000000
-13.552000 -22.686000 0.044000 40.000000 46.000000 58.000000
-13.653000 -22.675000 0.067000 29.000000 29.000000 37.000000
-13.679000 -22.666000 0.055000 26.000000 27.000000 32.000000
-13.644000 -22.672000 0.053000 26.000000 29.000000 38.000000
-13.679000 -22.672000 0.070000 29.000000 28.000000 34.000000
-13.665000 -22.683000 0.092000 31.000000 34.000000 41.000000
-13.566000 -22.680000 0.035000 33.000000 37.000000 48.000000
-13.493000 -22.692000 0.031000 40.000000 44.000000 56.000000
-13.673000 -22.669000 0.061000 28.000000 29.000000 34.000000
-13.692000 -22.657000 0.039000 56.000000 52.000000 49.000000
-13.584000 -22.681000 0.048000 40.000000 44.000000 55.000000
-13.630000 -22.671000 0.045000 27.000000 30.000000 35.000000
-13.497000 -22.691000 0.028000 38.000000 42.000000 54.000000
-13.669000 -22.668000 0.055000 27.000000 28.000000 33.000000
-13.648000 -22.666000 0.041000 32.000000 35.000000 42.000000
-13.653000 -22.664000 0.039000 42.000000 43.000000 48.000000
-13.538000 -22.690000 0.048000 42.000000 49.000000 59.000000
-13.583000 -22.690000 0.070000 43.000000 47.000000 58.000000
-13.550000 -22.682000 0.032000 35.000000 39.000000 51.000000
-13.599000 -22.691000 0.081000 39.000000 42.000000 51.000000
-13.699000 -22.658000 0.046000 52.000000 51.000000 49.000000
-13.637000 -22.682000 0.076000 32.000000 35.000000 44.000000
-13.672000 -22.677000 0.080000 30.000000 31.000000 36.000000
-13.606000 -22.695000 0.094000 44.000000 47.000000 56.000000
-13.689000 -22.672000 0.076000 32.000000 29.000000 36.000000
-13.598000 -22.677000 0.044000 30.000000 33.000000 40.000000
-13.652000 -22.675000 0.066000 29.000000 29.000000 37.000000
-13.611000 -22.695000 0.096000 44.000000 47.000000 56.000000
-13.624000 -22.691000 0.092000 43.000000 46.000000 55.000000
-13.697000 -22.668000 0.070000 39.000000 37.000000 42.000000
-13.632000 -22.684000 0.079000 36.000000 39.000000 48.000000
-13.567000 -22.686000 0.050000 42.000000 49.000000 59.000000
-13.555000 -22.691000 0.059000 45.000000 49.000000 60.000000
-13.591000 -22.694000 0.085000 42.000000 46.000000 57.000000
-13.679000 -22.676000 0.083000 29.000000 30.000000 35.000000
-13.486000 -22.693000 0.029000 38.000000 42.000000 54.000000
-13.618000 -22.685000 0.074000 37.000000 40.000000 49.000000
-13.622000 -22.679000 0.061000 31.000000 33.000000 45.000000
-13.640000 -22.683000 0.081000 34.000000 37.000000 46.000000
-13.670000 -22.689000 0.112000 30.000000 35.000000 39.000000
-13.656000 -22.690000 0.108000 33.000000 36.000000 43.000000
-13.652000 -22.681000 0.083000 29.000000 32.000000 41.000000
-13.567000 -22.693000 0.069000 43.000000 47.000000 59.000000
-13.572000 -22.684000 0.048000 41.000000 45.000000 56.000000
-13.675000 -22.681000 0.093000 32.000000 35.000000 40.000000
-13.611000 -22.670000 0.033000 43.000000 44.000000 48.000000
-13.694000 -22.674000 0.084000 33.000000 32.000000 37.000000
-13.566000 -22.685000 0.049000 42.000000 49.000000 59.000000
-13.645000 -22.686000 0.090000 35.000000 38.000000 47.000000
-13.678000 -22.682000 0.097000 31.000000 34.000000 39.000000
-13.600000 -22.683000 0.061000 38.000000 40.000000 52.000000
-13.570000 -22.680000 0.037000 38.000000 42.000000 51.000000
-13.656000 -22.674000 0.065000 29.000000 29.000000 37.000000
-13.634000 -22.684000 0.080000 35.000000 38.000000 47.000000
-13.607000 -22.693000 0.089000 43.000000 46.000000 55.000000
-13.657000 -22.663000 0.037000 40.000000 39.000000 44.000000
-13.535000 -22.684000 0.030000 36.000000 40.000000 51.000000
-13.648000 -22.687000 0.094000 37.000000 40.000000 49.000000
-13.659000 -22.677000 0.074000 28.000000 31.000000 38.000000
-13.537000 -22.686000 0.037000 37.000000 44.000000 54.000000
-13.706000 -22.668000 0.073000 44.000000 42.000000 45.000000
-13.679000 -22.659000 0.037000 42.000000 42.000000 42.000000
-13.618000 -22.676000 0.051000 31.000000 34.000000 43.000000
-13.624000 -22.673000 0.046000 28.000000 31.000000 36.000000
-13.641000 -22.666000 0.037000 35.000000 36.000000 41.000000
-13.634000 -22.678000 0.066000 28.000000 30.000000 42.000000
-13.581000 -22.689000 0.065000 44.000000 46.000000 58.000000
-13.588000 -22.675000 0.034000 37.000000 40.000000 47.000000
-13.685000 -22.658000 0.038000 43.000000 41.000000 42.000000
-13.635000 -22.690000 0.096000 39.000000 42.000000 51.000000
-13.577000 -22.687000 0.060000 43.000000 45.000000 57.000000
-13.625000 -22.691000 0.093000 43.000000 46.000000 55.000000
-13.669000 -22.678000 0.082000 30.000000 31.000000 36.000000
-13.680000 -22.674000 0.076000 30.000000 29.000000 35.000000
-13.716000 -22.657000 0.051000 53.000000 50.000000 45.000000
-13.741000 -22.644000 0.029000 50.000000 43.000000 37.000000
-13.642000 -22.666000 0.036000 36.000000 37.000000 42.000000
-13.626000 -22.675000 0.054000 28.000000 31.000000 40.000000
-13.624000 -22.687000 0.083000 41.000000 44.000000 53.000000
-13.639000 -22.688000 0.092000 39.000000 42.000000 51.000000
-13.598000 -22.690000 0.078000 39.000000 42.000000 51.000000
-13.649000 -22.694000 0.113000 41.000000 44.000000 53.000000
-13.714000 -22.655000 0.044000 51.000000 48.000000 43.000000
-13.625000 -22.676000 0.054000 28.000000 31.000000 40.000000
-13.688000 -22.654000 0.029000 43.000000 37.000000 37.000000
-13.668000 -22.679000 0.084000 31.000000 32.000000 37.000000
-13.550000 -22.693000 0.060000 46.000000 50.000000 61.000000
-13.679000 -22.662000 0.047000 28.000000 29.000000 33.000000
-13.645000 -22.685000 0.088000 35.000000 38.000000 47.000000
-13.665000 -22.663000 0.040000 37.000000 38.000000 42.000000
-13.705000 -22.670000 0.078000 41.000000 39.000000 42.000000
-13.587000 -22.674000 0.031000 49.000000 50.000000 55.000000
-13.556000 -22.691000 0.058000 45.000000 49.000000 60.000000
-13.710000 -22.662000 0.061000 52.000000 50.000000 51.000000
-13.636000 -22.666000 0.036000 41.000000 42.000000 44.000000
-13.710000 -22.652000 0.036000 62.000000 57.000000 53.000000
-13.625000 -22.692000 0.256000 38.000000 42.000000 53.000000
-13.517000 -22.698000 0.342000 42.000000 42.000000 52.000000
-13.577000 -22.699000 0.245000 42.000000 46.000000 58.000000
-13.586000 -22.695000 0.268000 40.000000 43.000000 58.000000
-13.590000 -22.699000 0.218000 43.000000 47.000000 59.000000
-13.624000 -22.688000 0.295000 37.000000 40.000000 49.000000
-13.667000 -22.695000 0.149000 36.000000 39.000000 48.000000
-13.611000 -22.695000 0.234000 40.000000 44.000000 55.000000
-13.565000 -22.696000 0.298000 68.000000 84.000000 117.000000
-13.593000 -22.697000 0.241000 41.000000 45.000000 56.000000
-13.579000 -22.700000 0.222000 43.000000 47.000000 59.000000
-13.573000 -22.695000 0.295000 28.000000 39.000000 69.000000
-13.623000 -22.692000 0.250000 39.000000 43.000000 54.000000
-13.601000 -22.689000 0.325000 38.000000 42.000000 54.000000
-13.661000 -22.688000 0.245000 36.000000 38.000000 50.000000
-13.524000 -22.703000 0.272000 38.000000 42.000000 53.000000
-13.593000 -22.693000 0.282000 44.000000 41.000000 58.000000
-13.603000 -22.692000 0.280000 41.000000 40.000000 54.000000
-13.647000 -22.687000 0.273000 36.000000 40.000000 51.000000
-13.603000 -22.692000 0.278000 41.000000 40.000000 54.000000
-13.646000 -22.693000 0.210000 41.000000 41.000000 53.000000
-13.555000 -22.697000 0.293000 28.000000 35.000000 53.000000
-13.610000 -22.694000 0.253000 39.000000 43.000000 54.000000
-13.617000 -22.690000 0.290000 36.000000 39.000000 48.000000
-13.590000 -22.699000 0.221000 41.000000 45.000000 57.000000
-13.620000 -22.690000 0.283000 38.000000 40.000000 52.000000
-13.591000 -22.689000 0.341000 38.000000 40.000000 52.000000
-13.653000 -22.692000 0.205000 41.000000 41.000000 53.000000
-13.652000 -22.695000 0.172000 43.000000 45.000000 57.000000
-13.605000 -22.695000 0.245000 40.000000 44.000000 55.000000
-13.625000 -22.692000 0.255000 38.000000 42.000000 53.000000
-13.559000 -22.699000 0.265000 40.000000 46.000000 58.000000
-13.523000 -22.701000 0.294000 52.000000 60.000000 81.000000
-13.594000 -22.697000 0.239000 41.000000 45.000000 56.000000
-13.561000 -22.699000 0.261000 42.000000 46.000000 58.000000
-13.636000 -22.691000 0.248000 38.000000 42.000000 53.000000
-13.579000 -22.692000 0.324000 31.000000 35.000000 47.000000
-13.633000 -22.694000 0.210000 42.000000 46.000000 57.000000
-13.613000 -22.687000 0.324000 42.000000 45.000000 52.000000
-13.639000 -22.684000 0.331000 35.000000 38.000000 43.000000
-13.634000 -22.689000 0.268000 38.000000 40.000000 52.000000
-13.586000 -22.695000 0.270000 40.000000 43.000000 58.000000
-13.647000 -22.694000 0.192000 42.000000 42.000000 54.000000
-13.558000 -22.692000 0.344000 38.000000 39.000000 43.000000
-13.514000 -22.702000 0.292000 79.000000 86.000000 112.000000
-13.595000 -22.698000 0.228000 40.000000 44.000000 55.000000
-13.572000 -22.695000 0.288000 34.000000 37.000000 52.000000
-13.652000 -22.682000 0.330000 36.000000 39.000000 46.000000
-13.655000 -22.693000 0.192000 38.000000 40.000000 52.000000
-13.591000 -22.696000 0.254000 41.000000 45.000000 57.000000
-13.578000 -22.695000 0.283000 43.000000 46.000000 55.000000
-13.672000 -22.693000 0.171000 36.000000 39.000000 48.000000
-13.656000 -22.685000 0.287000 34.000000 38.000000 47.000000
-13.576000 -22.700000 0.225000 43.000000 47.000000 59.000000
-13.587000 -22.698000 0.237000 42.000000 46.000000 58.000000
-13.572000 -22.695000 0.297000 28.000000 39.000000 69.000000
-13.575000 -22.699000 0.239000 42.000000 46.000000 58.000000
-13.503000 -22.701000 0.321000 32.000000 37.000000 43.000000
-13.653000 -22.681000 0.344000 36.000000 40.000000 49.000000
-13.603000 -22.699000 0.200000 45.000000 49.000000 60.000000
-13.599000 -22.689000 0.324000 47.000000 50.000000 67.000000
-13.586000 -22.697000 0.243000 42.000000 46.000000 58.000000
-13.656000 -22.680000 0.343000 35.000000 40.000000 46.000000
-13.583000 -22.698000 0.246000 42.000000 46.000000 58.000000
-13.539000 -22.699000 0.293000 29.000000 37.000000 48.000000
-13.612000 -22.692000 0.273000 39.000000 43.000000 54.000000
-13.665000 -22.693000 0.179000 36.000000 38.000000 50.000000
-13.588000 -22.699000 0.224000 41.000000 45.000000 57.000000
-13.657000 -22.694000 0.185000 39.000000 41.000000 53.000000
-13.589000 -22.694000 0.283000 43.000000 43.000000 51.000000
-13.638000 -22.697000 0.168000 41.000000 45.000000 56.000000
-13.500000 -22.701000 0.331000 52.000000 52.000000 62.000000
-13.599000 -22.690000 0.314000 57.000000 61.000000 86.000000
-13.642000 -22.691000 0.241000 38.000000 42.000000 53.000000
-13.596000 -22.692000 0.299000 29.000000 38.000000 55.000000
-13.614000 -22.689000 0.305000 38.000000 41.000000 48.000000
-13.586000 -22.690000 0.330000 49.000000 50.000000 68.000000
-13.583000 -22.696000 0.271000 40.000000 43.000000 58.000000
-13.631000 -22.695000 0.212000 41.000000 45.000000 56.000000
-13.630000 -22.688000 0.297000 36.000000 38.000000 50.000000
-13.474000 -22.704000 0.328000 53.000000 57.000000 66.000000
-13.671000 -22.696000 0.140000 34.000000 37.000000 46.000000
-13.513000 -22.698000 0.340000 34.000000 34.000000 46.000000
-13.593000 -22.695000 0.258000 41.000000 45.000000 56.000000
-13.650000 -22.693000 0.197000 41.000000 41.000000 53.000000
-13.509000 -22.701000 0.311000 55.000000 64.000000 79.000000
-13.627000 -22.684000 0.341000 81.000000 87.000000 103.000000
-13.609000 -22.689000 0.316000 37.000000 42.000000 48.000000
-13.656000 -22.684000 0.296000 34.000000 38.000000 47.000000
-13.583000 -22.691000 0.330000 43.000000 44.000000 62.000000
-13.530000 -22.698000 0.323000 29.000000 33.000000 44.000000
-13.589000 -22.693000 0.299000 40.000000 46.000000 80.000000
-13.582000 -22.690000 0.342000 38.000000 39.000000 43.000000
-13.619000 -22.691000 0.274000 38.000000 42.000000 53.000000
-13.507000 -22.701000 0.323000 32.000000 37.000000 43.000000
-13.620000 -22.693000 0.242000 40.000000 44.000000 55.000000
-13.564000 -22.696000 0.295000 26.000000 34.000000 57.000000
-13.661000 -22.693000 0.188000 38.000000 40.000000 52.000000
-13.542000 -22.696000 0.326000 45.000000 48.000000 57.000000
-13.510000 -22.702000 0.304000 82.000000 91.000000 122.000000
-13.531000 -22.698000 0.316000 27.000000 39.000000 55.000000
-13.666000 -22.692000 0.194000 36.000000 38.000000 50.000000
-13.509000 -22.702000 0.309000 44.000000 53.000000 70.000000
-13.556000 -22.698000 0.279000 41.000000 45.000000 57.000000
-13.474000 -22.704000 0.339000 45.000000 49.000000 60.000000
-13.572000 -22.693000 0.316000 31.000000 37.000000 61.000000
-13.648000 -22.687000 0.275000 36.000000 40.000000 51.000000
-13.468000 -22.705000 0.334000 43.000000 45.000000 57.000000
-13.519000 -22.700000 0.317000 35.000000 45.000000 57.000000
-13.635000 -22.694000 0.209000 41.000000 45.000000 56.000000
-13.636000 -22.683000 0.340000 34.000000 41.000000 59.000000
-13.607000 -22.695000 0.248000 40.000000 44.000000 55.000000
-13.660000 -22.693000 0.186000 37.000000 39.000000 51.000000
-13.493000 -22.704000 0.307000 28.000000 31.000000 46.000000
-13.647000 -22.688000 0.267000 36.000000 40.000000 51.000000
-13.660000 -22.695000 0.163000 39.000000 41.000000 53.000000
-13.600000 -22.692000 0.286000 42.000000 41.000000 55.000000
-13.576000 -22.694000 0.298000 69.000000 82.000000 117.000000
-13.613000 -22.688000 0.321000 36.000000 39.000000 46.000000
-13.536000 -22.699000 0.298000 97.000000 107.000000 132.000000
-13.473000 -22.705000 0.323000 39.000000 43.000000 52.000000
-13.663000 -22.690000 0.221000 37.000000 39.000000 51.000000
-13.625000 -22.694000 0.222000 42.000000 46.000000 57.000000
-13.565000 -22.696000 0.289000 40.000000 43.000000 58.000000
-13.575000 -22.694000 0.303000 137.000000 152.000000 193.000000
-13.584000 -22.691000 0.323000 42.000000 46.000000 58.000000
-13.628000 -22.691000 0.262000 37.000000 41.000000 53.000000
-13.596000 -22.698000 0.224000 41.000000 45.000000 56.000000
-13.566000 -22.698000 0.266000 39.000000 43.000000 55.000000
-13.570000 -22.699000 0.248000 43.000000 47.000000 59.000000
-13.567000 -22.699000 0.249000 42.000000 46.000000 58.000000
-13.649000 -22.693000 0.205000 41.000000 41.000000 53.000000
-13.541000 -22.702000 0.260000 39.000000 46.000000 52.000000
-13.656000 -22.692000 0.200000 37.000000 39.000000 51.000000
-13.561000 -22.697000 0.291000 29.000000 35.000000 51.000000
-13.636000 -22.690000 0.255000 38.000000 42.000000 53.000000
-13.510000 -22.702000 0.303000 82.000000 91.000000 122.000000
-13.650000 -22.684000 0.311000 36.000000 39.000000 46.000000
-13.657000 -22.682000 0.326000 36.000000 39.000000 48.000000
-13.631000 -22.695000 0.211000 41.000000 45.000000 56.000000
-13.502000 -22.703000 0.301000 85.000000 94.000000 125.000000
-13.628000 -22.686000 0.320000 33.000000 35.000000 50.000000
-13.571000 -22.700000 0.240000 43.000000 47.000000 59.000000
-13.518000 -22.702000 0.290000 30.000000 37.000000 56.000000
-13.555000 -22.700000 0.263000 39.000000 45.000000 57.000000
-13.653000 -22.685000 0.298000 33.000000 37.000000 46.000000
-13.568000 -22.697000 0.276000 38.000000 44.000000 56.000000
-13.587000 -22.697000 0.245000 42.000000 46.000000 58.000000
-13.601000 -22.692000 0.291000 36.000000 38.000000 53.000000
-13.566000 -22.694000 0.319000 41.000000 49.000000 62.000000
-13.540000 -22.697000 0.320000 34.000000 41.000000 51.000000
-13.670000 -22.696000 0.138000 33.000000 36.000000 45.000000
-13.639000 -22.696000 0.186000 40.000000 44.000000 55.000000
-13.660000 -22.692000 0.197000 36.000000 38.000000 50.000000
-13.491000 -22.704000 0.311000 54.000000 57.000000 72.000000
-13.639000 -22.685000 0.319000 33.000000 38.000000 44.000000
-13.518000 -22.701000 0.301000 101.000000 110.000000 141.000000
-13.631000 -22.692000 0.245000 38.000000 42.000000 53.000000
-13.639000 -22.696000 0.178000 41.000000 45.000000 56.000000
-13.630000 -22.687000 0.304000 35.000000 37.000000 49.000000
-13.627000 -22.686000 0.318000 33.000000 35.000000 50.000000
-13.543000 -22.700000 0.273000 43.000000 45.000000 60.000000
-13.573000 -22.700000 0.234000 43.000000 47.000000 59.000000
-13.584000 -22.699000 0.234000 43.000000 47.000000 59.000000
-13.561000 -22.695000 0.315000 28.000000 39.000000 57.000000
-13.521000 -22.702000 0.286000 33.000000 39.000000 53.000000
-13.650000 -22.681000 0.345000 32.000000 36.000000 47.000000
-13.668000 -22.692000 0.184000 36.000000 39.000000 48.000000
-13.668000 -22.695000 0.147000 36.000000 39.000000 48.000000
-13.663000 -22.693000 0.184000 35.000000 37.000000 49.000000
-13.575000 -22.700000 0.232000 43.000000 47.000000 59.000000
-13.645000 -22.694000 0.199000 41.000000 41.000000 53.000000
-13.668000 -22.693000 0.173000 36.000000 39.000000 48.000000
-13.525000 -22.702000 0.284000 39.000000 43.000000 54.000000
-13.599000 -22.697000 0.236000 41.000000 45.000000 56.000000
-13.578000 -22.692000 0.324000 31.000000 35.000000 47.000000
-13.549000 -22.694000 0.339000 42.000000 42.000000 54.000000
-13.597000 -22.693000 0.278000 43.000000 41.000000 55.000000
-13.556000 -22.698000 0.277000 41.000000 45.000000 57.000000
-13.645000 -22.681000 0.349000 48.000000 52.000000 64.000000
-13.558000 -22.699000 0.267000 40.000000 46.000000 58.000000
-13.630000 -22.698000 0.178000 42.000000 46.000000 57.000000
-13.598000 -22.695000 0.255000 40.000000 44.000000 55.000000
-13.515000 -22.702000 0.292000 63.000000 71.000000 94.000000
-13.600000 -22.698000 0.216000 44.000000 48.000000 59.000000
-13.549000 -22.696000 0.322000 40.000000 51.000000 55.000000
-13.466000 -22.705000 0.331000 48.000000 51.000000 60.000000
-13.657000 -22.681000 0.336000 35.000000 38.000000 45.000000
-13.659000 -22.690000 0.223000 36.000000 38.000000 50.000000
-13.637000 -22.686000 0.304000 34.000000 38.000000 50.000000
-13.632000 -22.690000 0.264000 37.000000 41.000000 52.000000
-13.566000 -22.701000 0.236000 43.000000 47.000000 59.000000
-13.560000 -22.694000 0.322000 27.000000 36.000000 43.000000
-13.595000 -22.691000 0.303000 91.000000 100.000000 117.000000
-13.643000 -22.696000 0.176000 45.000000 47.000000 59.000000
-13.616000 -22.697000 0.204000 42.000000 46.000000 57.000000
-13.579000 -22.690000 0.339000 48.000000 48.000000 56.000000
-13.578000 -22.694000 0.297000 24.000000 31.000000 60.000000
-13.521000 -22.699000 0.323000 61.000000 68.000000 78.000000
-13.537000 -22.699000 0.297000 70.000000 78.000000 97.000000
-13.641000 -22.688000 0.278000 36.000000 40.000000 51.000000
-13.623000 -22.693000 0.245000 40.000000 44.000000 55.000000
-13.506000 -22.700000 0.336000 43.000000 43.000000 55.000000
-13.594000 -22.695000 0.267000 41.000000 43.000000 55.000000
-13.547000 -22.699000 0.282000 41.000000 43.000000 55.000000
-13.631000 -22.688000 0.284000 38.000000 42.000000 53.000000
-13.620000 -22.685000 0.346000 52.000000 56.000000 68.000000
-13.627000 -22.685000 0.335000 91.000000 97.000000 113.000000
-13.642000 -22.683000 0.328000 34.000000 37.000000 42.000000
-13.624000 -22.686000 0.318000 34.000000 35.000000 53.000000
-13.586000 -22.690000 0.332000 49.000000 48.000000 66.000000
-13.516000 -22.701000 0.300000 109.000000 118.000000 147.000000
-13.642000 -22.685000 0.312000 35.000000 38.000000 45.000000
-13.569000 -22.698000 0.260000 41.000000 43.000000 56.000000
-13.516000 -22.699000 0.331000 42.000000 42.000000 52.000000
-13.656000 -22.681000 0.336000 37.000000 40.000000 47.000000
-13.563000 -22.700000 0.247000 42.000000 46.000000 58.000000
-13.649000 -22.695000 0.185000 42.000000 44.000000 56.000000
-13.666000 -22.693000 0.177000 36.000000 38.000000 50.000000
-13.581000 -22.692000 0.321000 37.000000 43.000000 55.000000
-13.637000 -22.686000 0.299000 34.000000 38.000000 50.000000
-13.608000 -22.697000 0.220000 41.000000 45.000000 56.000000
-13.604000 -22.692000 0.286000 37.000000 36.000000 50.000000
-13.498000 -22.702000 0.323000 59.000000 62.000000 67.000000
-13.658000 -22.695000 0.171000 43.000000 45.000000 57.000000
-13.640000 -22.686000 0.297000 35.000000 39.000000 48.000000
-13.629000 -22.693000 0.229000 39.000000 43.000000 54.000000
-13.668000 -22.692000 0.181000 36.000000 39.000000 48.000000
-13.658000 -22.694000 0.176000 46.000000 48.000000 60.000000
-13.472000 -22.698000 0.126000 42.000000 46.000000 58.000000
-13.609000 -22.696000 0.116000 43.000000 47.000000 58.000000
-13.630000 -22.696000 0.136000 41.000000 43.000000 55.000000
-13.612000 -22.698000 0.176000 48.000000 52.000000 63.000000
-13.516000 -22.696000 0.098000 40.000000 46.000000 58.000000
-13.509000 -22.697000 0.114000 43.000000 49.000000 61.000000
-13.518000 -22.694000 0.060000 41.000000 48.000000 58.000000
-13.454000 -22.698000 0.141000 39.000000 43.000000 55.000000
-13.501000 -22.703000 0.265000 40.000000 44.000000 53.000000
-13.512000 -22.696000 0.092000 39.000000 45.000000 57.000000
-13.594000 -22.699000 0.196000 47.000000 51.000000 62.000000
-13.562000 -22.697000 0.125000 46.000000 50.000000 61.000000
-13.470000 -22.703000 0.270000 41.000000 46.000000 52.000000
-13.562000 -22.696000 0.118000 48.000000 52.000000 63.000000
-13.564000 -22.699000 0.191000 45.000000 49.000000 60.000000
-13.529000 -22.697000 0.121000 43.000000 47.000000 59.000000
-13.530000 -22.698000 0.152000 48.000000 52.000000 64.000000
-13.638000 -22.696000 0.136000 43.000000 45.000000 57.000000
-13.493000 -22.696000 0.103000 43.000000 49.000000 61.000000
-13.601000 -22.696000 0.115000 42.000000 46.000000 57.000000
-13.485000 -22.703000 0.252000 39.000000 43.000000 54.000000
-13.502000 -22.695000 0.083000 39.000000 45.000000 57.000000
-13.525000 -22.702000 0.238000 42.000000 46.000000 57.000000
-13.577000 -22.699000 0.183000 47.000000 51.000000 62.000000
-13.502000 -22.697000 0.121000 46.000000 50.000000 62.000000
-13.487000 -22.698000 0.148000 44.000000 48.000000 60.000000
-13.512000 -22.696000 0.102000 41.000000 47.000000 59.000000
-13.587000 -22.698000 0.165000 46.000000 50.000000 61.000000
-13.505000 -22.701000 0.230000 41.000000 45.000000 56.000000
-13.560000 -22.698000 0.151000 48.000000 52.000000 63.000000
-13.475000 -22.698000 0.143000 43.000000 47.000000 59.000000
-13.539000 -22.696000 0.095000 43.000000 47.000000 59.000000
-13.505000 -22.702000 0.239000 41.000000 45.000000 56.000000
-13.488000 -22.703000 0.259000 40.000000 43.000000 52.000000
-13.455000 -22.697000 0.101000 40.000000 44.000000 56.000000
-13.525000 -22.696000 0.099000 41.000000 47.000000 59.000000
-13.528000 -22.699000 0.187000 48.000000 52.000000 64.000000
-13.614000 -22.695000 0.100000 41.000000 44.000000 53.000000
-13.498000 -22.698000 0.152000 47.000000 51.000000 63.000000
-13.577000 -22.698000 0.154000 47.000000 51.000000 62.000000
-13.655000 -22.697000 0.150000 39.000000 42.000000 51.000000
-13.502000 -22.694000 0.056000 41.000000 47.000000 59.000000
-13.562000 -22.698000 0.165000 48.000000 52.000000 63.000000
-13.629000 -22.696000 0.138000 41.000000 43.000000 55.000000
-13.620000 -22.695000 0.113000 43.000000 46.000000 55.000000
-13.607000 -22.699000 0.189000 48.000000 52.000000 63.000000
-13.483000 -22.705000 0.301000 33.000000 38.000000 57.000000
-13.534000 -22.699000 0.189000 48.000000 52.000000 64.000000
-13.548000 -22.695000 0.077000 42.000000 45.000000 62.000000
-13.550000 -22.700000 0.215000 47.000000 51.000000 63.000000
-13.526000 -22.700000 0.203000 44.000000 50.000000 62.000000
-13.498000 -22.694000 0.042000 40.000000 46.000000 60.000000
-13.460000 -22.701000 0.211000 45.000000 48.000000 55.000000
-13.502000 -22.702000 0.246000 40.000000 44.000000 53.000000
-13.489000 -22.703000 0.271000 39.000000 44.000000 50.000000
-13.503000 -22.703000 0.259000 38.000000 41.000000 56.000000
-13.540000 -22.700000 0.192000 48.000000 52.000000 64.000000
-13.456000 -22.696000 0.082000 44.000000 48.000000 60.000000
-13.489000 -22.700000 0.184000 45.000000 49.000000 61.000000
-13.502000 -22.703000 0.277000 36.000000 44.000000 46.000000
-13.578000 -22.700000 0.216000 44.000000 48.000000 60.000000
-13.526000 -22.694000 0.063000 45.000000 49.000000 58.000000
-13.553000 -22.696000 0.110000 43.000000 47.000000 59.000000
-13.505000 -22.697000 0.133000 45.000000 49.000000 61.000000
-13.524000 -22.695000 0.082000 40.000000 46.000000 58.000000
-13.490000 -22.700000 0.180000 44.000000 50.000000 62.000000
-13.613000 -22.697000 0.156000 47.000000 51.000000 63.000000
-13.623000 -22.697000 0.159000 44.000000 46.000000 59.000000
-13.537000 -22.698000 0.166000 48.000000 52.000000 64.000000
-13.517000 -22.699000 0.179000 45.000000 51.000000 63.000000
-13.593000 -22.697000 0.152000 45.000000 49.000000 61.000000
-13.456000 -22.699000 0.147000 44.000000 48.000000 60.000000
-13.577000 -22.697000 0.128000 48.000000 52.000000 63.000000
-13.533000 -22.700000 0.203000 46.000000 50.000000 62.000000
-13.581000 -22.696000 0.106000 46.000000 50.000000 62.000000
-13.523000 -22.695000 0.075000 40.000000 46.000000 58.000000
-13.586000 -22.699000 0.201000 44.000000 48.000000 59.000000
-13.552000 -22.699000 0.171000 50.000000 54.000000 65.000000
-13.639000 -22.696000 0.123000 42.000000 44.000000 56.000000
-13.467000 -22.701000 0.213000 45.000000 48.000000 55.000000
-13.525000 -22.694000 0.061000 45.000000 49.000000 58.000000
-13.497000 -22.704000 0.285000 28.000000 37.000000 52.000000
-13.585000 -22.698000 0.172000 48.000000 52.000000 63.000000
-13.573000 -22.697000 0.148000 48.000000 52.000000 63.000000
-13.628000 -22.695000 0.108000 47.000000 50.000000 59.000000
-13.569000 -22.697000 0.137000 46.000000 50.000000 61.000000
-13.542000 -22.699000 0.187000 48.000000 52.000000 64.000000
-13.496000 -22.702000 0.232000 41.000000 45.000000 56.000000
-13.546000 -22.702000 0.243000 43.000000 47.000000 59.000000
-13.493000 -22.699000 0.162000 47.000000 51.000000 63.000000
-13.487000 -22.694000 0.043000 40.000000 44.000000 56.000000
-13.580000 -22.695000 0.087000 40.000000 44.000000 56.000000
-13.607000 -22.697000 0.158000 48.000000 52.000000 64.000000
-13.469000 -22.700000 0.178000 43.000000 47.000000 59.000000
-13.492000 -22.701000 0.211000 44.000000 48.000000 59.000000
-13.466000 -22.700000 0.184000 43.000000 47.000000 59.000000
-13.477000 -22.696000 0.090000 40.000000 46.000000 58.000000
-13.564000 -22.695000 0.081000 42.000000 45.000000 60.000000
-13.482000 -22.701000 0.207000 43.000000 47.000000 58.000000
-13.471000 -22.704000 0.285000 39.000000 44.000000 50.000000
-13.612000 -22.696000 0.125000 42.000000 46.000000 57.000000
-13.522000 -22.700000 0.206000 44.000000 50.000000 62.000000
-13.483000 -22.695000 0.065000 38.000000 44.000000 56.000000
-13.474000 -22.700000 0.195000 43.000000 47.000000 59.000000
-13.594000 -22.695000 0.099000 43.000000 46.000000 55.000000
-13.631000 -22.696000 0.117000 41.000000 43.000000 55.000000
-13.454000 -22.697000 0.106000 43.000000 47.000000 59.000000
-13.598000 -22.696000 0.116000 43.000000 47.000000 58.000000
-13.455000 -22.703000 0.266000 40.000000 45.000000 51.000000
-13.561000 -22.698000 0.167000 48.000000 52.000000 63.000000
-13.496000 -22.699000 0.177000 45.000000 51.000000 63.000000
-13.545000 -22.697000 0.141000 48.000000 52.000000 63.000000
-13.462000 -22.698000 0.140000 44.000000 48.000000 60.000000
-13.528000 -22.700000 0.201000 46.000000 50.000000 62.000000
-13.548000 -22.696000 0.107000 41.000000 45.000000 57.000000
-13.481000 -22.703000 0.262000 40.000000 44.000000 53.000000
-13.461000 -22.697000 0.116000 42.000000 46.000000 58.000000
-13.579000 -22.699000 0.179000 47.000000 51.000000 62.000000
-13.473000 -22.705000 0.309000 31.000000 36.000000 42.000000
-13.599000 -22.697000 0.143000 46.000000 50.000000 62.000000
-13.640000 -22.697000 0.153000 45.000000 47.000000 60.000000
-13.461000 -22.701000 0.196000 40.000000 47.000000 57.000000
-13.507000 -22.698000 0.139000 44.000000 48.000000 60.000000
-13.503000 -22.699000 0.180000 44.000000 50.000000 62.000000
-13.606000 -22.696000 0.125000 44.000000 48.000000 59.000000
-13.486000 -22.698000 0.149000 44.000000 48.000000 60.000000
-13.546000 -22.702000 0.251000 42.000000 46.000000 58.000000
-13.534000 -22.696000 0.094000 43.000000 47.000000 59.000000
-13.469000 -22.701000 0.213000 43.000000 48.000000 54.000000
-13.463000 -22.698000 0.136000 43.000000 47.000000 59.000000
-13.454000 -22.705000 0.297000 36.000000 36.000000 46.000000
-13.455000 -22.706000 0.324000 60.000000 62.000000 74.000000
-13.478000 -22.700000 0.187000 45.000000 49.000000 61.000000
-13.567000 -22.698000 0.163000 45.000000 49.000000 60.000000
-13.517000 -22.700000 0.194000 48.000000 54.000000 66.000000
-13.460000 -22.695000 0.058000 39.000000 45.000000 57.000000
-13.542000 -22.698000 0.145000 48.000000 52.000000 64.000000
-13.494000 -22.699000 0.178000 45.000000 51.000000 63.000000
-13.460000 -22.700000 0.189000 41.000000 44.000000 59.000000
-13.525000 -22.703000 0.263000 41.000000 45.000000 56.000000
-13.499000 -22.697000 0.109000 44.000000 50.000000 62.000000
-13.507000 -22.701000 0.232000 41.000000 45.000000 56.000000
-13.481000 -22.701000 0.211000 43.000000 47.000000 58.000000
-13.557000 -22.698000 0.156000 49.000000 53.000000 64.000000
-13.465000 -22.702000 0.233000 40.000000 43.000000 50.000000
-13.487000 -22.694000 0.052000 39.000000 45.000000 57.000000
-13.545000 -22.697000 0.120000 46.000000 50.000000 61.000000
-13.455000 -22.697000 0.108000 43.000000 47.000000 59.000000
-13.538000 -22.701000 0.217000 47.000000 50.000000 65.000000
-13.557000 -22.697000 0.124000 45.000000 49.000000 60.000000
-13.478000 -22.698000 0.147000 43.000000 47.000000 59.000000
-13.473000 -22.697000 0.120000 43.000000 47.000000 59.000000
-13.464000 -22.702000 0.237000 40.000000 43.000000 50.000000
-13.497000 -22.703000 0.277000 34.000000 44.000000 46.000000
-13.475000 -22.699000 0.170000 44.000000 50.000000 62.000000
-13.491000 -22.696000 0.098000 41.000000 47.000000 59.000000
-13.541000 -22.697000 0.122000 44.000000 48.000000 60.000000
-13.470000 -22.703000 0.252000 38.000000 43.000000 49.000000
-13.561000 -22.696000 0.115000 47.000000 51.000000 62.000000
-13.606000 -22.696000 0.127000 46.000000 50.000000 61.000000
-13.582000 -22.698000 0.175000 48.000000 52.000000 63.000000
-13.602000 -22.696000 0.129000 46.000000 50.000000 61.000000
-13.601000 -22.696000 0.124000 45.000000 49.000000 60.000000
-13.476000 -22.704000 0.280000 36.000000 41.000000 47.000000
-13.591000 -22.697000 0.153000 45.000000 49.000000 60.000000
-13.508000 -22.699000 0.176000 45.000000 51.000000 63.000000
-13.483000 -22.705000 0.301000 30.000000 36.000000 52.000000
-13.513000 -22.698000 0.156000 48.000000 52.000000 64.000000
-13.572000 -22.697000 0.136000 45.000000 49.000000 60.000000
-13.473000 -22.697000 0.125000 42.000000 46.000000 58.000000
-13.465000 -22.704000 0.296000 39.000000 42.000000 49.000000
-13.511000 -22.694000 0.045000 43.000000 49.000000 63.000000
-13.482000 -22.701000 0.207000 43.000000 47.000000 58.000000
-13.471000 -22.695000 0.055000 35.000000 41.000000 53.000000
-13.454000 -22.706000 0.322000 56.000000 58.000000 70.000000
-13.473000 -22.702000 0.231000 40.000000 44.000000 53.000000
-13.454000 -22.704000 0.270000 39.000000 44.000000 50.000000
-13.470000 -22.698000 0.146000 42.000000 46.000000 58.000000
-13.527000 -22.698000 0.148000 47.000000 51.000000 63.000000
-13.595000 -22.695000 0.105000 45.000000 48.000000 57.000000
-13.461000 -22.695000 0.060000 39.000000 45.000000 57.000000
-13.479000 -22.705000 0.309000 36.000000 40.000000 49.000000
-13.558000 -22.698000 0.168000 47.000000 51.000000 62.000000
-13.503000 -22.703000 0.274000 36.000000 44.000000 46.000000
-13.594000 -22.699000 0.192000 47.000000 51.000000 62.000000
-13.547000 -22.697000 0.128000 49.000000 53.000000 64.000000
-13.547000 -22.698000 0.146000 47.000000 51.000000 62.000000
-13.482000 -22.703000 0.263000 41.000000 44.000000 53.000000
-13.463000 -22.696000 0.092000 42.000000 46.000000 58.000000
-13.656000 -22.696000 0.134000 39.000000 42.000000 51.000000
-13.534000 -22.700000 0.204000 46.000000 50.000000 62.000000
-13.601000 -22.698000 0.176000 50.000000 54.000000 65.000000
-13.463000 -22.705000 0.312000 30.000000 33.000000 40.000000
-13.608000 -22.697000 0.143000 44.000000 48.000000 60.000000
-13.526000 -22.697000 0.129000 46.000000 50.000000 62.000000
-13.467000 -22.697000 0.117000 41.000000 45.000000 57.000000
-13.490000 -22.702000 0.240000 40.000000 44.000000 55.000000
-13.540000 -22.700000 0.208000 45.000000 49.000000 61.000000
-13.627000 -22.698000 0.165000 41.000000 45.000000 56.000000
-13.519000 -22.701000 0.235000 43.000000 47.000000 58.000000
-13.487000 -22.694000 0.046000 39.000000 43.000000 55.000000
-13.458000 -22.704000 0.275000 38.000000 41.000000 48.000000
-13.544000 -22.695000 0.081000 43.000000 47.000000 59.000000
-13.488000 -22.699000 0.167000 47.000000 53.000000 67.000000
-13.515000 -22.695000 0.078000 40.000000 46.000000 58.000000
-13.476000 -22.699000 0.164000 41.000000 47.000000 59.000000
-13.557000 -22.697000 0.141000 47.000000 51.000000 62.000000
-13.582000 -22.700000 0.218000 44.000000 48.000000 60.000000
-13.516000 -22.694000 0.052000 41.000000 47.000000 59.000000
-13.593000 -22.696000 0.117000 43.000000 47.000000 58.000000
-13.538000 -22.696000 0.106000 41.000000 45.000000 57.000000
-13.524000 -22.701000 0.231000 43.000000 47.000000 59.000000
-13.554000 -22.701000 0.228000 43.000000 47.000000 59.000000
-13.483000 -22.704000 0.301000 30.000000 36.000000 52.000000
-13.455000 -22.704000 0.281000 36.000000 39.000000 48.000000
-13.579000 -22.695000 0.096000 42.000000 46.000000 58.000000
-13.514000 -22.698000 0.157000 48.000000 52.000000 64.000000
-13.496000 -22.702000 0.230000 42.000000 46.000000 57.000000
-13.486000 -22.701000 0.220000 42.000000 46.000000 57.000000
-13.475000 -22.703000 0.268000 41.000000 46.000000 52.000000
-13.501000 -22.700000 0.190000 45.000000 51.000000 63.000000
-13.578000 -22.699000 0.187000 46.000000 50.000000 61.000000
-13.494000 -22.698000 0.140000 43.000000 47.000000 59.000000
-13.496000 -22.703000 0.254000 39.000000 43.000000 54.000000
-13.661000 -22.696000 0.138000 34.000000 37.000000 46.000000
-13.494000 -22.703000 0.259000 41.000000 44.000000 53.000000
-13.497000 -22.704000 0.280000 33.000000 42.000000 49.000000
-13.645000 -22.696000 0.144000 41.000000 43.000000 55.000000
-13.614000 -22.699000 0.187000 44.000000 48.000000 59.000000
-13.508000 -22.695000 0.065000 46.000000 50.000000 61.000000
-13.496000 -22.701000 0.226000 43.000000 47.000000 58.000000
-13.460000 -22.697000 0.117000 42.000000 46.000000 58.000000
-13.497000 -22.700000 0.201000 44.000000 50.000000 62.000000
-13.586000 -22.699000 0.182000 46.000000 50.000000 61.000000
-13.489000 -22.701000 0.212000 43.000000 47.000000 58.000000
-13.477000 -22.700000 0.177000 44.000000 50.000000 62.000000
-13.515000 -22.703000 0.267000 40.000000 44.000000 53.000000
-13.536000 -22.700000 0.204000 47.000000 51.000000 63.000000
-13.495000 -22.699000 0.169000 46.000000 52.000000 66.000000
-13.464000 -22.702000 0.237000 40.000000 43.000000 50.000000
-13.473000 -22.702000 0.246000 39.000000 43.000000 52.000000
-13.454000 -22.702000 0.243000 38.000000 41.000000 46.000000
-13.556000 -22.694000 0.070000 42.000000 45.000000 60.000000
-13.555000 -22.695000 0.076000 42.000000 45.000000 60.000000
-13.551000 -22.699000 0.184000 49.000000 53.000000 64.000000
-13.584000 -22.699000 0.201000 44.000000 48.000000 59.000000
-13.484000 -22.702000 0.239000 39.000000 43.000000 52.000000
-13.529000 -22.695000 0.068000 43.000000 47.000000 59.000000
-13.564000 -22.698000 0.152000 49.000000 53.000000 64.000000
-13.469000 -22.696000 0.092000 41.000000 47.000000 59.000000
-13.497000 -22.701000 0.216000 45.000000 49.000000 60.000000
-13.515000 -22.702000 0.237000 42.000000 46.000000 57.000000
-13.529000 -22.696000 0.095000 43.000000 47.000000 59.000000
-13.457000 -22.706000 0.325000 49.000000 51.000000 63.000000
-13.578000 -22.700000 0.211000 44.000000 48.000000 60.000000
-13.477000 -22.705000 0.301000 38.000000 42.000000 53.000000
-13.635000 -22.695000 0.113000 42.000000 45.000000 54.000000
-13.515000 -22.695000 0.064000 45.000000 49.000000 60.000000
-13.490000 -22.701000 0.211000 43.000000 47.000000 58.000000
-13.563000 -22.696000 0.120000 48.000000 52.000000 63.000000
-13.508000 -22.695000 0.072000 41.000000 47.000000 59.000000
-13.484000 -22.699000 0.162000 47.000000 51.000000 63.000000
-13.620000 -22.696000 0.118000 45.000000 47.000000 59.000000
-13.524000 -22.695000 0.065000 46.000000 50.000000 59.000000
-13.494000 -22.704000 0.295000 123.000000 128.000000 150.000000
-13.604000 -22.698000 0.168000 48.000000 52.000000 63.000000
-13.609000 -22.695000 0.107000 45.000000 48.000000 57.000000
-13.483000 -22.700000 0.184000 45.000000 49.000000 61.000000
-13.569000 -22.698000 0.156000 47.000000 51.000000 62.000000
-13.612000 -22.698000 0.176000 48.000000 52.000000 63.000000
-13.467000 -22.701000 0.203000 40.000000 47.000000 55.000000
-13.535000 -22.695000 0.071000 42.000000 46.000000 58.000000
-13.464000 -22.705000 0.296000 39.000000 42.000000 49.000000
-13.534000 -22.702000 0.243000 43.000000 47.000000 59.000000
-13.537000 -22.699000 0.171000 48.000000 52.000000 64.000000
-13.495000 -22.699000 0.179000 45.000000 51.000000 63.000000
-13.620000 -22.695000 0.104000 40.000000 43.000000 52.000000
-13.507000 -22.698000 0.147000 45.000000 49.000000 61.000000
-13.532000 -22.702000 0.242000 43.000000 47.000000 58.000000
-13.458000 -22.704000 0.277000 38.000000 41.000000 48.000000
-13.478000 -22.696000 0.091000 40.000000 46.000000 58.000000
-13.538000 -22.696000 0.111000 42.000000 46.000000 58.000000
-13.564000 -22.699000 0.176000 49.000000 53.000000 64.000000
-13.487000 -22.702000 0.249000 39.000000 43.000000 54.000000
-13.593000 -22.699000 0.192000 47.000000 51.000000 62.000000
-13.473000 -22.695000 0.072000 38.000000 44.000000 56.000000
-13.490000 -22.700000 0.191000 46.000000 50.000000 62.000000
-13.538000 -22.694000 0.061000 45.000000 49.000000 58.000000
-13.516000 -22.702000 0.239000 42.000000 46.000000 57.000000
-13.654000 -22.697000 0.151000 38.000000 41.000000 50.000000
-13.554000 -22.698000 0.148000 47.000000 51.000000 62.000000
-13.517000 -22.699000 0.183000 45.000000 51.000000 63.000000
-13.540000 -22.696000 0.101000 41.000000 45.000000 57.000000
-13.478000 -22.698000 0.139000 46.000000 50.000000 62.000000
-13.568000 -22.701000 0.227000 44.000000 48.000000 60.000000
-13.572000 -22.699000 0.184000 47.000000 51.000000 62.000000
-13.525000 -22.695000 0.088000 39.000000 45.000000 57.000000
-13.558000 -22.695000 0.090000 43.000000 46.000000 61.000000
-13.489000 -22.700000 0.180000 44.000000 50.000000 62.000000
-13.487000 -22.700000 0.184000 45.000000 49.000000 61.000000
-13.584000 -22.700000 0.204000 44.000000 48.000000 59.000000
-13.453000 -22.695000 0.054000 34.000000 40.000000 52.000000
-13.550000 -22.699000 0.174000 51.000000 55.000000 66.000000
-13.563000 -22.695000 0.091000 42.000000 46.000000 58.000000
-13.661000 -22.696000 0.137000 34.000000 37.000000 46.000000
-13.543000 -22.695000 0.082000 43.000000 47.000000 59.000000
-13.592000 -22.696000 0.106000 46.000000 50.000000 62.000000
-13.570000 -22.696000 0.122000 47.000000 51.000000 62.000000
-13.456000 -22.695000 0.058000 38.000000 44.000000 56.000000
-13.485000 -22.698000 0.140000 44.000000 48.000000 60.000000
-13.602000 -22.696000 0.112000 43.000000 46.000000 55.000000
-13.616000 -22.696000 0.123000 42.000000 46.000000 57.000000
-13.589000 -22.698000 0.171000 44.000000 48.000000 59.000000
-13.500000 -22.703000 0.263000 39.000000 43.000000 55.000000
-13.562000 -22.699000 0.193000 46.000000 50.000000 61.000000
-13.518000 -22.703000 0.260000 41.000000 45.000000 56.000000
-13.640000 -22.697000 0.149000 45.000000 47.000000 60.000000
-13.586000 -22.698000 0.157000 49.000000 53.000000 64.000000
-13.516000 -22.695000 0.063000 44.000000 48.000000 59.000000
-13.467000 -22.705000 0.315000 29.000000 32.000000 39.000000
-13.531000 -22.700000 0.208000 46.000000 50.000000 62.000000
-13.612000 -22.695000 0.111000 45.000000 48.000000 57.000000
-13.506000 -22.701000 0.230000 41.000000 45.000000 56.000000
-13.469000 -22.703000 0.255000 39.000000 42.000000 49.000000
-13.521000 -22.699000 0.175000 45.000000 51.000000 63.000000
-13.469000 -22.702000 0.229000 39.000000 44.000000 50.000000
-13.452000 -22.703000 0.262000 38.000000 43.000000 49.000000
-13.519000 -22.701000 0.231000 43.000000 47.000000 59.000000
-13.542000 -22.694000 0.068000 43.000000 47.000000 59.000000
-13.592000 -22.698000 0.176000 46.000000 50.000000 61.000000
-13.507000 -22.698000 0.158000 49.000000 53.000000 65.000000
-13.474000 -22.697000 0.124000 42.000000 46.000000 58.000000
-13.605000 -22.697000 0.145000 46.000000 50.000000 62.000000
-13.653000 -22.696000 0.138000 39.000000 42.000000 51.000000
-13.584000 -22.700000 0.203000 44.000000 48.000000 59.000000
-13.597000 -22.696000 0.119000 43.000000 47.000000 58.000000
-13.478000 -22.703000 0.259000 38.000000 42.000000 51.000000
-13.474000 -22.696000 0.096000 41.000000 47.000000 59.000000
-13.567000 -22.698000 0.160000 46.000000 50.000000 61.000000
-13.628000 -22.696000 0.137000 43.000000 45.000000 57.000000
-13.471000 -22.698000 0.148000 42.000000 46.000000 58.000000
-13.608000 -22.699000 0.187000 48.000000 52.000000 63.000000
-13.516000 -22.697000 0.116000 46.000000 50.000000 62.000000
-13.564000 -22.695000 0.089000 42.000000 46.000000 58.000000
-13.466000 -22.697000 0.119000 41.000000 45.000000 57.000000
-13.471000 -22.699000 0.169000 46.000000 50.000000 61.000000
-13.460000 -22.701000 0.205000 40.000000 47.000000 53.000000
-13.576000 -22.698000 0.154000 47.000000 51.000000 62.000000
-13.645000 -22.697000 0.147000 41.000000 43.000000 55.000000
-13.524000 -22.694000 0.063000 45.000000 49.000000 58.000000
-13.501000 -22.701000 0.231000 42.000000 46.000000 57.000000
-13.532000 -22.698000 0.152000 48.000000 52.000000 64.000000
-13.466000 -22.702000 0.234000 40.000000 43.000000 50.000000
-13.478000 -22.703000 0.257000 38.000000 42.000000 51.000000
-13.530000 -22.700000 0.200000 46.000000 50.000000 62.000000
-13.608000 -22.695000 0.099000 44.000000 47.000000 56.000000
-13.630000 -22.697000 0.156000 46.000000 48.000000 61.000000
-13.640000 -22.696000 0.133000 43.000000 45.000000 57.000000
-13.484000 -22.702000 0.233000 40.000000 44.000000 55.000000
-13.550000 -22.693000 0.354000 35.000000 35.000000 47.000000
-13.609000 -22.681000 0.402000 42.000000 48.000000 60.000000
-13.540000 -22.694000 0.359000 37.000000 37.000000 47.000000
-13.581000 -22.689000 0.355000 40.000000 40.000000 52.000000
-13.585000 -22.686000 0.381000 59.000000 59.000000 67.000000
-13.577000 -22.686000 0.394000 65.000000 72.000000 101.000000
-13.547000 -22.692000 0.374000 34.000000 38.000000 41.000000
-13.509000 -22.697000 0.360000 34.000000 38.000000 49.000000
-13.582000 -22.687000 0.378000 39.000000 43.000000 54.000000
-13.586000 -22.684000 0.408000 56.000000 63.000000 89.000000
-13.558000 -22.685000 0.439000 67.000000 74.000000 90.000000
-13.552000 -22.685000 0.446000 52.000000 58.000000 72.000000
-13.586000 -22.684000 0.406000 54.000000 61.000000 89.000000
-13.602000 -22.684000 0.375000 42.000000 48.000000 62.000000
-13.573000 -22.683000 0.439000 92.000000 100.000000 121.000000
-13.578000 -22.683000 0.429000 105.000000 116.000000 134.000000
-13.545000 -22.693000 0.358000 36.000000 38.000000 53.000000
-13.488000 -22.702000 0.341000 56.000000 60.000000 69.000000
-13.617000 -22.680000 0.407000 108.000000 120.000000 162.000000
-13.587000 -22.684000 0.399000 29.000000 36.000000 54.000000
-13.570000 -22.687000 0.397000 38.000000 50.000000 92.000000
-13.466000 -22.704000 0.342000 39.000000 41.000000 53.000000
-13.562000 -22.689000 0.385000 57.000000 60.000000 75.000000
-13.559000 -22.685000 0.429000 52.000000 60.000000 73.000000
-13.541000 -22.688000 0.421000 20.000000 25.000000 21.000000
-13.535000 -22.687000 0.441000 113.000000 118.000000 137.000000
-13.591000 -22.684000 0.401000 26.000000 28.000000 43.000000
-13.578000 -22.683000 0.434000 121.000000 132.000000 154.000000
-13.571000 -22.686000 0.403000 134.000000 151.000000 197.000000
-13.612000 -22.681000 0.400000 41.000000 48.000000 66.000000
-13.458000 -22.705000 0.342000 37.000000 40.000000 49.000000
-13.543000 -22.692000 0.379000 35.000000 36.000000 38.000000
-13.577000 -22.684000 0.421000 34.000000 43.000000 60.000000
-13.540000 -22.692000 0.384000 39.000000 38.000000 43.000000
-13.500000 -22.696000 0.390000 28.000000 36.000000 49.000000
-13.519000 -22.695000 0.378000 93.000000 96.000000 113.000000
-13.583000 -22.688000 0.360000 24.000000 31.000000 41.000000
-13.514000 -22.698000 0.351000 34.000000 37.000000 42.000000
-13.525000 -22.693000 0.392000 42.000000 50.000000 73.000000
-13.555000 -22.691000 0.367000 36.000000 39.000000 48.000000
-13.498000 -22.698000 0.373000 30.000000 38.000000 49.000000
-13.510000 -22.699000 0.345000 34.000000 37.000000 46.000000
-13.568000 -22.688000 0.384000 70.000000 72.000000 95.000000
-13.542000 -22.693000 0.359000 34.000000 34.000000 44.000000
-13.575000 -22.690000 0.354000 33.000000 33.000000 45.000000
-13.635000 -22.681000 0.365000 63.000000 64.000000 84.000000
-13.571000 -22.683000 0.447000 40.000000 44.000000 56.000000
-13.610000 -22.681000 0.412000 88.000000 98.000000 133.000000
-13.551000 -22.687000 0.426000 42.000000 46.000000 55.000000
-13.601000 -22.679000 0.438000 32.000000 35.000000 44.000000
-13.512000 -22.697000 0.366000 44.000000 48.000000 60.000000
-13.563000 -22.686000 0.422000 109.000000 117.000000 130.000000
-13.603000 -22.686000 0.358000 58.000000 62.000000 87.000000
-13.526000 -22.693000 0.390000 62.000000 67.000000 87.000000
-13.541000 -22.687000 0.440000 29.000000 32.000000 51.000000
-13.531000 -22.695000 0.358000 43.000000 42.000000 50.000000
-13.538000 -22.689000 0.416000 32.000000 36.000000 37.000000
-13.539000 -22.691000 0.396000 57.000000 58.000000 63.000000
-13.628000 -22.680000 0.387000 128.000000 136.000000 155.000000
-13.512000 -22.693000 0.413000 51.000000 58.000000 74.000000
-13.540000 -22.690000 0.397000 57.000000 58.000000 63.000000
-13.559000 -22.686000 0.421000 120.000000 128.000000 141.000000
-13.613000 -22.681000 0.400000 41.000000 48.000000 66.000000
-13.565000 -22.682000 0.457000 28.000000 30.000000 42.000000
-13.509000 -22.698000 0.347000 32.000000 35.000000 42.000000
-13.586000 -22.679000 0.460000 63.000000 66.000000 81.000000
-13.571000 -22.680000 0.472000 93.000000 103.000000 113.000000
-13.507000 -22.698000 0.350000 31.000000 36.000000 42.000000
-13.524000 -22.690000 0.423000 58.000000 65.000000 81.000000
-13.592000 -22.687000 0.364000 73.000000 80.000000 96.000000
-13.531000 -22.695000 0.353000 42.000000 45.000000 50.000000
-13.583000 -22.683000 0.423000 41.000000 49.000000 62.000000
-13.550000 -22.692000 0.362000 35.000000 37.000000 49.000000
-13.558000 -22.682000 0.476000 60.000000 68.000000 79.000000
-13.479000 -22.700000 0.372000 25.000000 31.000000 43.000000
-13.594000 -22.685000 0.380000 24.000000 29.000000 33.000000
-13.491000 -22.700000 0.356000 48.000000 55.000000 63.000000
-13.564000 -22.682000 0.463000 57.000000 64.000000 72.000000
-13.544000 -22.689000 0.404000 119.000000 129.000000 156.000000
-13.549000 -22.693000 0.354000 35.000000 35.000000 47.000000
-13.588000 -22.687000 0.361000 36.000000 45.000000 52.000000
-13.573000 -22.681000 0.463000 26.000000 30.000000 39.000000
-13.583000 -22.682000 0.439000 133.000000 143.000000 170.000000
-13.598000 -22.682000 0.417000 77.000000 83.000000 107.000000
-13.463000 -22.705000 0.341000 36.000000 39.000000 48.000000
-13.574000 -22.683000 0.440000 58.000000 65.000000 84.000000
-13.570000 -22.684000 0.426000 123.000000 132.000000 149.000000
-13.592000 -22.685000 0.378000 34.000000 42.000000 44.000000
-13.553000 -22.685000 0.438000 58.000000 65.000000 81.000000
-13.536000 -22.694000 0.358000 36.000000 35.000000 43.000000
-13.597000 -22.683000 0.405000 89.000000 102.000000 118.000000
-13.583000 -22.688000 0.367000 50.000000 58.000000 69.000000
-13.495000 -22.700000 0.353000 80.000000 84.000000 95.000000
-13.515000 -22.692000 0.415000 36.000000 43.000000 59.000000
-13.559000 -22.687000 0.411000 85.000000 96.000000 126.000000
-13.621000 -22.683000 0.365000 27.000000 31.000000 40.000000
-13.617000 -22.680000 0.403000 68.000000 75.000000 103.000000
-13.525000 -22.693000 0.393000 42.000000 50.000000 73.000000
-13.567000 -22.690000 0.366000 33.000000 35.000000 50.000000
-13.469000 -22.703000 0.358000 61.000000 69.000000 80.000000
-13.548000 -22.690000 0.387000 38.000000 37.000000 42.000000
-13.503000 -22.696000 0.390000 47.000000 54.000000 72.000000
-13.638000 -22.681000 0.357000 75.000000 75.000000 99.000000
-13.564000 -22.682000 0.460000 36.000000 40.000000 49.000000
-13.562000 -22.681000 0.475000 64.000000 74.000000 86.000000
-13.590000 -22.683000 0.413000 43.000000 55.000000 71.000000
-13.641000 -22.680000 0.372000 63.000000 66.000000 81.000000
-13.587000 -22.684000 0.398000 29.000000 36.000000 54.000000
-13.600000 -22.683000 0.392000 35.000000 39.000000 48.000000
-13.474000 -22.702000 0.362000 46.000000 56.000000 68.000000
-13.565000 -22.690000 0.363000 34.000000 34.000000 46.000000
-13.579000 -22.687000 0.377000 40.000000 46.000000 60.000000
-13.622000 -22.679000 0.409000 134.000000 143.000000 182.000000
-13.504000 -22.697000 0.372000 48.000000 54.000000 66.000000
-13.482000 -22.702000 0.346000 62.000000 66.000000 77.000000
-13.576000 -22.685000 0.410000 44.000000 53.000000 82.000000
-13.530000 -22.692000 0.395000 43.000000 51.000000 72.000000
-13.603000 -22.685000 0.369000 89.000000 94.000000 114.000000
-13.521000 -22.694000 0.386000 39.000000 45.000000 67.000000
-13.579000 -22.683000 0.432000 121.000000 132.000000 154.000000
-13.596000 -22.683000 0.407000 89.000000 102.000000 118.000000
-13.565000 -22.683000 0.456000 28.000000 30.000000 42.000000
-13.600000 -22.680000 0.432000 23.000000 26.000000 35.000000
-13.645000 -22.680000 0.359000 77.000000 83.000000 99.000000
-13.554000 -22.686000 0.426000 51.000000 58.000000 68.000000
-13.533000 -22.688000 0.440000 113.000000 118.000000 137.000000
-13.562000 -22.689000 0.379000 37.000000 41.000000 52.000000
-13.530000 -22.694000 0.365000 36.000000 38.000000 50.000000
-13.561000 -22.687000 0.404000 120.000000 133.000000 175.000000
-13.550000 -22.693000 0.352000 35.000000 35.000000 45.000000
-13.554000 -22.690000 0.379000 35.000000 39.000000 42.000000
-13.552000 -22.688000 0.407000 123.000000 132.000000 163.000000
-13.567000 -22.686000 0.405000 141.000000 154.000000 198.000000
-13.587000 -22.682000 0.426000 32.000000 41.000000 58.000000
-13.578000 -22.684000 0.422000 54.000000 61.000000 77.000000
-13.494000 -22.700000 0.345000 34.000000 38.000000 47.000000
-13.586000 -22.685000 0.394000 49.000000 52.000000 67.000000
-13.617000 -22.684000 0.352000 53.000000 55.000000 68.000000
-13.562000 -22.684000 0.442000 40.000000 48.000000 61.000000
-13.552000 -22.688000 0.415000 129.000000 136.000000 154.000000
-13.611000 -22.683000 0.374000 112.000000 117.000000 139.000000
-13.589000 -22.688000 0.350000 40.000000 40.000000 50.000000
-13.513000 -22.698000 0.346000 35.000000 38.000000 47.000000
-13.584000 -22.686000 0.386000 64.000000 63.000000 77.000000
-13.614000 -22.681000 0.393000 53.000000 59.000000 83.000000
-13.500000 -22.696000 0.393000 54.000000 65.000000 83.000000
-13.602000 -22.679000 0.441000 27.000000 29.000000 41.000000
-13.631000 -22.680000 0.386000 82.000000 90.000000 103.000000
-13.577000 -22.683000 0.434000 134.000000 145.000000 165.000000
-13.617000 -22.684000 0.357000 41.000000 45.000000 56.000000
-13.587000 -22.688000 0.351000 39.000000 39.000000 49.000000
-13.553000 -22.685000 0.438000 58.000000 65.000000 81.000000
-13.452000 -22.701000 0.271000 40.000000 43.000000 50.000000
-13.442000 -22.660000 0.279000 38.000000 41.000000 50.000000
-13.441000 -22.654000 0.265000 41.000000 45.000000 56.000000
-13.441000 -22.654000 0.255000 38.000000 45.000000 55.000000
-13.451000 -22.692000 0.140000 39.000000 46.000000 56.000000
-13.446000 -22.677000 0.287000 39.000000 42.000000 49.000000
-13.442000 -22.660000 0.275000 38.000000 41.000000 50.000000
-13.439000 -22.646000 0.237000 38.000000 45.000000 55.000000
-13.451000 -22.690000 0.109000 37.000000 44.000000 54.000000
-13.446000 -22.678000 0.300000 35.000000 38.000000 47.000000
-13.446000 -22.672000 0.173000 41.000000 45.000000 57.000000
-13.446000 -22.669000 0.134000 36.000000 42.000000 54.000000
-13.444000 -22.668000 0.254000 42.000000 45.000000 54.000000
-13.442000 -22.656000 0.175000 38.000000 44.000000 56.000000
-13.438000 -22.641000 0.247000 36.000000 43.000000 53.000000
-13.439000 -22.647000 0.224000 40.000000 44.000000 55.000000
-13.445000 -22.670000 0.214000 37.000000 44.000000 54.000000
-13.448000 -22.680000 0.154000 40.000000 44.000000 55.000000
-13.447000 -22.673000 0.122000 36.000000 42.000000 54.000000
-13.449000 -22.685000 0.166000 44.000000 48.000000 59.000000
-13.448000 -22.682000 0.185000 42.000000 46.000000 57.000000
-13.448000 -22.680000 0.117000 35.000000 41.000000 53.000000
-13.452000 -22.703000 0.296000 37.000000 40.000000 49.000000
-13.442000 -22.660000 0.277000 38.000000 41.000000 50.000000
-13.439000 -22.645000 0.244000 36.000000 43.000000 53.000000
-13.452000 -22.697000 0.171000 42.000000 46.000000 55.000000
-13.443000 -22.662000 0.234000 35.000000 44.000000 53.000000
-13.451000 -22.698000 0.295000 36.000000 39.000000 48.000000
-13.451000 -22.694000 0.168000 43.000000 47.000000 56.000000
-13.448000 -22.679000 0.139000 41.000000 47.000000 59.000000
-13.438000 -22.644000 0.224000 41.000000 45.000000 56.000000
-13.446000 -22.674000 0.183000 46.000000 50.000000 62.000000
-13.452000 -22.698000 0.217000 41.000000 45.000000 54.000000
-13.450000 -22.696000 0.317000 37.000000 41.000000 50.000000
-13.441000 -22.656000 0.232000 36.000000 43.000000 53.000000
-13.450000 -22.689000 0.144000 37.000000 44.000000 54.000000
-13.449000 -22.681000 0.112000 35.000000 41.000000 53.000000
-13.450000 -22.687000 0.088000 42.000000 46.000000 57.000000
-13.451000 -22.693000 0.207000 38.000000 45.000000 53.000000
-13.449000 -22.680000 0.083000 40.000000 44.000000 56.000000
-13.444000 -22.663000 0.153000 40.000000 46.000000 58.000000
-13.450000 -22.687000 0.062000 35.000000 37.000000 49.000000
-13.440000 -22.650000 0.190000 37.000000 44.000000 54.000000
-13.444000 -22.664000 0.154000 42.000000 45.000000 60.000000
-13.443000 -22.664000 0.264000 40.000000 43.000000 52.000000
-13.452000 -22.700000 0.215000 41.000000 45.000000 54.000000
-13.447000 -22.679000 0.176000 43.000000 47.000000 58.000000
-13.444000 -22.668000 0.218000 37.000000 44.000000 54.000000
-13.450000 -22.691000 0.180000 41.000000 45.000000 56.000000
-13.448000 -22.677000 0.082000 35.000000 39.000000 51.000000
-13.447000 -22.679000 0.259000 38.000000 41.000000 50.000000
-13.446000 -22.677000 0.237000 41.000000 45.000000 54.000000
-13.443000 -22.663000 0.192000 45.000000 49.000000 60.000000
-13.452000 -22.693000 0.079000 42.000000 46.000000 57.000000
-13.450000 -22.695000 0.295000 35.000000 38.000000 47.000000
-13.442000 -22.658000 0.177000 42.000000 46.000000 58.000000
-13.451000 -22.695000 0.210000 39.000000 46.000000 54.000000
-13.441000 -22.657000 0.278000 39.000000 42.000000 51.000000
-13.446000 -22.673000 0.175000 44.000000 48.000000 60.000000
-13.439000 -22.645000 0.213000 46.000000 50.000000 61.000000
-13.440000 -22.652000 0.238000 35.000000 42.000000 52.000000
-13.449000 -22.686000 0.152000 38.000000 44.000000 56.000000
-13.451000 -22.699000 0.289000 35.000000 38.000000 47.000000
-13.451000 -22.695000 0.249000 39.000000 42.000000 49.000000
-13.446000 -22.672000 0.098000 37.000000 43.000000 57.000000
-13.448000 -22.683000 0.180000 43.000000 47.000000 58.000000
-13.448000 -22.683000 0.186000 41.000000 45.000000 56.000000
-13.444000 -22.663000 0.161000 42.000000 45.000000 60.000000
-13.450000 -22.687000 0.080000 41.000000 45.000000 56.000000
-13.440000 -22.652000 0.252000 37.000000 44.000000 54.000000
-13.441000 -22.657000 0.273000 38.000000 42.000000 51.000000
-13.448000 -22.685000 0.271000 39.000000 42.000000 51.000000
-13.447000 -22.680000 0.194000 41.000000 45.000000 56.000000
-13.446000 -22.673000 0.214000 37.000000 44.000000 54.000000
-13.445000 -22.669000 0.167000 38.000000 42.000000 54.000000
-13.448000 -22.682000 0.230000 41.000000 45.000000 54.000000
-13.450000 -22.691000 0.174000 44.000000 48.000000 59.000000
-13.450000 -22.694000 0.296000 34.000000 37.000000 46.000000
-13.441000 -22.657000 0.277000 39.000000 42.000000 51.000000
-13.441000 -22.652000 0.195000 34.000000 41.000000 51.000000
-13.451000 -22.698000 0.318000 30.000000 34.000000 43.000000
-13.452000 -22.694000 0.075000 41.000000 45.000000 56.000000
-13.447000 -22.677000 0.206000 40.000000 44.000000 55.000000
-13.448000 -22.681000 0.152000 40.000000 46.000000 58.000000
-13.450000 -22.696000 0.280000 39.000000 42.000000 51.000000
-13.444000 -22.664000 0.142000 38.000000 44.000000 56.000000
-13.451000 -22.695000 0.168000 43.000000 47.000000 56.000000
-13.438000 -22.642000 0.214000 43.000000 47.000000 58.000000
-13.444000 -22.669000 0.220000 37.000000 44.000000 54.000000
-13.437000 -22.640000 0.227000 41.000000 45.000000 56.000000
-13.442000 -22.659000 0.197000 45.000000 49.000000 60.000000
-13.447000 -22.679000 0.165000 40.000000 44.000000 55.000000
-13.443000 -22.660000 0.167000 42.000000 45.000000 60.000000
-13.444000 -22.669000 0.220000 37.000000 44.000000 54.000000
-13.452000 -22.702000 0.309000 39.000000 42.000000 51.000000
-13.443000 -22.664000 0.252000 43.000000 46.000000 55.000000
-13.443000 -22.665000 0.252000 43.000000 46.000000 55.000000
-13.448000 -22.682000 0.221000 40.000000 44.000000 55.000000
-13.452000 -22.696000 0.141000 36.000000 43.000000 53.000000
-13.444000 -22.669000 0.236000 38.000000 45.000000 53.000000
-13.448000 -22.688000 0.311000 38.000000 41.000000 50.000000
-13.442000 -22.657000 0.244000 38.000000 45.000000 55.000000
-13.448000 -22.685000 0.296000 33.000000 36.000000 43.000000
-13.438000 -22.644000 0.262000 39.000000 46.000000 56.000000
-13.449000 -22.687000 0.198000 40.000000 44.000000 55.000000
-13.444000 -22.670000 0.276000 39.000000 42.000000 49.000000
-13.446000 -22.673000 0.117000 37.000000 43.000000 55.000000
-13.439000 -22.647000 0.248000 35.000000 42.000000 52.000000
-13.448000 -22.685000 0.253000 37.000000 40.000000 47.000000
-13.447000 -22.685000 0.307000 34.000000 37.000000 46.000000
-13.447000 -22.676000 0.172000 43.000000 47.000000 59.000000
-13.443000 -22.663000 0.232000 37.000000 44.000000 54.000000
-13.448000 -22.680000 0.148000 41.000000 47.000000 59.000000
-13.446000 -22.676000 0.191000 42.000000 46.000000 57.000000
-13.444000 -22.666000 0.155000 41.000000 44.000000 59.000000
-13.445000 -22.668000 0.179000 39.000000 43.000000 55.000000
-13.450000 -22.693000 0.228000 41.000000 44.000000 53.000000
-13.441000 -22.658000 0.270000 39.000000 43.000000 52.000000
-13.743000 -22.667000 0.035000 49.000000 46.000000 39.000000
-13.709000 -22.692000 0.085000 42.000000 43.000000 45.000000
-13.739000 -22.671000 0.041000 48.000000 45.000000 40.000000
-13.736000 -22.687000 0.046000 44.000000 39.000000 36.000000
-13.716000 -22.671000 0.072000 47.000000 45.000000 46.000000
-13.716000 -22.691000 0.076000 44.000000 44.000000 46.000000
-13.731000 -22.683000 0.053000 43.000000 38.000000 35.000000
-13.717000 -22.693000 0.075000 43.000000 43.000000 45.000000
-13.715000 -22.668000 0.074000 47.000000 45.000000 46.000000
-13.745000 -22.679000 0.033000 51.000000 48.000000 43.000000
-13.722000 -22.664000 0.063000 48.000000 44.000000 43.000000
-13.748000 -22.700000 0.032000 43.000000 39.000000 36.000000
-13.738000 -22.674000 0.042000 46.000000 42.000000 39.000000
-13.702000 -22.701000 0.096000 29.000000 33.000000 36.000000
-13.709000 -22.675000 0.083000 43.000000 43.000000 45.000000
-13.686000 -22.689000 0.117000 30.000000 33.000000 40.000000
-13.707000 -22.689000 0.088000 42.000000 43.000000 47.000000
-13.717000 -22.702000 0.075000 43.000000 43.000000 45.000000
-13.696000 -22.684000 0.103000 28.000000 32.000000 35.000000
-13.744000 -22.690000 0.036000 46.000000 41.000000 38.000000
-13.728000 -22.706000 0.061000 40.000000 39.000000 35.000000
-13.729000 -22.659000 0.053000 58.000000 55.000000 50.000000
-13.731000 -22.717000 0.058000 43.000000 42.000000 38.000000
-13.706000 -22.706000 0.092000 29.000000 33.000000 36.000000
-13.739000 -22.663000 0.040000 53.000000 50.000000 43.000000
-13.688000 -22.688000 0.114000 29.000000 32.000000 39.000000
-13.730000 -22.676000 0.054000 46.000000 42.000000 39.000000
-13.700000 -22.692000 0.097000 29.000000 33.000000 36.000000
-13.731000 -22.710000 0.057000 39.000000 38.000000 36.000000
-13.696000 -22.703000 0.106000 29.000000 32.000000 39.000000
-13.730000 -22.662000 0.052000 54.000000 51.000000 46.000000
-13.739000 -22.701000 0.045000 47.000000 43.000000 42.000000
-13.748000 -22.728000 0.036000 42.000000 38.000000 35.000000
-13.743000 -22.677000 0.036000 48.000000 45.000000 40.000000
-13.706000 -22.675000 0.087000 42.000000 43.000000 45.000000
-13.702000 -22.703000 0.096000 29.000000 33.000000 36.000000
-13.692000 -22.686000 0.109000 28.000000 31.000000 36.000000
-13.737000 -22.681000 0.045000 47.000000 42.000000 39.000000
-13.745000 -22.664000 0.031000 48.000000 45.000000 38.000000
-13.744000 -22.717000 0.039000 45.000000 41.000000 40.000000
-13.694000 -22.702000 0.108000 31.000000 34.000000 41.000000
-13.735000 -22.691000 0.050000 47.000000 41.000000 41.000000
-13.742000 -22.723000 0.042000 41.000000 37.000000 36.000000
-13.709000 -22.688000 0.085000 41.000000 42.000000 44.000000
-13.729000 -22.676000 0.056000 46.000000 42.000000 39.000000
-13.742000 -22.663000 0.036000 52.000000 49.000000 42.000000
-13.746000 -22.654000 0.029000 55.000000 51.000000 42.000000
-13.747000 -22.657000 0.028000 50.000000 46.000000 37.000000
-13.743000 -22.670000 0.034000 50.000000 47.000000 40.000000
-13.716000 -22.672000 0.074000 47.000000 45.000000 46.000000
-13.712000 -22.673000 0.079000 35.000000 35.000000 37.000000
-13.738000 -22.706000 0.046000 43.000000 39.000000 38.000000
-13.747000 -22.708000 0.035000 45.000000 41.000000 40.000000
-13.743000 -22.719000 0.041000 45.000000 41.000000 40.000000
-13.692000 -22.702000 0.111000 33.000000 36.000000 43.000000
-13.744000 -22.710000 0.038000 46.000000 42.000000 41.000000
-13.742000 -22.723000 0.044000 41.000000 40.000000 38.000000
-13.738000 -22.664000 0.041000 53.000000 50.000000 43.000000
-13.708000 -22.709000 0.089000 30.000000 34.000000 37.000000
