-15.233000 -20.791000 1.141000 127.000000 118.000000 119.000000
-15.231000 -20.913000 1.211000 69.000000 80.000000 169.000000
-15.232000 -20.932000 1.127000 89.000000 84.000000 78.000000
-15.232000 -20.772000 1.190000 112.000000 143.000000 233.000000
-15.232000 -20.815000 1.186000 121.000000 174.000000 166.000000
-15.231000 -20.926000 1.184000 23.000000 40.000000 48.000000
-15.232000 -20.802000 1.156000 45.000000 54.000000 61.000000
-15.232000 -20.887000 1.179000 90.000000 119.000000 221.000000
-15.231000 -20.948000 1.168000 109.000000 108.000000 106.000000
-15.233000 -20.845000 1.142000 76.000000 96.000000 95.000000
-15.232000 -20.891000 1.141000 47.000000 54.000000 73.000000
-15.231000 -20.908000 1.195000 74.000000 90.000000 186.000000
-15.232000 -20.934000 1.132000 53.000000 48.000000 42.000000
-15.233000 -20.815000 1.148000 84.000000 97.000000 90.000000
-15.231000 -20.840000 1.216000 106.000000 164.000000 214.000000
-15.231000 -20.912000 1.189000 95.000000 107.000000 193.000000
-15.231000 -20.855000 1.190000 112.000000 172.000000 196.000000
-15.231000 -20.733000 1.248000 70.000000 73.000000 108.000000
-15.233000 -20.801000 1.141000 116.000000 118.000000 113.000000
-15.231000 -20.936000 1.176000 36.000000 42.000000 42.000000
-15.232000 -20.805000 1.188000 122.000000 174.000000 196.000000
-15.231000 -20.861000 1.186000 110.000000 162.000000 222.000000
-15.232000 -20.822000 1.186000 140.000000 194.000000 162.000000
-15.231000 -20.962000 1.166000 165.000000 161.000000 150.000000
-15.231000 -20.932000 1.208000 35.000000 41.000000 73.000000
-15.231000 -20.960000 1.198000 209.000000 207.000000 208.000000
-15.232000 -20.805000 1.158000 48.000000 59.000000 65.000000
-15.231000 -20.903000 1.199000 61.000000 78.000000 168.000000
-15.231000 -20.867000 1.187000 103.000000 144.000000 234.000000
-15.232000 -20.810000 1.189000 114.000000 167.000000 173.000000
-15.231000 -20.953000 1.171000 139.000000 136.000000 131.000000
-15.232000 -20.904000 1.164000 36.000000 41.000000 37.000000
-15.231000 -20.752000 1.236000 45.000000 55.000000 64.000000
-15.231000 -20.897000 1.196000 53.000000 80.000000 169.000000
-15.232000 -20.879000 1.168000 77.000000 103.000000 154.000000
-15.231000 -20.937000 1.195000 24.000000 30.000000 42.000000
-15.231000 -20.832000 1.223000 71.000000 117.000000 211.000000
-15.230000 -20.855000 1.232000 98.000000 152.000000 186.000000
-15.232000 -20.742000 1.208000 53.000000 51.000000 72.000000
-15.232000 -20.759000 1.196000 92.000000 111.000000 170.000000
-15.231000 -20.964000 1.189000 206.000000 207.000000 202.000000
-15.231000 -20.894000 1.210000 65.000000 89.000000 189.000000
-15.231000 -20.742000 1.222000 54.000000 60.000000 76.000000
-15.232000 -20.815000 1.177000 103.000000 144.000000 210.000000
-15.231000 -20.852000 1.215000 106.000000 176.000000 166.000000
-15.233000 -20.742000 1.138000 56.000000 61.000000 65.000000
-15.232000 -20.943000 1.123000 135.000000 128.000000 112.000000
-15.231000 -20.760000 1.222000 71.000000 90.000000 148.000000
-15.232000 -20.740000 1.195000 65.000000 65.000000 73.000000
-15.232000 -20.884000 1.147000 93.000000 94.000000 122.000000
-15.232000 -20.879000 1.141000 53.000000 55.000000 78.000000
-15.232000 -20.855000 1.162000 55.000000 77.000000 127.000000
-15.231000 -20.917000 1.204000 80.000000 90.000000 149.000000
-15.233000 -20.772000 1.152000 58.000000 60.000000 55.000000
-15.233000 -20.771000 1.138000 76.000000 56.000000 65.000000
-15.232000 -20.806000 1.154000 72.000000 82.000000 83.000000
-15.232000 -20.806000 1.157000 48.000000 59.000000 65.000000
-15.233000 -20.854000 1.131000 41.000000 51.000000 53.000000
-15.232000 -20.862000 1.156000 83.000000 97.000000 132.000000
-15.231000 -20.783000 1.237000 82.000000 97.000000 164.000000
-15.233000 -20.778000 1.127000 74.000000 72.000000 83.000000
-15.231000 -20.765000 1.245000 30.000000 43.000000 59.000000
-15.233000 -20.780000 1.136000 35.000000 35.000000 37.000000
-15.233000 -20.782000 1.141000 128.000000 116.000000 118.000000
-15.230000 -20.882000 1.226000 68.000000 93.000000 196.000000
-15.231000 -20.741000 1.213000 52.000000 54.000000 75.000000
-15.231000 -20.739000 1.236000 38.000000 48.000000 75.000000
-15.232000 -20.815000 1.185000 120.000000 172.000000 193.000000
-15.233000 -20.785000 1.149000 105.000000 106.000000 92.000000
-15.232000 -20.890000 1.171000 72.000000 94.000000 152.000000
-15.232000 -20.938000 1.141000 37.000000 38.000000 33.000000
-15.231000 -20.756000 1.238000 34.000000 48.000000 59.000000
-15.231000 -20.847000 1.232000 71.000000 110.000000 189.000000
-15.232000 -20.940000 1.126000 107.000000 101.000000 87.000000
-15.232000 -20.850000 1.165000 103.000000 129.000000 190.000000
-15.231000 -20.842000 1.210000 110.000000 177.000000 194.000000
-15.232000 -20.836000 1.156000 57.000000 76.000000 91.000000
-15.233000 -20.738000 1.163000 71.000000 77.000000 75.000000
-15.230000 -20.798000 1.248000 64.000000 82.000000 118.000000
-15.233000 -20.732000 1.159000 47.000000 55.000000 44.000000
-15.233000 -20.772000 1.144000 128.000000 118.000000 117.000000
-15.231000 -20.934000 1.170000 37.000000 39.000000 38.000000
-15.230000 -20.802000 1.246000 70.000000 89.000000 131.000000
-15.232000 -20.926000 1.156000 32.000000 33.000000 38.000000
-15.232000 -20.928000 1.140000 32.000000 32.000000 40.000000
-15.231000 -20.924000 1.182000 28.000000 43.000000 50.000000
-15.231000 -20.931000 1.179000 33.000000 44.000000 48.000000
-15.233000 -20.784000 1.135000 42.000000 42.000000 44.000000
-15.233000 -20.860000 1.139000 37.000000 54.000000 61.000000
-15.232000 -20.864000 1.152000 62.000000 72.000000 107.000000
-15.233000 -20.757000 1.160000 59.000000 61.000000 74.000000
-15.231000 -20.960000 1.187000 211.000000 213.000000 210.000000
-15.231000 -20.835000 1.216000 87.000000 143.000000 217.000000
-15.232000 -20.786000 1.190000 98.000000 137.000000 228.000000
-15.231000 -20.933000 1.213000 25.000000 36.000000 54.000000
-15.233000 -20.838000 1.136000 54.000000 65.000000 61.000000
-15.230000 -20.809000 1.242000 98.000000 129.000000 209.000000
-15.232000 -20.737000 1.182000 65.000000 60.000000 66.000000
-15.231000 -20.730000 1.252000 77.000000 78.000000 134.000000
-15.232000 -20.910000 1.143000 39.000000 47.000000 58.000000
-15.232000 -20.801000 1.193000 123.000000 175.000000 215.000000
-15.232000 -20.811000 1.177000 104.000000 142.000000 217.000000
-15.233000 -20.732000 1.157000 49.000000 54.000000 48.000000
-15.232000 -20.758000 1.185000 42.000000 54.000000 78.000000
-15.233000 -20.780000 1.145000 136.000000 129.000000 119.000000
-15.230000 -20.928000 1.222000 33.000000 42.000000 59.000000
-15.232000 -20.866000 1.178000 87.000000 126.000000 219.000000
-15.231000 -20.960000 1.189000 209.000000 209.000000 207.000000
-15.232000 -20.762000 1.177000 44.000000 58.000000 85.000000
-15.231000 -20.809000 1.234000 81.000000 115.000000 212.000000
-15.232000 -20.924000 1.139000 35.000000 35.000000 45.000000
-15.232000 -20.766000 1.178000 38.000000 53.000000 86.000000
-15.233000 -20.801000 1.150000 69.000000 79.000000 71.000000
-15.231000 -20.847000 1.203000 112.000000 181.000000 176.000000
-15.232000 -20.892000 1.162000 33.000000 45.000000 57.000000
-15.232000 -20.817000 1.182000 113.000000 165.000000 189.000000
-15.233000 -20.806000 1.124000 116.000000 120.000000 123.000000
-15.232000 -20.798000 1.158000 39.000000 48.000000 53.000000
-15.232000 -20.903000 1.151000 51.000000 53.000000 65.000000
-15.231000 -20.929000 1.191000 32.000000 44.000000 60.000000
-15.231000 -20.738000 1.216000 62.000000 66.000000 77.000000
-15.230000 -20.793000 1.251000 23.000000 32.000000 47.000000
-15.231000 -20.858000 1.228000 113.000000 170.000000 197.000000
-15.232000 -20.827000 1.187000 138.000000 192.000000 156.000000
-15.232000 -20.742000 1.170000 87.000000 90.000000 105.000000
-15.230000 -20.908000 1.223000 87.000000 101.000000 176.000000
-15.233000 -20.733000 1.125000 84.000000 90.000000 90.000000
-15.230000 -20.963000 1.210000 207.000000 212.000000 208.000000
-15.232000 -20.825000 1.185000 144.000000 207.000000 180.000000
-15.232000 -20.875000 1.154000 76.000000 84.000000 120.000000
-15.233000 -20.834000 1.126000 77.000000 82.000000 88.000000
-15.231000 -20.740000 1.245000 119.000000 122.000000 153.000000
-15.232000 -20.858000 1.159000 71.000000 87.000000 123.000000
-15.231000 -20.855000 1.216000 113.000000 179.000000 175.000000
-15.232000 -20.909000 1.168000 36.000000 41.000000 45.000000
-15.231000 -20.907000 1.191000 82.000000 100.000000 200.000000
-15.230000 -20.752000 1.253000 42.000000 39.000000 46.000000
-15.231000 -20.762000 1.212000 112.000000 134.000000 210.000000
-15.231000 -20.805000 1.225000 86.000000 121.000000 215.000000
-15.231000 -20.858000 1.197000 124.000000 186.000000 211.000000
-15.233000 -20.782000 1.147000 136.000000 129.000000 119.000000
-15.231000 -20.929000 1.188000 24.000000 36.000000 48.000000
-15.233000 -20.910000 1.127000 78.000000 72.000000 74.000000
-15.233000 -20.759000 1.143000 113.000000 104.000000 107.000000
-15.231000 -20.785000 1.219000 75.000000 112.000000 180.000000
-15.232000 -20.877000 1.180000 79.000000 115.000000 238.000000
-15.233000 -20.858000 1.135000 48.000000 59.000000 63.000000
-15.232000 -20.804000 1.196000 123.000000 177.000000 215.000000
-15.232000 -20.845000 1.186000 129.000000 186.000000 167.000000
-15.232000 -20.929000 1.129000 50.000000 47.000000 42.000000
-15.230000 -20.831000 1.242000 70.000000 95.000000 196.000000
-15.232000 -20.780000 1.158000 46.000000 49.000000 56.000000
-15.233000 -20.741000 1.134000 59.000000 59.000000 69.000000
-15.231000 -20.848000 1.201000 112.000000 181.000000 176.000000
-15.232000 -20.759000 1.194000 69.000000 90.000000 145.000000
-15.230000 -20.917000 1.224000 75.000000 89.000000 138.000000
-15.231000 -20.914000 1.202000 74.000000 82.000000 163.000000
-15.231000 -20.875000 1.193000 87.000000 121.000000 219.000000
-15.232000 -20.780000 1.160000 50.000000 53.000000 62.000000
-15.231000 -20.791000 1.208000 88.000000 139.000000 194.000000
-15.232000 -20.749000 1.197000 40.000000 49.000000 82.000000
-15.231000 -20.783000 1.223000 76.000000 108.000000 183.000000
-15.230000 -20.819000 1.242000 75.000000 108.000000 203.000000
-15.231000 -20.945000 1.179000 48.000000 52.000000 51.000000
-15.231000 -20.876000 1.214000 105.000000 136.000000 229.000000
-15.231000 -20.825000 1.233000 45.000000 92.000000 196.000000
-15.232000 -20.877000 1.140000 30.000000 30.000000 54.000000
-15.230000 -20.907000 1.226000 97.000000 111.000000 176.000000
-15.232000 -20.959000 1.157000 155.000000 155.000000 143.000000
-15.231000 -20.831000 1.199000 106.000000 167.000000 188.000000
-15.233000 -20.735000 1.158000 66.000000 71.000000 67.000000
-15.231000 -20.773000 1.209000 71.000000 107.000000 181.000000
-15.231000 -20.830000 1.221000 79.000000 131.000000 215.000000
-15.231000 -20.757000 1.250000 46.000000 50.000000 53.000000
-15.232000 -20.785000 1.180000 89.000000 120.000000 203.000000
-15.231000 -20.853000 1.229000 89.000000 141.000000 181.000000
-15.232000 -20.854000 1.173000 87.000000 119.000000 192.000000
-15.232000 -20.949000 1.158000 97.000000 99.000000 98.000000
-15.232000 -20.782000 1.185000 89.000000 124.000000 206.000000
-15.233000 -20.767000 1.131000 38.000000 38.000000 46.000000
-15.231000 -20.845000 1.223000 86.000000 134.000000 198.000000
-15.231000 -20.807000 1.240000 98.000000 129.000000 209.000000
-15.232000 -20.830000 1.178000 123.000000 174.000000 195.000000
-15.232000 -20.873000 1.149000 104.000000 108.000000 143.000000
-15.231000 -20.740000 1.244000 119.000000 122.000000 153.000000
-15.232000 -20.803000 1.166000 66.000000 79.000000 121.000000
-15.231000 -20.770000 1.242000 26.000000 41.000000 72.000000
-15.232000 -20.857000 1.154000 69.000000 85.000000 118.000000
-15.231000 -20.933000 1.207000 24.000000 32.000000 55.000000
-15.231000 -20.862000 1.218000 127.000000 187.000000 198.000000
-15.232000 -20.912000 1.164000 47.000000 46.000000 42.000000
-15.231000 -20.831000 1.197000 119.000000 177.000000 181.000000
-15.233000 -20.760000 1.125000 104.000000 105.000000 110.000000
-15.233000 -20.749000 1.151000 61.000000 62.000000 80.000000
-15.231000 -20.932000 1.175000 35.000000 43.000000 45.000000
-15.231000 -20.778000 1.232000 92.000000 117.000000 201.000000
-15.232000 -20.920000 1.138000 27.000000 36.000000 43.000000
-15.232000 -20.956000 1.147000 145.000000 144.000000 126.000000
-15.232000 -20.858000 1.166000 92.000000 116.000000 176.000000
-15.233000 -20.763000 1.130000 41.000000 44.000000 53.000000
-15.233000 -20.779000 1.150000 57.000000 59.000000 54.000000
-15.233000 -20.785000 1.140000 95.000000 79.000000 89.000000
-15.232000 -20.854000 1.146000 125.000000 143.000000 155.000000
-15.232000 -20.826000 1.188000 138.000000 192.000000 156.000000
-15.231000 -20.823000 1.226000 68.000000 115.000000 219.000000
-15.232000 -20.931000 1.158000 34.000000 35.000000 39.000000
-15.232000 -20.880000 1.173000 89.000000 118.000000 186.000000
-15.232000 -20.856000 1.147000 88.000000 104.000000 127.000000
-15.233000 -20.747000 1.132000 54.000000 58.000000 69.000000
-15.232000 -20.767000 1.172000 55.000000 61.000000 75.000000
-15.232000 -20.793000 1.179000 80.000000 103.000000 196.000000
-15.230000 -20.869000 1.234000 94.000000 126.000000 199.000000
-15.233000 -20.819000 1.141000 98.000000 116.000000 104.000000
-15.232000 -20.942000 1.141000 85.000000 86.000000 72.000000
-15.230000 -20.879000 1.230000 72.000000 98.000000 191.000000
-15.232000 -20.845000 1.158000 41.000000 60.000000 90.000000
-15.231000 -20.741000 1.242000 82.000000 88.000000 112.000000
-15.233000 -20.797000 1.142000 123.000000 119.000000 116.000000
-15.232000 -20.935000 1.157000 39.000000 40.000000 44.000000
-15.232000 -20.824000 1.189000 132.000000 186.000000 160.000000
-15.232000 -20.745000 1.205000 56.000000 55.000000 86.000000
-15.231000 -20.940000 1.175000 31.000000 37.000000 37.000000
-15.233000 -20.741000 1.132000 59.000000 59.000000 69.000000
-15.232000 -20.797000 1.175000 82.000000 101.000000 195.000000
-15.232000 -20.737000 1.171000 77.000000 78.000000 96.000000
-15.232000 -20.740000 1.192000 63.000000 67.000000 76.000000
-15.232000 -20.947000 1.134000 151.000000 142.000000 125.000000
-15.232000 -20.938000 1.143000 37.000000 38.000000 33.000000
-15.233000 -20.880000 1.128000 91.000000 92.000000 84.000000
-15.232000 -20.735000 1.207000 55.000000 53.000000 58.000000
-15.232000 -20.892000 1.146000 82.000000 87.000000 107.000000
-15.232000 -20.870000 1.140000 36.000000 44.000000 57.000000
-15.231000 -20.814000 1.231000 59.000000 97.000000 204.000000
-15.230000 -20.937000 1.219000 34.000000 45.000000 51.000000
-15.231000 -20.943000 1.194000 34.000000 42.000000 45.000000
-15.231000 -20.788000 1.243000 56.000000 70.000000 107.000000
-15.232000 -20.898000 1.139000 26.000000 35.000000 52.000000
-15.232000 -20.870000 1.139000 36.000000 44.000000 57.000000
-15.232000 -20.929000 1.135000 36.000000 32.000000 29.000000
-15.231000 -20.951000 1.171000 148.000000 147.000000 143.000000
-15.231000 -20.918000 1.175000 28.000000 37.000000 52.000000
-15.232000 -20.880000 1.177000 90.000000 122.000000 231.000000
-15.231000 -20.949000 1.177000 60.000000 62.000000 59.000000
-15.232000 -20.880000 1.155000 63.000000 67.000000 96.000000
-15.233000 -20.741000 1.158000 80.000000 83.000000 88.000000
-15.231000 -20.776000 1.218000 77.000000 114.000000 185.000000
-15.231000 -20.964000 1.195000 201.000000 200.000000 198.000000
-15.231000 -20.860000 1.217000 123.000000 187.000000 187.000000
-15.233000 -20.733000 1.123000 84.000000 90.000000 90.000000
-15.232000 -20.933000 1.165000 38.000000 38.000000 38.000000
-15.231000 -20.899000 1.189000 65.000000 97.000000 196.000000
-15.231000 -20.946000 1.168000 58.000000 58.000000 58.000000
-15.233000 -20.860000 1.128000 83.000000 88.000000 91.000000
-15.232000 -20.834000 1.187000 131.000000 184.000000 154.000000
-15.232000 -20.931000 1.157000 34.000000 35.000000 39.000000
-15.230000 -20.964000 1.213000 209.000000 215.000000 211.000000
-15.232000 -20.813000 1.189000 118.000000 170.000000 166.000000
-15.233000 -20.889000 1.133000 35.000000 35.000000 37.000000
-15.232000 -20.836000 1.163000 84.000000 107.000000 151.000000
-15.231000 -20.785000 1.215000 83.000000 130.000000 186.000000
-15.231000 -20.806000 1.198000 110.000000 164.000000 208.000000
-15.233000 -20.813000 1.131000 52.000000 57.000000 60.000000
-15.233000 -20.761000 1.144000 102.000000 97.000000 101.000000
-15.232000 -20.768000 1.164000 56.000000 56.000000 68.000000
-15.232000 -20.948000 1.167000 101.000000 101.000000 101.000000
-15.231000 -20.926000 1.200000 75.000000 80.000000 112.000000
-15.233000 -20.730000 1.152000 38.000000 39.000000 41.000000
-15.232000 -20.735000 1.195000 58.000000 57.000000 62.000000
-15.232000 -20.942000 1.164000 49.000000 48.000000 53.000000
-15.231000 -20.779000 1.230000 83.000000 110.000000 191.000000
-15.232000 -20.748000 1.182000 71.000000 73.000000 86.000000
-15.232000 -20.743000 1.208000 53.000000 51.000000 72.000000
-15.231000 -20.928000 1.205000 51.000000 57.000000 93.000000
-15.233000 -20.754000 1.123000 94.000000 95.000000 99.000000
-15.231000 -20.898000 1.213000 67.000000 89.000000 188.000000
-15.232000 -20.848000 1.158000 41.000000 60.000000 90.000000
-15.233000 -20.838000 1.139000 31.000000 50.000000 44.000000
-15.231000 -20.893000 1.214000 68.000000 92.000000 202.000000
-15.232000 -20.857000 1.156000 69.000000 85.000000 118.000000
-15.231000 -20.761000 1.234000 25.000000 42.000000 60.000000
-15.232000 -20.778000 1.163000 58.000000 57.000000 73.000000
-15.231000 -20.898000 1.204000 66.000000 88.000000 174.000000
-15.232000 -20.901000 1.170000 32.000000 44.000000 60.000000
-15.230000 -20.941000 1.228000 59.000000 63.000000 64.000000
-15.229000 -20.951000 1.238000 214.000000 217.000000 210.000000
-15.230000 -20.878000 1.237000 84.000000 102.000000 186.000000
-15.230000 -20.872000 1.248000 67.000000 82.000000 125.000000
-15.230000 -20.864000 1.252000 35.000000 42.000000 61.000000
-15.229000 -20.912000 1.247000 67.000000 70.000000 59.000000
-15.230000 -20.860000 1.245000 117.000000 146.000000 186.000000
-15.230000 -20.864000 1.246000 88.000000 108.000000 145.000000
-15.230000 -20.812000 1.251000 55.000000 74.000000 116.000000
-15.229000 -20.944000 1.241000 116.000000 118.000000 113.000000
-15.230000 -20.834000 1.249000 86.000000 102.000000 154.000000
-15.230000 -20.931000 1.229000 42.000000 47.000000 53.000000
-15.229000 -20.933000 1.244000 48.000000 50.000000 47.000000
-15.230000 -20.885000 1.240000 71.000000 83.000000 143.000000
-15.229000 -20.944000 1.246000 154.000000 156.000000 145.000000
-15.230000 -20.839000 1.247000 69.000000 91.000000 151.000000
-15.230000 -20.905000 1.244000 40.000000 45.000000 51.000000
-15.230000 -20.848000 1.246000 107.000000 135.000000 175.000000
-15.230000 -20.906000 1.231000 68.000000 80.000000 132.000000
-15.230000 -20.837000 1.249000 96.000000 114.000000 162.000000
-15.230000 -20.953000 1.224000 190.000000 196.000000 194.000000
-15.229000 -20.939000 1.239000 75.000000 77.000000 74.000000
-15.230000 -20.943000 1.229000 92.000000 96.000000 95.000000
-15.230000 -20.899000 1.246000 49.000000 52.000000 61.000000
-15.230000 -20.890000 1.234000 103.000000 119.000000 196.000000
-15.230000 -20.834000 1.244000 69.000000 94.000000 176.000000
-15.230000 -20.950000 1.231000 176.000000 176.000000 176.000000
-15.230000 -20.837000 1.251000 96.000000 114.000000 162.000000
