-15.239000 -19.687000 0.708000 176.000000 153.000000 109.000000
-15.242000 -19.598000 0.707000 179.000000 165.000000 128.000000
-15.242000 -19.615000 0.704000 165.000000 155.000000 128.000000
-15.238000 -19.699000 0.716000 150.000000 137.000000 93.000000
-15.239000 -19.696000 0.709000 161.000000 144.000000 98.000000
-15.244000 -19.584000 0.698000 136.000000 139.000000 122.000000
-15.244000 -19.592000 0.697000 109.000000 110.000000 92.000000
-15.239000 -19.637000 0.715000 141.000000 131.000000 82.000000
-15.242000 -19.653000 0.700000 140.000000 131.000000 98.000000
-15.238000 -19.729000 0.711000 170.000000 156.000000 121.000000
-15.240000 -19.640000 0.713000 146.000000 134.000000 82.000000
-15.241000 -19.652000 0.706000 162.000000 150.000000 98.000000
-15.239000 -19.636000 0.716000 186.000000 176.000000 127.000000
-15.240000 -19.676000 0.708000 161.000000 139.000000 92.000000
-15.244000 -19.590000 0.698000 113.000000 114.000000 98.000000
-15.246000 -19.574000 0.690000 40.000000 43.000000 48.000000
-15.241000 -19.624000 0.710000 177.000000 167.000000 116.000000
-15.238000 -19.702000 0.711000 128.000000 115.000000 63.000000
-15.245000 -19.569000 0.693000 48.000000 52.000000 51.000000
-15.242000 -19.628000 0.705000 174.000000 163.000000 109.000000
-15.237000 -19.684000 0.720000 149.000000 133.000000 97.000000
-15.239000 -19.681000 0.709000 160.000000 137.000000 93.000000
-15.243000 -19.628000 0.697000 84.000000 76.000000 55.000000
-15.243000 -19.616000 0.701000 171.000000 164.000000 138.000000
-15.244000 -19.601000 0.697000 137.000000 136.000000 116.000000
-15.243000 -19.576000 0.703000 119.000000 124.000000 102.000000
-15.238000 -19.690000 0.712000 121.000000 103.000000 63.000000
-15.241000 -19.616000 0.709000 143.000000 135.000000 98.000000
-15.237000 -19.712000 0.716000 177.000000 163.000000 114.000000
-15.240000 -19.663000 0.709000 171.000000 156.000000 113.000000
-15.243000 -19.578000 0.703000 120.000000 125.000000 102.000000
-15.238000 -19.720000 0.713000 158.000000 144.000000 95.000000
-15.236000 -19.722000 0.723000 154.000000 135.000000 92.000000
-15.244000 -19.578000 0.698000 128.000000 132.000000 117.000000
-15.240000 -19.578000 1.092000 43.000000 37.000000 39.000000
-15.238000 -19.618000 1.153000 117.000000 107.000000 72.000000
-15.238000 -19.616000 1.110000 132.000000 123.000000 90.000000
-15.235000 -19.687000 1.295000 26.000000 29.000000 34.000000
-15.234000 -19.706000 1.286000 33.000000 36.000000 45.000000
-15.240000 -19.581000 1.019000 134.000000 131.000000 90.000000
-15.239000 -19.590000 1.261000 27.000000 28.000000 33.000000
-15.237000 -19.620000 1.264000 54.000000 53.000000 58.000000
-15.237000 -19.650000 1.130000 146.000000 147.000000 142.000000
-15.240000 -19.592000 1.028000 42.000000 39.000000 32.000000
-15.238000 -19.610000 1.212000 31.000000 34.000000 43.000000
-15.237000 -19.629000 1.268000 36.000000 39.000000 46.000000
-15.239000 -19.595000 1.091000 171.000000 157.000000 118.000000
-15.237000 -19.644000 1.127000 172.000000 172.000000 174.000000
-15.237000 -19.622000 1.293000 26.000000 31.000000 37.000000
-15.237000 -19.627000 1.247000 43.000000 42.000000 47.000000
-15.239000 -19.598000 1.194000 137.000000 124.000000 90.000000
-15.239000 -19.596000 1.064000 200.000000 193.000000 151.000000
-15.234000 -19.704000 1.271000 31.000000 34.000000 41.000000
-15.238000 -19.621000 1.096000 128.000000 120.000000 101.000000
-15.239000 -19.565000 1.298000 52.000000 51.000000 47.000000
-15.235000 -19.677000 1.272000 23.000000 23.000000 23.000000
-15.238000 -19.594000 1.284000 26.000000 25.000000 33.000000
-15.237000 -19.649000 1.136000 136.000000 137.000000 129.000000
-15.240000 -19.577000 1.068000 59.000000 57.000000 42.000000
-15.239000 -19.588000 1.100000 185.000000 172.000000 140.000000
-15.239000 -19.578000 1.231000 36.000000 33.000000 40.000000
-15.239000 -19.603000 1.021000 120.000000 115.000000 96.000000
-15.240000 -19.589000 1.033000 49.000000 45.000000 36.000000
-15.240000 -19.589000 1.062000 170.000000 161.000000 122.000000
-15.236000 -19.665000 1.187000 156.000000 148.000000 109.000000
-15.239000 -19.602000 1.181000 150.000000 135.000000 94.000000
-15.240000 -19.590000 1.042000 171.000000 157.000000 130.000000
-15.237000 -19.631000 1.261000 36.000000 34.000000 35.000000
-15.236000 -19.670000 1.241000 26.000000 27.000000 31.000000
-15.235000 -19.684000 1.273000 22.000000 24.000000 23.000000
-15.240000 -19.583000 0.979000 144.000000 134.000000 99.000000
-15.240000 -19.568000 1.123000 46.000000 45.000000 40.000000
-15.237000 -19.648000 1.127000 181.000000 179.000000 182.000000
-15.236000 -19.663000 1.282000 26.000000 29.000000 34.000000
-15.235000 -19.682000 1.214000 24.000000 28.000000 31.000000
-15.240000 -19.574000 1.117000 40.000000 39.000000 37.000000
-15.235000 -19.675000 1.222000 28.000000 29.000000 31.000000
-15.235000 -19.672000 1.241000 25.000000 26.000000 30.000000
-15.235000 -19.678000 1.214000 26.000000 30.000000 33.000000
-15.237000 -19.621000 1.235000 38.000000 39.000000 44.000000
-15.238000 -19.596000 1.287000 26.000000 25.000000 30.000000
-15.236000 -19.664000 1.262000 33.000000 32.000000 30.000000
-15.235000 -19.678000 1.225000 24.000000 25.000000 27.000000
-15.241000 -19.569000 0.944000 34.000000 30.000000 27.000000
-15.239000 -19.584000 1.255000 32.000000 32.000000 40.000000
-15.239000 -19.580000 1.245000 33.000000 33.000000 41.000000
-15.238000 -19.596000 1.274000 23.000000 27.000000 30.000000
-15.235000 -19.686000 1.238000 28.000000 30.000000 29.000000
-15.238000 -19.618000 1.148000 82.000000 73.000000 42.000000
-15.236000 -19.669000 1.187000 180.000000 172.000000 135.000000
-15.239000 -19.614000 1.062000 170.000000 163.000000 121.000000
-15.238000 -19.610000 1.245000 37.000000 38.000000 42.000000
-15.238000 -19.622000 1.214000 38.000000 40.000000 52.000000
-15.236000 -19.661000 1.160000 152.000000 146.000000 122.000000
-15.238000 -19.619000 1.206000 41.000000 44.000000 53.000000
-15.238000 -19.627000 1.164000 130.000000 111.000000 78.000000
-15.240000 -19.563000 1.219000 65.000000 65.000000 55.000000
-15.236000 -19.661000 1.188000 173.000000 167.000000 133.000000
-15.236000 -19.669000 1.219000 30.000000 32.000000 31.000000
-15.235000 -19.673000 1.259000 36.000000 32.000000 29.000000
-15.239000 -19.581000 1.198000 41.000000 40.000000 38.000000
-15.239000 -19.604000 1.019000 156.000000 149.000000 120.000000
-15.239000 -19.583000 1.201000 42.000000 43.000000 45.000000
-15.239000 -19.578000 1.201000 38.000000 39.000000 44.000000
-15.238000 -19.629000 1.108000 40.000000 30.000000 20.000000
-15.235000 -19.684000 1.201000 29.000000 29.000000 31.000000
-15.235000 -19.676000 1.213000 26.000000 30.000000 33.000000
-15.240000 -19.581000 1.077000 110.000000 103.000000 74.000000
-15.238000 -19.605000 1.247000 51.000000 50.000000 56.000000
-15.237000 -19.649000 1.198000 32.000000 32.000000 30.000000
-15.238000 -19.604000 1.177000 155.000000 141.000000 104.000000
-15.239000 -19.576000 1.267000 32.000000 33.000000 37.000000
-15.238000 -19.601000 1.235000 31.000000 34.000000 39.000000
-15.237000 -19.646000 1.209000 27.000000 31.000000 43.000000
-15.240000 -19.573000 1.078000 43.000000 38.000000 44.000000
-15.239000 -19.587000 1.149000 161.000000 150.000000 120.000000
-15.236000 -19.654000 1.239000 27.000000 31.000000 40.000000
-15.241000 -19.565000 0.981000 40.000000 49.000000 46.000000
-15.239000 -19.578000 1.226000 36.000000 35.000000 41.000000
-15.237000 -19.640000 1.160000 112.000000 98.000000 71.000000
-15.238000 -19.590000 1.267000 26.000000 27.000000 31.000000
-15.237000 -19.633000 1.263000 34.000000 33.000000 38.000000
-15.237000 -19.633000 1.228000 38.000000 42.000000 51.000000
-15.240000 -19.575000 1.164000 29.000000 28.000000 26.000000
-15.238000 -19.607000 1.252000 37.000000 36.000000 41.000000
-15.238000 -19.618000 1.189000 182.000000 169.000000 135.000000
-15.234000 -19.701000 1.251000 72.000000 71.000000 69.000000
-15.237000 -19.647000 1.151000 132.000000 125.000000 115.000000
-15.238000 -19.609000 1.293000 28.000000 27.000000 32.000000
-15.240000 -19.567000 1.178000 62.000000 61.000000 56.000000
-15.235000 -19.679000 1.218000 23.000000 27.000000 26.000000
-15.237000 -19.640000 1.242000 33.000000 36.000000 43.000000
-15.239000 -19.588000 1.263000 27.000000 28.000000 33.000000
-15.240000 -19.578000 1.018000 91.000000 92.000000 74.000000
-15.239000 -19.617000 1.049000 198.000000 190.000000 154.000000
-15.240000 -19.577000 1.134000 38.000000 37.000000 33.000000
-15.237000 -19.641000 1.262000 53.000000 51.000000 52.000000
-15.236000 -19.651000 1.244000 40.000000 38.000000 41.000000
-15.234000 -19.711000 1.270000 33.000000 33.000000 43.000000
-15.239000 -19.594000 1.090000 178.000000 165.000000 123.000000
-15.238000 -19.609000 1.200000 55.000000 48.000000 38.000000
-15.238000 -19.614000 1.248000 47.000000 46.000000 51.000000
-15.238000 -19.615000 1.258000 38.000000 36.000000 41.000000
-15.240000 -19.590000 1.027000 38.000000 35.000000 26.000000
-15.239000 -19.608000 1.129000 116.000000 105.000000 73.000000
-15.239000 -19.573000 1.210000 38.000000 40.000000 39.000000
-15.239000 -19.595000 1.113000 149.000000 137.000000 95.000000
-15.240000 -19.585000 1.054000 164.000000 151.000000 119.000000
-15.241000 -19.567000 1.031000 48.000000 49.000000 54.000000
-15.234000 -19.711000 1.278000 33.000000 33.000000 45.000000
-15.238000 -19.612000 1.197000 45.000000 41.000000 32.000000
-15.235000 -19.682000 1.205000 23.000000 24.000000 29.000000
-15.238000 -19.615000 1.127000 115.000000 108.000000 79.000000
-15.238000 -19.611000 1.176000 114.000000 102.000000 62.000000
-15.240000 -19.581000 1.003000 163.000000 158.000000 120.000000
-15.238000 -19.638000 1.096000 112.000000 99.000000 82.000000
-15.238000 -19.600000 1.196000 152.000000 145.000000 119.000000
-15.238000 -19.614000 1.236000 36.000000 37.000000 42.000000
-15.236000 -19.649000 1.289000 32.000000 35.000000 44.000000
-15.234000 -19.719000 1.270000 40.000000 38.000000 49.000000
-15.238000 -19.613000 1.180000 141.000000 129.000000 87.000000
-15.241000 -19.562000 1.071000 64.000000 64.000000 56.000000
-15.239000 -19.598000 1.142000 122.000000 106.000000 72.000000
-15.235000 -19.673000 1.290000 21.000000 24.000000 33.000000
-15.236000 -19.668000 1.222000 29.000000 30.000000 32.000000
-15.238000 -19.610000 1.161000 108.000000 95.000000 60.000000
-15.239000 -19.576000 1.233000 33.000000 34.000000 38.000000
-15.239000 -19.581000 1.198000 41.000000 40.000000 38.000000
-15.236000 -19.666000 1.271000 48.000000 48.000000 50.000000
-15.235000 -19.681000 1.279000 24.000000 25.000000 27.000000
-15.237000 -19.655000 1.158000 125.000000 117.000000 98.000000
-15.237000 -19.628000 1.298000 31.000000 31.000000 39.000000
-15.236000 -19.645000 1.286000 33.000000 36.000000 45.000000
-15.236000 -19.656000 1.288000 29.000000 32.000000 41.000000
-15.239000 -19.597000 1.105000 149.000000 136.000000 94.000000
-15.237000 -19.631000 1.187000 133.000000 121.000000 79.000000
-15.235000 -19.677000 1.236000 23.000000 27.000000 30.000000
-15.237000 -19.642000 1.174000 131.000000 117.000000 72.000000
-15.235000 -19.681000 1.192000 52.000000 47.000000 27.000000
-15.238000 -19.602000 1.209000 32.000000 36.000000 39.000000
-15.239000 -19.593000 1.145000 161.000000 145.000000 109.000000
-15.240000 -19.589000 1.050000 175.000000 161.000000 132.000000
-15.240000 -19.574000 1.033000 33.000000 40.000000 33.000000
-15.239000 -19.581000 1.289000 29.000000 35.000000 31.000000
-15.239000 -19.600000 1.024000 50.000000 46.000000 37.000000
-15.236000 -19.659000 1.163000 193.000000 184.000000 153.000000
-15.238000 -19.606000 1.200000 30.000000 29.000000 25.000000
-15.240000 -19.579000 1.056000 93.000000 92.000000 72.000000
-15.235000 -19.687000 1.231000 25.000000 26.000000 30.000000
-15.239000 -19.612000 1.038000 80.000000 81.000000 65.000000
-15.236000 -19.648000 1.288000 32.000000 35.000000 44.000000
-15.241000 -19.575000 0.981000 60.000000 52.000000 41.000000
-15.237000 -19.634000 1.284000 35.000000 38.000000 43.000000
-15.233000 -19.735000 1.295000 34.000000 38.000000 41.000000
-15.235000 -19.681000 1.214000 25.000000 29.000000 32.000000
-15.238000 -19.603000 1.282000 32.000000 29.000000 40.000000
-15.239000 -19.571000 1.260000 39.000000 39.000000 39.000000
-15.237000 -19.617000 1.257000 43.000000 41.000000 46.000000
-15.239000 -19.609000 1.083000 159.000000 151.000000 115.000000
-15.236000 -19.665000 1.173000 150.000000 143.000000 97.000000
-15.236000 -19.643000 1.278000 32.000000 35.000000 44.000000
-15.239000 -19.598000 1.184000 187.000000 171.000000 122.000000
-15.234000 -19.703000 1.226000 31.000000 36.000000 39.000000
-15.238000 -19.604000 1.211000 30.000000 33.000000 38.000000
-15.241000 -19.563000 1.093000 70.000000 67.000000 62.000000
-15.238000 -19.617000 1.202000 39.000000 39.000000 41.000000
-15.238000 -19.615000 1.198000 44.000000 39.000000 33.000000
-15.237000 -19.650000 1.194000 131.000000 125.000000 99.000000
-15.234000 -19.696000 1.277000 25.000000 30.000000 34.000000
-15.238000 -19.596000 1.279000 22.000000 26.000000 29.000000
-15.236000 -19.669000 1.210000 28.000000 31.000000 38.000000
-15.239000 -19.571000 1.226000 41.000000 39.000000 40.000000
-15.238000 -19.598000 1.228000 30.000000 33.000000 38.000000
-15.238000 -19.621000 1.087000 76.000000 66.000000 64.000000
-15.235000 -19.687000 1.195000 25.000000 23.000000 11.000000
-15.239000 -19.586000 1.196000 106.000000 100.000000 86.000000
-15.234000 -19.699000 1.242000 60.000000 59.000000 57.000000
-15.240000 -19.564000 1.167000 71.000000 68.000000 61.000000
-15.237000 -19.637000 1.276000 35.000000 39.000000 50.000000
-15.240000 -19.581000 1.069000 128.000000 119.000000 86.000000
-15.240000 -19.571000 1.186000 39.000000 37.000000 38.000000
-15.238000 -19.607000 1.209000 29.000000 32.000000 39.000000
-15.239000 -19.568000 1.262000 48.000000 47.000000 43.000000
-15.239000 -19.618000 1.061000 192.000000 184.000000 145.000000
-15.238000 -19.612000 1.245000 37.000000 38.000000 42.000000
-15.240000 -19.573000 1.019000 49.000000 49.000000 37.000000
-15.237000 -19.646000 1.151000 132.000000 125.000000 115.000000
-15.236000 -19.664000 1.227000 29.000000 29.000000 37.000000
-15.238000 -19.592000 1.282000 27.000000 25.000000 38.000000
-15.239000 -19.565000 1.276000 55.000000 50.000000 46.000000
-15.234000 -19.711000 1.279000 37.000000 37.000000 49.000000
-15.238000 -19.626000 1.143000 153.000000 137.000000 138.000000
-15.238000 -19.622000 1.195000 62.000000 59.000000 42.000000
-15.237000 -19.652000 1.129000 104.000000 103.000000 99.000000
-15.235000 -19.685000 1.240000 24.000000 24.000000 24.000000
-15.240000 -19.569000 1.172000 52.000000 51.000000 47.000000
-15.236000 -19.656000 1.287000 29.000000 32.000000 41.000000
-15.234000 -19.692000 1.289000 29.000000 33.000000 34.000000
-15.237000 -19.638000 1.115000 142.000000 139.000000 132.000000
-15.241000 -19.562000 1.049000 67.000000 67.000000 59.000000
-15.237000 -19.643000 1.114000 135.000000 130.000000 126.000000
-15.241000 -19.568000 1.035000 34.000000 37.000000 42.000000
-15.238000 -19.607000 1.212000 32.000000 35.000000 42.000000
-15.238000 -19.612000 1.176000 133.000000 121.000000 79.000000
-15.240000 -19.562000 1.182000 70.000000 67.000000 60.000000
-15.240000 -19.578000 1.090000 43.000000 37.000000 39.000000
-15.235000 -19.679000 1.228000 24.000000 25.000000 27.000000
-15.239000 -19.601000 1.109000 116.000000 101.000000 68.000000
-15.236000 -19.667000 1.243000 32.000000 30.000000 31.000000
-15.239000 -19.616000 1.071000 132.000000 125.000000 96.000000
-15.239000 -19.595000 1.193000 131.000000 118.000000 86.000000
-15.237000 -19.618000 1.278000 27.000000 27.000000 35.000000
-15.238000 -19.614000 1.243000 39.000000 38.000000 43.000000
-15.237000 -19.636000 1.167000 136.000000 118.000000 78.000000
-15.238000 -19.616000 1.119000 110.000000 104.000000 72.000000
-15.240000 -19.578000 0.999000 89.000000 88.000000 68.000000
-15.238000 -19.603000 1.198000 83.000000 77.000000 63.000000
-15.240000 -19.578000 1.039000 79.000000 89.000000 80.000000
-15.236000 -19.653000 1.262000 43.000000 42.000000 40.000000
-15.235000 -19.679000 1.274000 25.000000 25.000000 25.000000
-15.239000 -19.600000 1.145000 152.000000 136.000000 102.000000
-15.233000 -19.722000 1.295000 33.000000 36.000000 45.000000
-15.240000 -19.575000 1.117000 40.000000 39.000000 37.000000
-15.239000 -19.609000 1.040000 173.000000 175.000000 154.000000
-15.235000 -19.681000 1.234000 24.000000 25.000000 27.000000
-15.238000 -19.624000 1.078000 113.000000 105.000000 92.000000
-15.238000 -19.609000 1.286000 30.000000 28.000000 33.000000
-15.239000 -19.578000 1.256000 31.000000 34.000000 39.000000
-15.239000 -19.593000 1.217000 31.000000 35.000000 34.000000
-15.237000 -19.625000 1.278000 35.000000 35.000000 45.000000
-15.236000 -19.668000 1.253000 57.000000 52.000000 48.000000
-15.238000 -19.636000 1.111000 149.000000 145.000000 133.000000
-15.233000 -19.720000 1.273000 43.000000 41.000000 54.000000
-15.240000 -19.563000 1.195000 71.000000 68.000000 59.000000
-15.239000 -19.569000 1.299000 49.000000 45.000000 44.000000
-15.238000 -19.632000 1.110000 87.000000 79.000000 66.000000
-15.235000 -19.668000 1.289000 21.000000 24.000000 33.000000
-15.240000 -19.577000 1.128000 41.000000 40.000000 36.000000
-15.235000 -19.677000 1.291000 21.000000 25.000000 24.000000
-15.239000 -19.600000 1.167000 155.000000 139.000000 105.000000
-15.241000 -19.563000 1.029000 64.000000 64.000000 64.000000
-15.234000 -19.710000 1.248000 33.000000 33.000000 35.000000
-15.239000 -19.589000 1.242000 25.000000 28.000000 33.000000
-15.239000 -19.602000 1.102000 160.000000 145.000000 112.000000
-15.239000 -19.611000 1.056000 213.000000 206.000000 164.000000
-15.239000 -19.584000 1.283000 30.000000 33.000000 38.000000
-15.238000 -19.602000 1.244000 35.000000 36.000000 41.000000
-15.234000 -19.716000 1.287000 35.000000 38.000000 47.000000
-15.238000 -19.613000 1.230000 32.000000 34.000000 46.000000
-15.235000 -19.696000 1.247000 51.000000 47.000000 46.000000
-15.236000 -19.649000 1.297000 35.000000 35.000000 43.000000
-15.239000 -19.599000 1.196000 152.000000 145.000000 119.000000
-15.237000 -19.642000 1.112000 81.000000 78.000000 63.000000
-15.239000 -19.574000 1.211000 30.000000 31.000000 35.000000
-15.234000 -19.709000 1.265000 36.000000 37.000000 42.000000
-15.237000 -19.639000 1.276000 35.000000 39.000000 50.000000
-15.240000 -19.587000 1.089000 169.000000 163.000000 131.000000
-15.240000 -19.562000 1.158000 74.000000 71.000000 64.000000
-15.238000 -19.618000 1.122000 106.000000 99.000000 70.000000
-15.240000 -19.579000 1.084000 48.000000 46.000000 33.000000
-15.238000 -19.602000 1.191000 141.000000 126.000000 93.000000
-15.240000 -19.569000 1.095000 42.000000 36.000000 36.000000
-15.240000 -19.566000 1.102000 59.000000 55.000000 52.000000
-15.239000 -19.588000 1.128000 152.000000 141.000000 109.000000
-15.241000 -19.568000 0.956000 33.000000 35.000000 34.000000
-15.239000 -19.578000 1.238000 30.000000 33.000000 38.000000
-15.241000 -19.571000 0.978000 42.000000 41.000000 36.000000
-15.236000 -19.652000 1.252000 73.000000 65.000000 62.000000
-15.238000 -19.629000 1.137000 51.000000 42.000000 33.000000
-15.240000 -19.591000 1.046000 148.000000 134.000000 105.000000
-15.239000 -19.613000 1.074000 123.000000 117.000000 83.000000
-15.241000 -19.566000 1.002000 50.000000 48.000000 49.000000
-15.237000 -19.646000 1.180000 145.000000 131.000000 86.000000
-15.239000 -19.609000 1.098000 144.000000 131.000000 99.000000
-15.236000 -19.658000 1.225000 31.000000 32.000000 37.000000
-15.235000 -19.671000 1.277000 32.000000 28.000000 29.000000
-15.237000 -19.656000 1.139000 167.000000 167.000000 165.000000
-15.238000 -19.625000 1.127000 82.000000 75.000000 69.000000
-15.240000 -19.569000 1.219000 52.000000 51.000000 47.000000
-15.234000 -19.700000 1.275000 31.000000 34.000000 41.000000
-15.240000 -19.581000 1.086000 100.000000 93.000000 65.000000
-15.240000 -19.572000 1.070000 43.000000 38.000000 44.000000
-15.239000 -19.574000 1.270000 32.000000 33.000000 37.000000
-15.240000 -19.576000 1.014000 45.000000 43.000000 30.000000
-15.237000 -19.643000 1.148000 135.000000 130.000000 124.000000
-15.239000 -19.575000 1.198000 31.000000 30.000000 35.000000
-15.234000 -19.713000 1.288000 33.000000 36.000000 41.000000
-15.236000 -19.663000 1.225000 30.000000 31.000000 36.000000
-15.239000 -19.571000 1.267000 40.000000 40.000000 40.000000
-15.237000 -19.627000 1.284000 31.000000 35.000000 47.000000
-15.240000 -19.564000 1.122000 69.000000 66.000000 61.000000
-15.239000 -19.572000 1.255000 40.000000 40.000000 40.000000
-15.234000 -19.707000 1.291000 31.000000 35.000000 38.000000
-15.239000 -19.603000 1.080000 143.000000 134.000000 91.000000
-15.239000 -19.577000 1.184000 41.000000 40.000000 38.000000
-15.234000 -19.704000 1.285000 32.000000 35.000000 42.000000
-15.241000 -19.563000 1.042000 68.000000 68.000000 60.000000
-15.238000 -19.620000 1.144000 152.000000 141.000000 123.000000
-15.239000 -19.582000 1.163000 77.000000 70.000000 51.000000
-15.238000 -19.597000 1.237000 29.000000 32.000000 37.000000
-15.240000 -19.584000 1.043000 177.000000 162.000000 133.000000
-15.238000 -19.604000 1.289000 31.000000 31.000000 31.000000
-15.240000 -19.573000 1.038000 39.000000 44.000000 47.000000
-15.238000 -19.608000 1.152000 122.000000 111.000000 79.000000
-15.238000 -19.619000 1.082000 153.000000 145.000000 134.000000
-15.240000 -19.582000 1.043000 152.000000 137.000000 108.000000
-15.240000 -19.577000 1.081000 52.000000 50.000000 37.000000
-15.234000 -19.696000 1.265000 35.000000 35.000000 37.000000
-15.238000 -19.622000 1.213000 38.000000 40.000000 52.000000
-15.237000 -19.614000 1.296000 26.000000 25.000000 33.000000
-15.239000 -19.587000 1.109000 174.000000 163.000000 131.000000
-15.236000 -19.663000 1.148000 129.000000 128.000000 124.000000
-15.239000 -19.601000 1.028000 45.000000 41.000000 42.000000
-15.235000 -19.673000 1.253000 58.000000 53.000000 49.000000
-15.238000 -19.599000 1.266000 26.000000 25.000000 31.000000
-15.240000 -19.596000 1.034000 45.000000 42.000000 37.000000
-15.240000 -19.597000 1.012000 141.000000 130.000000 85.000000
-15.238000 -19.632000 1.131000 69.000000 62.000000 52.000000
-15.236000 -19.654000 1.230000 29.000000 32.000000 41.000000
-15.236000 -19.645000 1.291000 33.000000 37.000000 38.000000
-15.241000 -19.564000 0.948000 48.000000 47.000000 52.000000
-15.239000 -19.616000 1.056000 159.000000 151.000000 112.000000
-15.238000 -19.607000 1.237000 35.000000 36.000000 41.000000
-15.241000 -19.567000 1.039000 43.000000 46.000000 53.000000
-15.235000 -19.675000 1.241000 25.000000 26.000000 30.000000
-15.237000 -19.644000 1.172000 128.000000 114.000000 69.000000
-15.238000 -19.635000 1.128000 144.000000 141.000000 132.000000
-15.237000 -19.644000 1.181000 138.000000 123.000000 80.000000
-15.234000 -19.691000 1.290000 29.000000 33.000000 34.000000
-15.237000 -19.635000 1.228000 38.000000 42.000000 51.000000
-15.236000 -19.657000 1.203000 28.000000 31.000000 40.000000
-15.241000 -19.587000 0.814000 141.000000 128.000000 75.000000
-15.237000 -19.682000 0.887000 190.000000 185.000000 145.000000
-15.242000 -19.570000 0.723000 142.000000 132.000000 96.000000
-15.237000 -19.672000 0.970000 188.000000 193.000000 199.000000
-15.239000 -19.633000 0.738000 149.000000 138.000000 118.000000
-15.235000 -19.716000 0.969000 183.000000 169.000000 132.000000
-15.239000 -19.621000 1.028000 32.000000 31.000000 36.000000
-15.240000 -19.622000 0.761000 112.000000 94.000000 80.000000
-15.239000 -19.635000 0.751000 168.000000 161.000000 145.000000
-15.236000 -19.689000 1.008000 182.000000 172.000000 136.000000
-15.235000 -19.715000 0.890000 177.000000 164.000000 120.000000
-15.241000 -19.590000 0.796000 109.000000 100.000000 45.000000
-15.236000 -19.676000 1.088000 181.000000 169.000000 153.000000
-15.239000 -19.621000 0.984000 188.000000 182.000000 170.000000
-15.240000 -19.596000 0.938000 162.000000 144.000000 96.000000
-15.235000 -19.724000 0.838000 204.000000 188.000000 152.000000
-15.237000 -19.682000 0.813000 154.000000 144.000000 117.000000
-15.234000 -19.709000 1.144000 171.000000 159.000000 137.000000
-15.233000 -19.738000 1.221000 38.000000 41.000000 50.000000
-15.239000 -19.631000 0.762000 84.000000 74.000000 65.000000
-15.236000 -19.699000 0.756000 189.000000 174.000000 143.000000
-15.241000 -19.590000 0.853000 58.000000 46.000000 22.000000
-15.237000 -19.696000 0.749000 128.000000 120.000000 101.000000
-15.237000 -19.665000 0.886000 179.000000 171.000000 122.000000
-15.239000 -19.619000 0.960000 72.000000 81.000000 86.000000
-15.234000 -19.714000 1.173000 156.000000 151.000000 113.000000
-15.237000 -19.663000 1.055000 167.000000 151.000000 115.000000
-15.239000 -19.629000 0.764000 115.000000 102.000000 93.000000
-15.239000 -19.608000 1.012000 166.000000 155.000000 110.000000
-15.235000 -19.727000 0.789000 150.000000 135.000000 76.000000
-15.236000 -19.678000 1.146000 162.000000 162.000000 162.000000
-15.241000 -19.574000 0.890000 156.000000 139.000000 119.000000
-15.237000 -19.661000 1.079000 49.000000 46.000000 29.000000
-15.235000 -19.718000 0.866000 186.000000 181.000000 143.000000
-15.234000 -19.733000 0.893000 172.000000 160.000000 134.000000
-15.236000 -19.704000 0.903000 158.000000 144.000000 118.000000
-15.238000 -19.670000 0.733000 122.000000 110.000000 84.000000
-15.238000 -19.641000 1.050000 197.000000 193.000000 158.000000
-15.238000 -19.640000 0.850000 79.000000 70.000000 55.000000
-15.240000 -19.611000 0.791000 121.000000 120.000000 100.000000
-15.235000 -19.694000 1.185000 174.000000 173.000000 143.000000
-15.234000 -19.724000 1.184000 162.000000 159.000000 116.000000
-15.235000 -19.707000 1.077000 171.000000 161.000000 136.000000
-15.236000 -19.711000 0.752000 169.000000 158.000000 112.000000
-15.239000 -19.625000 0.854000 24.000000 21.000000 6.000000
-15.235000 -19.735000 0.737000 128.000000 123.000000 93.000000
-15.236000 -19.694000 0.790000 64.000000 61.000000 54.000000
-15.236000 -19.699000 0.854000 25.000000 14.000000 8.000000
-15.237000 -19.669000 0.918000 186.000000 181.000000 178.000000
-15.241000 -19.579000 0.954000 128.000000 118.000000 91.000000
-15.240000 -19.602000 0.906000 144.000000 128.000000 79.000000
-15.238000 -19.660000 0.854000 24.000000 23.000000 5.000000
-15.236000 -19.689000 1.017000 110.000000 112.000000 91.000000
-15.235000 -19.705000 0.928000 162.000000 144.000000 120.000000
-15.241000 -19.578000 0.877000 161.000000 151.000000 116.000000
-15.239000 -19.627000 0.797000 125.000000 112.000000 119.000000
-15.233000 -19.732000 1.178000 167.000000 165.000000 127.000000
-15.239000 -19.620000 1.027000 32.000000 31.000000 36.000000
-15.238000 -19.654000 0.730000 150.000000 140.000000 115.000000
-15.240000 -19.600000 0.864000 59.000000 55.000000 44.000000
-15.237000 -19.672000 1.001000 148.000000 136.000000 96.000000
-15.236000 -19.674000 1.119000 183.000000 188.000000 208.000000
-15.235000 -19.689000 1.165000 173.000000 164.000000 131.000000
-15.239000 -19.640000 0.729000 152.000000 141.000000 109.000000
-15.236000 -19.694000 0.956000 46.000000 40.000000 40.000000
-15.237000 -19.676000 0.872000 163.000000 144.000000 101.000000
-15.234000 -19.708000 1.144000 171.000000 159.000000 137.000000
-15.237000 -19.675000 0.835000 157.000000 145.000000 95.000000
-15.238000 -19.656000 0.771000 109.000000 100.000000 93.000000
-15.240000 -19.603000 0.790000 134.000000 116.000000 80.000000
-15.241000 -19.587000 0.787000 123.000000 110.000000 55.000000
-15.239000 -19.607000 0.976000 145.000000 132.000000 98.000000
-15.242000 -19.573000 0.729000 152.000000 135.000000 92.000000
-15.236000 -19.690000 0.984000 176.000000 167.000000 152.000000
-15.236000 -19.681000 1.145000 178.000000 179.000000 181.000000
-15.240000 -19.592000 0.991000 122.000000 118.000000 73.000000
-15.236000 -19.687000 0.927000 87.000000 83.000000 84.000000
-15.233000 -19.739000 1.282000 31.000000 31.000000 41.000000
-15.238000 -19.650000 0.974000 184.000000 188.000000 187.000000
-15.240000 -19.593000 0.850000 114.000000 103.000000 71.000000
-15.234000 -19.742000 0.856000 29.000000 28.000000 26.000000
-15.239000 -19.629000 0.804000 142.000000 144.000000 133.000000
-15.235000 -19.711000 0.945000 161.000000 147.000000 112.000000
-15.238000 -19.654000 0.728000 136.000000 125.000000 95.000000
-15.233000 -19.730000 1.240000 38.000000 38.000000 48.000000
-15.239000 -19.623000 0.940000 99.000000 93.000000 77.000000
-15.238000 -19.651000 0.854000 44.000000 35.000000 20.000000
-15.235000 -19.686000 1.185000 144.000000 137.000000 93.000000
-15.237000 -19.682000 0.880000 188.000000 175.000000 131.000000
-15.234000 -19.734000 0.989000 154.000000 147.000000 119.000000
-15.236000 -19.699000 0.737000 175.000000 159.000000 126.000000
-15.239000 -19.637000 0.860000 27.000000 21.000000 9.000000
-15.239000 -19.635000 0.788000 179.000000 172.000000 162.000000
-15.236000 -19.706000 0.863000 139.000000 136.000000 103.000000
-15.237000 -19.678000 0.723000 137.000000 124.000000 90.000000
-15.237000 -19.660000 0.948000 170.000000 170.000000 170.000000
-15.240000 -19.605000 0.741000 135.000000 129.000000 95.000000
-15.239000 -19.629000 0.724000 141.000000 128.000000 93.000000
-15.237000 -19.648000 1.089000 175.000000 171.000000 170.000000
-15.236000 -19.717000 0.751000 158.000000 144.000000 95.000000
-15.235000 -19.707000 1.044000 132.000000 120.000000 78.000000
-15.236000 -19.686000 1.008000 179.000000 171.000000 134.000000
-15.234000 -19.737000 1.043000 197.000000 198.000000 182.000000
-15.235000 -19.697000 1.205000 26.000000 29.000000 36.000000
-15.237000 -19.698000 0.727000 117.000000 103.000000 68.000000
-15.236000 -19.709000 0.724000 174.000000 158.000000 109.000000
-15.238000 -19.651000 0.873000 158.000000 141.000000 95.000000
-15.238000 -19.647000 0.801000 165.000000 170.000000 164.000000
-15.237000 -19.665000 0.884000 158.000000 146.000000 98.000000
-15.235000 -19.718000 0.937000 161.000000 146.000000 103.000000
-15.238000 -19.646000 0.817000 177.000000 165.000000 139.000000
-15.236000 -19.689000 0.980000 134.000000 127.000000 121.000000
-15.238000 -19.668000 0.786000 207.000000 200.000000 194.000000
-15.236000 -19.668000 1.131000 150.000000 150.000000 140.000000
-15.235000 -19.705000 1.097000 168.000000 160.000000 149.000000
-15.237000 -19.655000 1.052000 188.000000 174.000000 137.000000
-15.238000 -19.634000 0.934000 96.000000 91.000000 72.000000
-15.242000 -19.562000 0.851000 20.000000 19.000000 25.000000
-15.240000 -19.583000 0.962000 131.000000 122.000000 81.000000
-15.234000 -19.744000 0.832000 30.000000 27.000000 20.000000
-15.237000 -19.649000 1.052000 145.000000 137.000000 100.000000
-15.239000 -19.623000 0.874000 162.000000 152.000000 101.000000
-15.240000 -19.600000 0.779000 139.000000 124.000000 81.000000
-15.235000 -19.724000 0.898000 181.000000 161.000000 110.000000
-15.235000 -19.699000 1.178000 205.000000 200.000000 158.000000
-15.238000 -19.636000 0.917000 149.000000 137.000000 125.000000
-15.238000 -19.646000 0.955000 158.000000 158.000000 156.000000
-15.240000 -19.611000 0.735000 166.000000 157.000000 148.000000
-15.241000 -19.591000 0.833000 137.000000 116.000000 63.000000
-15.235000 -19.714000 1.066000 139.000000 127.000000 89.000000
-15.238000 -19.651000 0.753000 160.000000 160.000000 148.000000
-15.242000 -19.562000 0.739000 30.000000 26.000000 25.000000
-15.236000 -19.690000 0.956000 26.000000 24.000000 27.000000
-15.238000 -19.648000 0.845000 180.000000 166.000000 129.000000
-15.234000 -19.723000 1.057000 165.000000 153.000000 115.000000
-15.241000 -19.582000 0.822000 178.000000 166.000000 116.000000
-15.234000 -19.731000 0.948000 130.000000 122.000000 86.000000
-15.234000 -19.715000 1.137000 147.000000 135.000000 97.000000
-15.235000 -19.708000 0.918000 142.000000 123.000000 91.000000
-15.235000 -19.727000 0.904000 148.000000 130.000000 84.000000
-15.237000 -19.665000 0.939000 193.000000 192.000000 197.000000
-15.241000 -19.570000 0.909000 39.000000 39.000000 31.000000
-15.240000 -19.593000 0.902000 155.000000 137.000000 91.000000
-15.239000 -19.627000 0.899000 156.000000 141.000000 120.000000
-15.240000 -19.594000 0.846000 131.000000 110.000000 55.000000
-15.238000 -19.666000 0.721000 120.000000 106.000000 71.000000
-15.238000 -19.660000 0.792000 87.000000 89.000000 86.000000
-15.240000 -19.600000 0.972000 152.000000 134.000000 96.000000
-15.236000 -19.704000 0.919000 180.000000 163.000000 137.000000
-15.240000 -19.614000 0.794000 42.000000 46.000000 31.000000
-15.240000 -19.598000 0.913000 175.000000 165.000000 116.000000
-15.236000 -19.674000 1.097000 164.000000 159.000000 163.000000
-15.235000 -19.708000 0.931000 146.000000 130.000000 97.000000
-15.237000 -19.650000 1.021000 42.000000 43.000000 35.000000
-15.239000 -19.609000 1.019000 138.000000 133.000000 104.000000
-15.234000 -19.738000 0.889000 130.000000 123.000000 105.000000
-15.241000 -19.579000 0.792000 140.000000 124.000000 72.000000
-15.236000 -19.699000 0.764000 186.000000 170.000000 147.000000
-15.240000 -19.600000 0.991000 133.000000 127.000000 95.000000
-15.235000 -19.710000 1.028000 34.000000 34.000000 36.000000
-15.241000 -19.584000 0.728000 137.000000 120.000000 74.000000
-15.238000 -19.633000 0.995000 162.000000 155.000000 113.000000
-15.235000 -19.701000 1.159000 149.000000 141.000000 118.000000
-15.234000 -19.711000 1.140000 178.000000 166.000000 142.000000
-15.240000 -19.592000 0.879000 198.000000 187.000000 142.000000
-15.235000 -19.700000 1.016000 168.000000 164.000000 135.000000
-15.234000 -19.724000 1.036000 160.000000 153.000000 124.000000
-15.236000 -19.680000 0.989000 166.000000 158.000000 145.000000
-15.236000 -19.669000 1.148000 94.000000 95.000000 90.000000
-15.235000 -19.716000 0.961000 158.000000 144.000000 105.000000
-15.241000 -19.595000 0.798000 138.000000 124.000000 77.000000
-15.236000 -19.665000 1.098000 124.000000 119.000000 115.000000
-15.240000 -19.593000 0.926000 195.000000 177.000000 129.000000
-15.242000 -19.564000 0.818000 30.000000 26.000000 27.000000
-15.233000 -19.736000 1.118000 166.000000 161.000000 129.000000
-15.237000 -19.652000 1.026000 39.000000 40.000000 44.000000
-15.238000 -19.670000 0.745000 131.000000 124.000000 108.000000
-15.239000 -19.631000 0.749000 160.000000 151.000000 136.000000
-15.237000 -19.675000 0.942000 181.000000 188.000000 196.000000
-15.233000 -19.743000 1.230000 33.000000 34.000000 38.000000
-15.240000 -19.614000 0.762000 25.000000 21.000000 18.000000
-15.236000 -19.699000 0.748000 145.000000 134.000000 112.000000
-15.235000 -19.730000 0.899000 127.000000 112.000000 73.000000
-15.241000 -19.584000 0.904000 139.000000 123.000000 71.000000
-15.236000 -19.667000 1.076000 134.000000 127.000000 111.000000
-15.234000 -19.713000 1.131000 167.000000 154.000000 122.000000
-15.236000 -19.712000 0.771000 178.000000 157.000000 114.000000
-15.237000 -19.647000 1.057000 154.000000 149.000000 109.000000
-15.234000 -19.719000 1.140000 182.000000 167.000000 128.000000
-15.234000 -19.718000 1.133000 161.000000 150.000000 104.000000
-15.239000 -19.606000 0.955000 151.000000 141.000000 106.000000
-15.241000 -19.573000 0.905000 47.000000 36.000000 18.000000
-15.242000 -19.562000 0.735000 36.000000 34.000000 37.000000
-15.240000 -19.595000 0.869000 167.000000 164.000000 123.000000
-15.236000 -19.684000 0.953000 92.000000 97.000000 100.000000
-15.235000 -19.728000 0.803000 152.000000 138.000000 77.000000
-15.237000 -19.662000 1.031000 40.000000 37.000000 44.000000
-15.240000 -19.595000 0.927000 165.000000 147.000000 97.000000
-15.233000 -19.730000 1.169000 217.000000 213.000000 175.000000
-15.237000 -19.668000 1.016000 182.000000 178.000000 143.000000
-15.235000 -19.707000 0.904000 117.000000 102.000000 69.000000
-15.235000 -19.703000 1.163000 183.000000 177.000000 145.000000
-15.236000 -19.667000 1.090000 153.000000 147.000000 147.000000
-15.239000 -19.639000 0.855000 37.000000 30.000000 20.000000
-15.236000 -19.677000 1.036000 74.000000 67.000000 51.000000
-15.235000 -19.708000 0.983000 166.000000 155.000000 125.000000
-15.238000 -19.638000 1.031000 45.000000 44.000000 49.000000
-15.240000 -19.603000 0.954000 139.000000 126.000000 92.000000
-15.236000 -19.670000 1.044000 165.000000 156.000000 117.000000
-15.239000 -19.639000 0.776000 119.000000 114.000000 108.000000
-15.240000 -19.596000 0.842000 151.000000 132.000000 76.000000
-15.235000 -19.735000 0.842000 188.000000 180.000000 159.000000
-15.240000 -19.614000 0.780000 43.000000 44.000000 36.000000
-15.241000 -19.574000 0.943000 96.000000 78.000000 56.000000
-15.234000 -19.708000 1.162000 182.000000 176.000000 142.000000
-15.238000 -19.653000 0.942000 178.000000 166.000000 168.000000
-15.239000 -19.628000 0.846000 201.000000 183.000000 143.000000
-15.233000 -19.744000 1.239000 42.000000 43.000000 48.000000
-15.239000 -19.647000 0.718000 173.000000 160.000000 115.000000
-15.240000 -19.607000 0.783000 142.000000 134.000000 115.000000
-15.236000 -19.675000 1.078000 66.000000 56.000000 46.000000
-15.237000 -19.666000 0.918000 192.000000 188.000000 185.000000
-15.236000 -19.676000 1.065000 149.000000 137.000000 115.000000
-15.239000 -19.623000 0.781000 136.000000 124.000000 124.000000
-15.234000 -19.733000 0.922000 153.000000 141.000000 115.000000
-15.238000 -19.638000 0.885000 148.000000 128.000000 77.000000
-15.236000 -19.711000 0.740000 140.000000 120.000000 70.000000
-15.234000 -19.708000 1.144000 194.000000 185.000000 168.000000
-15.235000 -19.695000 1.180000 176.000000 172.000000 127.000000
-15.236000 -19.683000 1.000000 168.000000 159.000000 120.000000
-15.235000 -19.711000 1.105000 143.000000 131.000000 107.000000
-15.239000 -19.644000 0.773000 132.000000 125.000000 117.000000
-15.237000 -19.670000 0.987000 153.000000 148.000000 128.000000
-15.234000 -19.709000 1.228000 38.000000 41.000000 48.000000
-15.238000 -19.655000 0.786000 162.000000 159.000000 142.000000
-15.238000 -19.663000 0.725000 134.000000 120.000000 91.000000
-15.235000 -19.738000 0.768000 102.000000 96.000000 74.000000
-15.235000 -19.709000 1.115000 154.000000 142.000000 118.000000
-15.235000 -19.718000 0.908000 157.000000 141.000000 92.000000
-15.233000 -19.735000 1.231000 40.000000 41.000000 45.000000
-15.237000 -19.665000 0.926000 170.000000 169.000000 167.000000
-15.237000 -19.684000 0.818000 140.000000 127.000000 93.000000
-15.239000 -19.614000 0.875000 179.000000 171.000000 122.000000
-15.241000 -19.579000 0.774000 179.000000 163.000000 112.000000
-15.241000 -19.575000 0.864000 108.000000 102.000000 76.000000
-15.239000 -19.623000 0.953000 99.000000 95.000000 94.000000
-15.235000 -19.692000 1.139000 159.000000 160.000000 162.000000
-15.234000 -19.721000 1.039000 181.000000 171.000000 136.000000
-15.237000 -19.652000 1.020000 48.000000 49.000000 41.000000
-15.235000 -19.690000 1.110000 143.000000 147.000000 146.000000
-15.240000 -19.601000 0.776000 136.000000 120.000000 87.000000
-15.234000 -19.710000 1.144000 171.000000 159.000000 137.000000
-15.238000 -19.655000 0.864000 118.000000 114.000000 85.000000
-15.237000 -19.656000 0.961000 131.000000 138.000000 130.000000
-15.241000 -19.580000 0.792000 138.000000 122.000000 70.000000
-15.235000 -19.723000 0.730000 161.000000 134.000000 87.000000
-15.235000 -19.723000 0.978000 147.000000 136.000000 90.000000
-15.235000 -19.710000 1.087000 154.000000 144.000000 119.000000
-15.241000 -19.575000 0.920000 122.000000 111.000000 83.000000
-15.233000 -19.736000 1.263000 35.000000 38.000000 45.000000
-15.240000 -19.593000 0.991000 122.000000 118.000000 73.000000
-15.234000 -19.721000 1.154000 173.000000 159.000000 124.000000
-15.233000 -19.741000 1.183000 155.000000 154.000000 134.000000
-15.241000 -19.590000 0.856000 43.000000 31.000000 19.000000
-15.240000 -19.623000 0.718000 149.000000 138.000000 93.000000
-15.240000 -19.602000 0.915000 140.000000 129.000000 83.000000
-15.239000 -19.616000 0.993000 188.000000 183.000000 145.000000
-15.235000 -19.718000 0.995000 185.000000 183.000000 142.000000
-15.233000 -19.739000 1.154000 162.000000 164.000000 142.000000
-15.237000 -19.676000 0.874000 179.000000 158.000000 113.000000
-15.234000 -19.722000 1.097000 171.000000 153.000000 115.000000
-15.238000 -19.643000 1.032000 51.000000 50.000000 56.000000
-15.235000 -19.709000 0.986000 147.000000 134.000000 99.000000
-15.237000 -19.674000 0.829000 153.000000 142.000000 86.000000
-15.235000 -19.728000 0.750000 134.000000 122.000000 74.000000
-15.239000 -19.631000 0.791000 148.000000 145.000000 140.000000
-15.238000 -19.643000 1.030000 51.000000 50.000000 56.000000
-15.235000 -19.692000 1.143000 174.000000 174.000000 176.000000
-15.233000 -19.740000 1.248000 31.000000 32.000000 37.000000
-15.234000 -19.735000 0.920000 134.000000 120.000000 94.000000
-15.238000 -19.664000 0.826000 199.000000 187.000000 135.000000
-15.237000 -19.643000 1.082000 103.000000 87.000000 74.000000
-15.236000 -19.703000 0.784000 123.000000 109.000000 83.000000
-15.234000 -19.731000 1.060000 157.000000 149.000000 113.000000
-15.242000 -19.564000 0.791000 34.000000 29.000000 26.000000
-15.234000 -19.709000 1.211000 33.000000 38.000000 44.000000
-15.237000 -19.663000 0.955000 179.000000 184.000000 178.000000
-15.239000 -19.625000 0.768000 129.000000 109.000000 102.000000
-15.239000 -19.632000 0.898000 150.000000 140.000000 115.000000
-15.237000 -19.647000 1.066000 170.000000 164.000000 132.000000
-15.235000 -19.695000 1.174000 204.000000 199.000000 157.000000
-15.237000 -19.674000 0.969000 181.000000 186.000000 192.000000
-15.241000 -19.580000 0.736000 136.000000 124.000000 64.000000
-15.236000 -19.709000 0.763000 164.000000 143.000000 100.000000
-15.238000 -19.651000 0.744000 184.000000 182.000000 169.000000
-15.236000 -19.679000 1.011000 148.000000 144.000000 106.000000
-15.236000 -19.701000 0.867000 163.000000 146.000000 103.000000
-15.240000 -19.596000 0.908000 160.000000 146.000000 99.000000
-15.237000 -19.678000 0.746000 113.000000 105.000000 86.000000
-15.236000 -19.685000 1.036000 119.000000 111.000000 92.000000
-15.236000 -19.678000 1.015000 170.000000 171.000000 139.000000
-15.238000 -19.645000 0.870000 169.000000 155.000000 106.000000
-15.236000 -19.697000 0.950000 135.000000 126.000000 121.000000
-15.236000 -19.693000 0.994000 185.000000 177.000000 140.000000
-15.234000 -19.724000 1.225000 38.000000 38.000000 46.000000
-15.238000 -19.634000 1.028000 30.000000 29.000000 35.000000
-15.233000 -19.729000 1.223000 36.000000 39.000000 48.000000
-15.234000 -19.720000 1.241000 33.000000 33.000000 41.000000
-15.238000 -19.662000 0.736000 69.000000 60.000000 43.000000
-15.242000 -19.564000 0.886000 42.000000 37.000000 41.000000
-15.236000 -19.690000 0.837000 141.000000 128.000000 76.000000
-15.235000 -19.694000 1.090000 32.000000 29.000000 22.000000
-15.241000 -19.599000 0.718000 160.000000 146.000000 101.000000
-15.236000 -19.703000 0.910000 153.000000 137.000000 112.000000
-15.238000 -19.661000 0.863000 121.000000 120.000000 92.000000
-15.236000 -19.701000 0.886000 139.000000 131.000000 92.000000
-15.241000 -19.575000 0.786000 170.000000 155.000000 112.000000
-15.239000 -19.624000 0.991000 172.000000 166.000000 144.000000
-15.235000 -19.701000 1.091000 135.000000 128.000000 118.000000
-15.234000 -19.729000 1.172000 179.000000 174.000000 132.000000
-15.237000 -19.652000 1.017000 140.000000 142.000000 120.000000
-15.239000 -19.620000 1.019000 156.000000 152.000000 125.000000
-15.241000 -19.585000 0.726000 137.000000 120.000000 74.000000
-15.239000 -19.631000 0.859000 30.000000 30.000000 20.000000
-15.237000 -19.683000 0.765000 166.000000 161.000000 158.000000
-15.238000 -19.642000 0.895000 131.000000 111.000000 84.000000
-15.236000 -19.698000 0.871000 162.000000 139.000000 97.000000
-15.236000 -19.683000 1.049000 196.000000 184.000000 146.000000
-15.234000 -19.740000 0.844000 68.000000 64.000000 55.000000
-15.238000 -19.649000 0.910000 133.000000 125.000000 122.000000
-15.240000 -19.584000 0.941000 152.000000 134.000000 86.000000
-15.236000 -19.693000 0.838000 187.000000 174.000000 130.000000
-15.236000 -19.702000 0.728000 109.000000 94.000000 55.000000
-15.236000 -19.719000 0.746000 146.000000 126.000000 75.000000
-15.241000 -19.575000 0.841000 138.000000 128.000000 93.000000
-15.237000 -19.689000 0.767000 51.000000 40.000000 34.000000
-15.234000 -19.730000 1.093000 157.000000 143.000000 94.000000
-15.235000 -19.717000 0.963000 167.000000 153.000000 116.000000
-15.239000 -19.612000 0.953000 142.000000 134.000000 115.000000
-15.235000 -19.739000 0.766000 36.000000 33.000000 18.000000
-15.236000 -19.675000 1.086000 181.000000 169.000000 153.000000
-15.237000 -19.676000 0.759000 173.000000 172.000000 168.000000
-15.240000 -19.609000 0.921000 118.000000 104.000000 75.000000
-15.236000 -19.674000 1.153000 182.000000 182.000000 170.000000
-15.239000 -19.637000 0.816000 171.000000 163.000000 142.000000
-15.240000 -19.587000 0.931000 184.000000 164.000000 114.000000
-15.238000 -19.648000 0.946000 167.000000 165.000000 170.000000
-15.240000 -19.593000 0.987000 123.000000 116.000000 72.000000
-15.237000 -19.683000 0.764000 166.000000 161.000000 158.000000
-15.233000 -19.741000 1.203000 29.000000 30.000000 32.000000
-15.234000 -19.734000 0.877000 185.000000 173.000000 149.000000
-15.237000 -19.658000 0.941000 167.000000 161.000000 165.000000
-15.241000 -19.578000 0.872000 148.000000 140.000000 104.000000
-15.237000 -19.690000 0.756000 94.000000 87.000000 69.000000
-15.238000 -19.661000 0.830000 180.000000 170.000000 119.000000
-15.236000 -19.689000 0.919000 50.000000 41.000000 42.000000
-15.238000 -19.633000 1.053000 175.000000 162.000000 127.000000
-15.237000 -19.659000 1.063000 148.000000 137.000000 105.000000
-15.238000 -19.644000 1.021000 62.000000 63.000000 55.000000
-15.241000 -19.597000 0.760000 149.000000 139.000000 88.000000
-15.242000 -19.574000 0.783000 166.000000 151.000000 108.000000
-15.237000 -19.664000 0.861000 133.000000 133.000000 107.000000
-15.237000 -19.693000 0.794000 99.000000 100.000000 95.000000
-15.236000 -19.702000 0.924000 175.000000 158.000000 140.000000
-15.235000 -19.717000 0.899000 159.000000 147.000000 99.000000
-15.233000 -19.725000 1.227000 38.000000 39.000000 43.000000
-15.241000 -19.584000 0.883000 196.000000 178.000000 132.000000
-15.236000 -19.674000 1.057000 164.000000 152.000000 114.000000
-15.239000 -19.625000 0.785000 140.000000 125.000000 128.000000
-15.237000 -19.656000 0.946000 162.000000 160.000000 161.000000
-15.236000 -19.679000 1.126000 207.000000 212.000000 215.000000
-15.234000 -19.723000 1.055000 177.000000 167.000000 116.000000
-15.235000 -19.713000 0.936000 189.000000 174.000000 133.000000
-15.234000 -19.735000 1.021000 67.000000 73.000000 63.000000
-15.242000 -19.572000 0.734000 125.000000 108.000000 65.000000
-15.242000 -19.572000 0.780000 122.000000 108.000000 81.000000
-15.240000 -19.606000 0.782000 137.000000 123.000000 97.000000
-15.234000 -19.717000 1.193000 156.000000 152.000000 127.000000
-15.237000 -19.656000 1.118000 183.000000 176.000000 168.000000
-15.235000 -19.702000 1.200000 25.000000 25.000000 23.000000
-15.235000 -19.727000 0.771000 154.000000 142.000000 84.000000
-15.240000 -19.597000 0.982000 134.000000 122.000000 84.000000
-15.241000 -19.581000 0.927000 152.000000 133.000000 75.000000
-15.234000 -19.715000 1.190000 197.000000 194.000000 163.000000
-15.234000 -19.738000 0.926000 27.000000 20.000000 12.000000
-15.240000 -19.595000 0.871000 163.000000 159.000000 111.000000
-15.240000 -19.592000 0.871000 192.000000 188.000000 140.000000
-15.236000 -19.703000 0.725000 128.000000 113.000000 70.000000
-15.239000 -19.633000 0.850000 82.000000 82.000000 70.000000
-15.234000 -19.726000 1.011000 167.000000 161.000000 137.000000
-15.234000 -19.710000 1.161000 133.000000 124.000000 93.000000
-15.240000 -19.608000 0.890000 192.000000 178.000000 133.000000
-15.239000 -19.643000 0.755000 133.000000 129.000000 120.000000
-15.240000 -19.598000 0.819000 134.000000 114.000000 63.000000
-15.233000 -19.743000 1.122000 58.000000 55.000000 46.000000
-15.239000 -19.614000 0.994000 168.000000 161.000000 119.000000
-15.239000 -19.641000 0.777000 105.000000 98.000000 88.000000
-15.238000 -19.640000 1.023000 59.000000 61.000000 50.000000
-15.235000 -19.705000 1.168000 199.000000 194.000000 156.000000
-15.240000 -19.609000 0.731000 128.000000 119.000000 86.000000
-15.238000 -19.628000 1.057000 190.000000 180.000000 144.000000
-15.233000 -19.743000 1.063000 85.000000 86.000000 80.000000
-15.237000 -19.666000 0.927000 170.000000 169.000000 167.000000
-15.239000 -19.624000 0.995000 172.000000 168.000000 133.000000
-15.238000 -19.649000 1.000000 158.000000 153.000000 115.000000
-15.234000 -19.723000 1.032000 39.000000 35.000000 32.000000
-15.238000 -19.661000 0.808000 114.000000 110.000000 99.000000
-15.235000 -19.729000 0.804000 152.000000 138.000000 77.000000
-15.238000 -19.651000 0.776000 157.000000 148.000000 131.000000
-15.238000 -19.663000 0.823000 155.000000 142.000000 97.000000
-15.238000 -19.641000 0.915000 140.000000 133.000000 123.000000
-15.233000 -19.745000 1.028000 40.000000 39.000000 53.000000
-15.235000 -19.724000 0.880000 187.000000 166.000000 121.000000
-15.237000 -19.654000 0.984000 161.000000 162.000000 146.000000
-15.235000 -19.728000 0.865000 155.000000 143.000000 101.000000
-15.236000 -19.682000 1.117000 201.000000 209.000000 212.000000
-15.237000 -19.683000 0.854000 32.000000 31.000000 29.000000
-15.239000 -19.637000 0.811000 136.000000 130.000000 114.000000
-15.236000 -19.719000 0.739000 152.000000 129.000000 77.000000
-15.234000 -19.727000 1.029000 40.000000 43.000000 32.000000
-15.235000 -19.723000 0.769000 144.000000 122.000000 72.000000
-15.234000 -19.738000 0.862000 127.000000 123.000000 111.000000
-15.238000 -19.653000 0.794000 72.000000 74.000000 63.000000
-15.235000 -19.730000 0.880000 160.000000 144.000000 111.000000
-15.240000 -19.591000 0.902000 164.000000 146.000000 100.000000
-15.237000 -19.671000 0.881000 159.000000 144.000000 101.000000
-15.235000 -19.718000 0.885000 172.000000 164.000000 117.000000
-15.234000 -19.712000 1.192000 143.000000 141.000000 118.000000
-15.234000 -19.718000 1.117000 173.000000 160.000000 115.000000
-15.240000 -19.614000 0.855000 32.000000 29.000000 14.000000
-15.236000 -19.679000 0.973000 98.000000 99.000000 103.000000
-15.240000 -19.597000 0.842000 151.000000 132.000000 76.000000
-15.235000 -19.685000 1.148000 108.000000 108.000000 108.000000
-15.242000 -19.574000 0.744000 136.000000 116.000000 66.000000
-15.241000 -19.567000 0.904000 33.000000 35.000000 34.000000
-15.234000 -19.744000 0.784000 29.000000 24.000000 18.000000
-15.237000 -19.693000 0.743000 92.000000 79.000000 60.000000
-15.236000 -19.703000 0.905000 140.000000 126.000000 100.000000
-15.241000 -19.577000 0.812000 154.000000 138.000000 87.000000
-15.234000 -19.732000 0.930000 141.000000 128.000000 94.000000
-15.235000 -19.722000 0.886000 177.000000 169.000000 122.000000
-15.239000 -19.625000 0.883000 193.000000 177.000000 126.000000
-15.236000 -19.680000 1.119000 195.000000 204.000000 209.000000
-15.240000 -19.596000 0.962000 141.000000 128.000000 84.000000
-15.238000 -19.645000 0.925000 170.000000 168.000000 155.000000
-15.237000 -19.684000 0.811000 158.000000 150.000000 131.000000
-15.238000 -19.670000 0.755000 148.000000 149.000000 144.000000
-15.236000 -19.691000 0.871000 189.000000 166.000000 124.000000
-15.236000 -19.713000 0.810000 167.000000 153.000000 108.000000
-15.233000 -19.731000 1.186000 199.000000 195.000000 157.000000
-15.237000 -19.670000 0.948000 206.000000 209.000000 216.000000
-15.234000 -19.719000 1.180000 207.000000 201.000000 169.000000
-15.237000 -19.691000 0.745000 110.000000 98.000000 82.000000
-15.236000 -19.695000 0.986000 164.000000 153.000000 135.000000
-15.233000 -19.726000 1.218000 38.000000 40.000000 53.000000
-15.238000 -19.647000 0.817000 177.000000 165.000000 139.000000
-15.239000 -19.639000 0.834000 184.000000 171.000000 129.000000
-15.236000 -19.677000 1.168000 170.000000 161.000000 122.000000
-15.235000 -19.702000 1.068000 155.000000 147.000000 124.000000
-15.239000 -19.646000 0.734000 109.000000 102.000000 74.000000
-15.235000 -19.722000 0.837000 180.000000 170.000000 134.000000
-15.234000 -19.727000 1.013000 201.000000 197.000000 172.000000
-15.240000 -19.625000 0.729000 138.000000 124.000000 97.000000
-15.235000 -19.729000 0.823000 179.000000 166.000000 131.000000
-15.239000 -19.622000 0.874000 162.000000 152.000000 101.000000
-15.239000 -19.624000 0.926000 98.000000 88.000000 78.000000
-15.234000 -19.733000 0.909000 161.000000 147.000000 120.000000
-15.240000 -19.605000 0.887000 180.000000 166.000000 119.000000
-15.239000 -19.648000 0.736000 114.000000 108.000000 84.000000
-15.237000 -19.654000 0.968000 102.000000 108.000000 104.000000
-15.236000 -19.681000 1.093000 150.000000 149.000000 154.000000
-15.240000 -19.605000 0.750000 155.000000 149.000000 125.000000
-15.234000 -19.739000 1.045000 135.000000 138.000000 131.000000
-15.234000 -19.736000 1.031000 42.000000 44.000000 33.000000
-15.234000 -19.730000 1.067000 174.000000 164.000000 129.000000
-15.242000 -19.563000 0.770000 38.000000 32.000000 32.000000
-15.237000 -19.660000 0.916000 112.000000 111.000000 109.000000
-15.233000 -19.740000 1.242000 34.000000 35.000000 40.000000
-15.235000 -19.744000 0.738000 73.000000 70.000000 61.000000
-15.237000 -19.667000 0.952000 191.000000 195.000000 198.000000
-15.233000 -19.724000 1.252000 34.000000 37.000000 46.000000
-15.234000 -19.709000 1.147000 158.000000 146.000000 124.000000
-15.236000 -19.709000 0.821000 183.000000 174.000000 131.000000
-15.240000 -19.595000 0.977000 166.000000 148.000000 108.000000
-15.240000 -19.594000 0.919000 167.000000 153.000000 108.000000
-15.235000 -19.730000 0.744000 146.000000 137.000000 96.000000
-15.239000 -19.609000 1.016000 154.000000 146.000000 107.000000
-15.234000 -19.733000 0.906000 161.000000 147.000000 120.000000
-15.237000 -19.672000 0.928000 175.000000 174.000000 172.000000
-15.240000 -19.612000 0.875000 177.000000 171.000000 123.000000
-15.238000 -19.628000 1.064000 183.000000 179.000000 144.000000
-15.237000 -19.659000 0.954000 186.000000 188.000000 185.000000
-15.237000 -19.656000 1.110000 140.000000 132.000000 129.000000
-15.239000 -19.613000 0.881000 171.000000 157.000000 112.000000
-15.239000 -19.630000 0.913000 37.000000 24.000000 8.000000
-15.234000 -19.723000 1.172000 170.000000 162.000000 123.000000
-15.237000 -19.659000 1.118000 185.000000 181.000000 172.000000
-15.241000 -19.594000 0.736000 155.000000 140.000000 85.000000
-15.242000 -19.562000 0.766000 30.000000 24.000000 24.000000
-15.235000 -19.701000 1.042000 164.000000 151.000000 109.000000
-15.237000 -19.664000 0.989000 129.000000 125.000000 100.000000
-15.236000 -19.688000 0.856000 22.000000 20.000000 8.000000
-15.237000 -19.683000 0.816000 140.000000 127.000000 93.000000
-15.235000 -19.711000 0.959000 136.000000 122.000000 95.000000
-15.234000 -19.720000 1.046000 158.000000 146.000000 108.000000
-15.238000 -19.646000 0.793000 122.000000 119.000000 104.000000
-15.240000 -19.626000 0.721000 162.000000 149.000000 105.000000
-15.235000 -19.708000 0.936000 163.000000 149.000000 112.000000
-15.241000 -19.578000 0.853000 71.000000 67.000000 40.000000
-15.239000 -19.618000 1.037000 64.000000 68.000000 45.000000
-15.237000 -19.670000 0.936000 183.000000 187.000000 190.000000
-15.240000 -19.615000 0.801000 173.000000 174.000000 160.000000
-15.240000 -19.603000 0.742000 127.000000 120.000000 76.000000
-15.236000 -19.681000 1.139000 86.000000 92.000000 92.000000
-15.235000 -19.721000 0.997000 189.000000 185.000000 147.000000
-15.238000 -19.653000 0.806000 112.000000 115.000000 108.000000
-15.241000 -19.584000 0.759000 170.000000 152.000000 106.000000
-15.237000 -19.691000 0.744000 92.000000 79.000000 60.000000
-15.236000 -19.675000 1.013000 195.000000 188.000000 146.000000
-15.241000 -19.592000 0.769000 151.000000 144.000000 89.000000
-15.233000 -19.745000 1.136000 32.000000 32.000000 34.000000
-15.234000 -19.710000 1.226000 36.000000 39.000000 44.000000
-15.236000 -19.698000 0.757000 178.000000 163.000000 132.000000
-15.234000 -19.713000 1.133000 135.000000 121.000000 92.000000
-15.236000 -19.689000 0.888000 180.000000 172.000000 133.000000
-15.238000 -19.649000 0.900000 182.000000 168.000000 157.000000
-15.233000 -19.745000 1.166000 53.000000 53.000000 45.000000
-15.234000 -19.740000 0.810000 46.000000 40.000000 24.000000
-15.238000 -19.642000 0.848000 182.000000 166.000000 130.000000
-15.236000 -19.695000 0.974000 174.000000 166.000000 163.000000
-15.234000 -19.737000 0.895000 105.000000 98.000000 79.000000
-15.239000 -19.625000 0.872000 137.000000 131.000000 81.000000
-15.237000 -19.660000 0.975000 145.000000 147.000000 142.000000
-15.235000 -19.709000 0.968000 152.000000 138.000000 111.000000
-15.237000 -19.662000 1.092000 126.000000 122.000000 111.000000
-15.241000 -19.583000 0.834000 144.000000 121.000000 71.000000
-15.234000 -19.708000 1.192000 121.000000 119.000000 98.000000
-15.235000 -19.695000 1.169000 152.000000 147.000000 109.000000
-15.235000 -19.705000 0.983000 200.000000 188.000000 162.000000
-15.235000 -19.700000 1.105000 104.000000 100.000000 91.000000
-15.233000 -19.738000 1.164000 136.000000 135.000000 115.000000
-15.235000 -19.719000 0.822000 221.000000 212.000000 171.000000
-15.237000 -19.665000 0.943000 165.000000 165.000000 173.000000
-15.237000 -19.664000 1.067000 97.000000 85.000000 59.000000
-15.235000 -19.695000 1.132000 16.000000 7.000000 8.000000
-15.237000 -19.663000 0.960000 161.000000 168.000000 160.000000
-15.234000 -19.737000 0.952000 132.000000 127.000000 107.000000
-15.236000 -19.695000 0.850000 37.000000 23.000000 23.000000
-15.235000 -19.691000 1.139000 159.000000 160.000000 162.000000
-15.235000 -19.733000 0.727000 89.000000 83.000000 57.000000
-15.235000 -19.699000 1.130000 46.000000 36.000000 35.000000
-15.235000 -19.696000 1.060000 163.000000 153.000000 117.000000
-15.238000 -19.648000 0.964000 82.000000 88.000000 84.000000
-15.240000 -19.596000 0.976000 166.000000 148.000000 108.000000
-15.234000 -19.731000 1.133000 156.000000 147.000000 104.000000
-15.236000 -19.688000 0.983000 159.000000 151.000000 140.000000
-15.234000 -19.734000 0.921000 153.000000 141.000000 115.000000
-15.240000 -19.600000 0.946000 114.000000 95.000000 65.000000
-15.236000 -19.708000 0.817000 160.000000 148.000000 106.000000
-15.238000 -19.634000 0.981000 157.000000 154.000000 147.000000
-15.234000 -19.736000 0.858000 99.000000 95.000000 86.000000
-15.239000 -19.622000 1.010000 154.000000 147.000000 101.000000
-15.240000 -19.594000 0.984000 148.000000 137.000000 92.000000
-15.234000 -19.741000 0.958000 44.000000 42.000000 27.000000
-15.237000 -19.685000 0.871000 196.000000 175.000000 132.000000
-15.235000 -19.693000 1.130000 27.000000 23.000000 24.000000
-15.233000 -19.725000 1.220000 38.000000 40.000000 53.000000
-15.240000 -19.609000 0.925000 105.000000 90.000000 59.000000
-15.234000 -19.716000 1.222000 39.000000 42.000000 49.000000
-15.235000 -19.702000 0.987000 183.000000 171.000000 145.000000
-15.236000 -19.692000 0.990000 148.000000 137.000000 119.000000
-15.238000 -19.633000 1.066000 174.000000 170.000000 141.000000
-15.236000 -19.703000 0.811000 161.000000 146.000000 115.000000
-15.237000 -19.658000 0.952000 186.000000 188.000000 185.000000
-15.234000 -19.744000 0.905000 73.000000 69.000000 70.000000
-15.233000 -19.733000 1.252000 41.000000 44.000000 51.000000
-15.237000 -19.694000 0.734000 145.000000 128.000000 98.000000
-15.235000 -19.696000 1.128000 27.000000 21.000000 21.000000
-15.237000 -19.669000 0.971000 165.000000 170.000000 173.000000
-15.234000 -19.721000 1.165000 173.000000 164.000000 123.000000
-15.237000 -19.654000 0.957000 175.000000 180.000000 173.000000
-15.240000 -19.612000 0.808000 149.000000 138.000000 116.000000
-15.237000 -19.670000 0.987000 162.000000 159.000000 144.000000
-15.238000 -19.637000 1.043000 177.000000 168.000000 139.000000
-15.234000 -19.705000 1.189000 204.000000 203.000000 175.000000
-15.237000 -19.672000 0.864000 160.000000 160.000000 136.000000
-15.236000 -19.703000 0.920000 180.000000 163.000000 137.000000
-15.239000 -19.622000 0.945000 93.000000 82.000000 80.000000
-15.241000 -19.576000 0.940000 147.000000 123.000000 97.000000
-15.236000 -19.703000 0.804000 159.000000 141.000000 117.000000
-15.235000 -19.724000 0.881000 187.000000 166.000000 121.000000
-15.236000 -19.698000 0.864000 170.000000 161.000000 122.000000
-15.240000 -19.619000 0.765000 38.000000 28.000000 19.000000
-15.234000 -19.740000 0.864000 66.000000 63.000000 54.000000
-15.234000 -19.719000 1.181000 207.000000 201.000000 169.000000
-15.239000 -19.604000 0.980000 168.000000 154.000000 117.000000
-15.239000 -19.627000 0.909000 51.000000 42.000000 27.000000
-15.241000 -19.571000 0.895000 65.000000 48.000000 41.000000
-15.234000 -19.739000 0.997000 96.000000 93.000000 78.000000
-15.236000 -19.672000 1.147000 133.000000 134.000000 129.000000
-15.234000 -19.716000 1.077000 203.000000 191.000000 151.000000
-15.235000 -19.705000 1.053000 167.000000 155.000000 113.000000
-15.237000 -19.683000 0.903000 195.000000 185.000000 176.000000
-15.238000 -19.650000 0.962000 154.000000 159.000000 153.000000
-15.236000 -19.685000 1.050000 191.000000 179.000000 137.000000
-15.242000 -19.565000 0.796000 38.000000 29.000000 24.000000
-15.238000 -19.649000 0.849000 167.000000 153.000000 118.000000
-15.235000 -19.737000 0.748000 66.000000 61.000000 39.000000
-15.236000 -19.704000 0.825000 194.000000 184.000000 133.000000
-15.236000 -19.701000 0.852000 43.000000 28.000000 25.000000
-15.234000 -19.722000 1.066000 160.000000 147.000000 103.000000
-15.240000 -19.600000 0.992000 133.000000 127.000000 95.000000
-15.238000 -19.653000 0.805000 112.000000 115.000000 108.000000
-15.234000 -19.731000 1.091000 165.000000 149.000000 98.000000
-15.237000 -19.666000 0.935000 171.000000 171.000000 173.000000
-15.233000 -19.744000 1.177000 58.000000 56.000000 43.000000
-15.238000 -19.641000 0.929000 177.000000 171.000000 157.000000
-15.241000 -19.565000 0.903000 33.000000 35.000000 34.000000
-15.237000 -19.676000 0.854000 20.000000 20.000000 20.000000
-15.236000 -19.693000 0.933000 78.000000 70.000000 68.000000
-15.237000 -19.667000 1.062000 192.000000 179.000000 145.000000
-15.237000 -19.666000 1.074000 172.000000 164.000000 145.000000
-15.234000 -19.722000 1.146000 164.000000 149.000000 110.000000
-15.241000 -19.577000 0.780000 182.000000 166.000000 114.000000
-15.235000 -19.730000 0.874000 170.000000 156.000000 119.000000
-15.238000 -19.646000 0.861000 112.000000 102.000000 77.000000
-15.240000 -19.591000 0.920000 159.000000 145.000000 100.000000
-15.237000 -19.661000 0.907000 113.000000 104.000000 97.000000
-15.233000 -19.731000 1.232000 39.000000 40.000000 44.000000
-15.235000 -19.727000 0.876000 164.000000 147.000000 104.000000
-15.242000 -19.576000 0.729000 125.000000 101.000000 57.000000
-15.239000 -19.634000 0.721000 163.000000 151.000000 111.000000
-15.234000 -19.744000 0.866000 32.000000 31.000000 27.000000
-15.234000 -19.744000 0.930000 33.000000 29.000000 26.000000
-15.236000 -19.692000 1.060000 184.000000 174.000000 138.000000
-15.240000 -19.612000 0.744000 154.000000 146.000000 144.000000
-15.234000 -19.723000 1.084000 164.000000 151.000000 109.000000
-15.235000 -19.733000 0.816000 164.000000 154.000000 129.000000
-15.239000 -19.636000 0.819000 123.000000 108.000000 77.000000
-15.240000 -19.608000 0.734000 162.000000 155.000000 127.000000
-15.241000 -19.575000 0.882000 151.000000 139.000000 113.000000
-15.236000 -19.680000 1.031000 40.000000 39.000000 44.000000
-15.236000 -19.718000 0.754000 137.000000 116.000000 59.000000
-15.237000 -19.667000 0.880000 163.000000 148.000000 105.000000
-15.237000 -19.661000 1.125000 163.000000 160.000000 153.000000
-15.235000 -19.725000 0.733000 127.000000 117.000000 68.000000
-15.235000 -19.697000 1.118000 43.000000 38.000000 34.000000
-15.238000 -19.640000 0.893000 166.000000 146.000000 111.000000
-15.240000 -19.592000 0.988000 123.000000 116.000000 72.000000
-15.235000 -19.718000 0.818000 218.000000 207.000000 162.000000
-15.235000 -19.720000 0.946000 162.000000 148.000000 101.000000
-15.233000 -19.739000 1.268000 22.000000 25.000000 30.000000
-15.239000 -19.620000 0.815000 179.000000 166.000000 149.000000
-15.238000 -19.662000 0.789000 184.000000 182.000000 170.000000
-15.238000 -19.655000 0.730000 145.000000 134.000000 112.000000
-15.237000 -19.679000 0.934000 171.000000 175.000000 174.000000
-15.241000 -19.592000 0.814000 121.000000 101.000000 48.000000
-15.235000 -19.721000 0.751000 129.000000 113.000000 62.000000
-15.238000 -19.647000 0.978000 119.000000 120.000000 114.000000
-15.234000 -19.714000 1.244000 67.000000 66.000000 71.000000
-15.238000 -19.643000 0.969000 37.000000 43.000000 41.000000
-15.237000 -19.668000 0.933000 164.000000 164.000000 164.000000
-15.236000 -19.707000 0.904000 117.000000 102.000000 69.000000
-15.236000 -19.702000 0.742000 144.000000 129.000000 96.000000
-15.237000 -19.681000 0.833000 156.000000 139.000000 85.000000
-15.234000 -19.741000 0.980000 72.000000 69.000000 54.000000
-15.241000 -19.580000 0.735000 141.000000 129.000000 69.000000
-15.241000 -19.586000 0.869000 180.000000 175.000000 133.000000
-15.234000 -19.728000 1.134000 151.000000 139.000000 97.000000
-15.235000 -19.691000 1.164000 159.000000 153.000000 119.000000
-15.235000 -19.702000 1.171000 197.000000 192.000000 152.000000
-15.239000 -19.608000 0.959000 127.000000 121.000000 89.000000
-15.238000 -19.671000 0.723000 142.000000 128.000000 91.000000
-15.236000 -19.701000 0.911000 185.000000 170.000000 151.000000
-15.236000 -19.712000 0.815000 189.000000 176.000000 132.000000
-15.237000 -19.673000 0.994000 183.000000 174.000000 131.000000
-15.238000 -19.674000 0.736000 112.000000 102.000000 77.000000
-15.242000 -19.566000 0.765000 42.000000 32.000000 30.000000
-15.241000 -19.580000 0.827000 176.000000 160.000000 111.000000
-15.241000 -19.597000 0.743000 162.000000 150.000000 98.000000
-15.242000 -19.574000 0.724000 144.000000 119.000000 79.000000
-15.236000 -19.681000 1.079000 56.000000 43.000000 37.000000
-15.236000 -19.702000 0.817000 187.000000 173.000000 134.000000
-15.240000 -19.608000 0.845000 172.000000 161.000000 116.000000
-15.236000 -19.704000 0.868000 183.000000 166.000000 123.000000
-15.240000 -19.585000 0.958000 149.000000 137.000000 95.000000
-15.242000 -19.563000 0.892000 40.000000 35.000000 41.000000
-15.234000 -19.714000 1.183000 192.000000 186.000000 152.000000
-15.236000 -19.692000 0.928000 31.000000 21.000000 20.000000
-15.233000 -19.741000 1.219000 35.000000 38.000000 45.000000
-15.242000 -19.567000 0.765000 36.000000 26.000000 24.000000
-15.239000 -19.620000 0.872000 156.000000 153.000000 102.000000
-15.239000 -19.623000 0.973000 115.000000 124.000000 123.000000
-15.239000 -19.626000 0.783000 140.000000 125.000000 128.000000
-15.237000 -19.646000 1.102000 155.000000 150.000000 130.000000
-15.235000 -19.721000 0.906000 147.000000 131.000000 80.000000
-15.235000 -19.693000 1.130000 27.000000 23.000000 24.000000
-15.233000 -19.736000 1.209000 34.000000 37.000000 44.000000
-15.236000 -19.689000 0.950000 24.000000 24.000000 26.000000
-15.239000 -19.630000 0.828000 183.000000 168.000000 129.000000
-15.239000 -19.629000 0.953000 143.000000 145.000000 140.000000
-15.234000 -19.713000 1.167000 180.000000 172.000000 133.000000
-15.234000 -19.718000 1.222000 41.000000 41.000000 49.000000
-15.233000 -19.741000 1.242000 41.000000 42.000000 47.000000
-15.239000 -19.608000 0.944000 96.000000 83.000000 51.000000
-15.238000 -19.649000 0.950000 169.000000 167.000000 170.000000
-15.235000 -19.713000 0.966000 170.000000 155.000000 122.000000
-15.236000 -19.711000 0.753000 169.000000 158.000000 112.000000
-15.241000 -19.582000 0.723000 147.000000 132.000000 89.000000
-15.238000 -19.653000 0.921000 170.000000 171.000000 165.000000
-15.238000 -19.635000 0.941000 87.000000 84.000000 67.000000
-15.236000 -19.679000 1.127000 207.000000 212.000000 215.000000
-15.241000 -19.582000 0.797000 181.000000 160.000000 107.000000
-15.239000 -19.616000 1.027000 33.000000 32.000000 37.000000
-15.235000 -19.710000 1.100000 137.000000 125.000000 103.000000
-15.241000 -19.593000 0.828000 131.000000 112.000000 56.000000
-15.241000 -19.583000 0.819000 134.000000 124.000000 71.000000
-15.239000 -19.624000 0.981000 171.000000 169.000000 156.000000
-15.234000 -19.742000 0.836000 42.000000 39.000000 32.000000
-15.234000 -19.720000 1.182000 180.000000 174.000000 142.000000
-15.240000 -19.587000 0.963000 132.000000 125.000000 73.000000
-15.237000 -19.655000 1.010000 163.000000 158.000000 118.000000
-15.237000 -19.660000 1.122000 184.000000 180.000000 169.000000
-15.235000 -19.718000 0.854000 21.000000 14.000000 6.000000
-15.240000 -19.601000 0.768000 118.000000 103.000000 62.000000
-15.237000 -19.684000 0.816000 154.000000 144.000000 117.000000
-15.236000 -19.707000 0.802000 124.000000 105.000000 73.000000
-15.234000 -19.742000 0.952000 33.000000 33.000000 25.000000
-15.239000 -19.621000 0.804000 168.000000 175.000000 167.000000
-15.239000 -19.609000 1.002000 174.000000 161.000000 117.000000
-15.233000 -19.734000 1.136000 168.000000 161.000000 119.000000
-15.235000 -19.693000 1.198000 27.000000 26.000000 24.000000
-15.238000 -19.663000 0.743000 100.000000 94.000000 82.000000
-15.234000 -19.715000 1.172000 173.000000 165.000000 126.000000
-15.237000 -19.649000 1.035000 44.000000 44.000000 42.000000
-15.235000 -19.699000 1.038000 161.000000 148.000000 114.000000
-15.234000 -19.726000 0.972000 117.000000 107.000000 58.000000
-15.233000 -19.740000 1.266000 22.000000 25.000000 30.000000
-15.241000 -19.588000 0.879000 176.000000 163.000000 119.000000
-15.234000 -19.745000 0.871000 42.000000 40.000000 41.000000
-15.241000 -19.588000 0.724000 160.000000 142.000000 102.000000
-15.239000 -19.636000 0.794000 99.000000 94.000000 88.000000
-15.234000 -19.717000 1.241000 49.000000 48.000000 54.000000
-15.235000 -19.697000 1.156000 189.000000 182.000000 166.000000
-15.237000 -19.685000 0.815000 159.000000 147.000000 121.000000
-15.233000 -19.745000 1.296000 34.000000 35.000000 37.000000
-15.242000 -19.655000 0.698000 121.000000 114.000000 88.000000
-15.244000 -19.623000 0.691000 78.000000 79.000000 65.000000
-15.241000 -19.663000 0.700000 145.000000 135.000000 100.000000
-15.245000 -19.624000 0.689000 123.000000 126.000000 115.000000
-15.241000 -19.650000 0.702000 119.000000 110.000000 77.000000
-15.242000 -19.688000 0.691000 39.000000 31.000000 20.000000
-15.244000 -19.613000 0.691000 85.000000 87.000000 73.000000
-15.239000 -19.689000 0.707000 174.000000 153.000000 108.000000
-15.242000 -19.693000 0.691000 30.000000 21.000000 6.000000
-15.241000 -19.735000 0.689000 121.000000 115.000000 91.000000
-15.240000 -19.709000 0.701000 181.000000 157.000000 109.000000
-15.243000 -19.681000 0.690000 21.000000 20.000000 25.000000
-15.241000 -19.729000 0.695000 145.000000 135.000000 86.000000
-15.245000 -19.628000 0.686000 88.000000 93.000000 86.000000
-15.241000 -19.702000 0.695000 152.000000 136.000000 103.000000
-15.237000 -19.737000 0.712000 43.000000 37.000000 25.000000
-15.246000 -19.584000 0.687000 21.000000 31.000000 30.000000
-15.244000 -19.640000 0.690000 27.000000 23.000000 22.000000
-15.240000 -19.726000 0.696000 164.000000 152.000000 94.000000
-15.242000 -19.663000 0.694000 36.000000 30.000000 14.000000
-15.241000 -19.690000 0.696000 136.000000 124.000000 102.000000
