-14.832000 -20.620000 0.780000 87.000000 76.000000 72.000000
-14.835000 -20.631000 0.791000 208.000000 198.000000 188.000000
-14.833000 -20.623000 0.781000 77.000000 68.000000 63.000000
-14.814000 -20.588000 0.819000 134.000000 131.000000 116.000000
-14.811000 -20.577000 0.808000 169.000000 172.000000 179.000000
-14.852000 -20.673000 0.787000 65.000000 77.000000 117.000000
-14.825000 -20.609000 0.803000 201.000000 197.000000 172.000000
-14.824000 -20.601000 0.781000 122.000000 113.000000 84.000000
-14.811000 -20.577000 0.810000 169.000000 172.000000 179.000000
-14.850000 -20.667000 0.781000 128.000000 124.000000 125.000000
-14.814000 -20.582000 0.805000 162.000000 168.000000 164.000000
-14.813000 -20.582000 0.810000 160.000000 165.000000 159.000000
-14.820000 -20.591000 0.785000 111.000000 104.000000 88.000000
-14.811000 -20.580000 0.819000 62.000000 61.000000 67.000000
-14.816000 -20.588000 0.805000 160.000000 166.000000 166.000000
-14.834000 -20.628000 0.791000 202.000000 192.000000 182.000000
-14.852000 -20.672000 0.782000 81.000000 82.000000 100.000000
-14.811000 -20.580000 0.821000 62.000000 61.000000 67.000000
-14.829000 -20.622000 0.808000 206.000000 210.000000 196.000000
-14.819000 -20.592000 0.793000 169.000000 172.000000 165.000000
-14.832000 -20.628000 0.809000 70.000000 78.000000 81.000000
-14.839000 -20.638000 0.782000 127.000000 120.000000 114.000000
-14.835000 -20.628000 0.781000 95.000000 86.000000 81.000000
-14.814000 -20.585000 0.808000 161.000000 169.000000 154.000000
-14.828000 -20.619000 0.813000 81.000000 82.000000 86.000000
-14.832000 -20.628000 0.811000 69.000000 77.000000 88.000000
-14.847000 -20.661000 0.789000 91.000000 92.000000 112.000000
-14.846000 -20.660000 0.790000 69.000000 71.000000 94.000000
-14.822000 -20.607000 0.819000 209.000000 205.000000 194.000000
-14.813000 -20.585000 0.821000 90.000000 90.000000 92.000000
-14.815000 -20.581000 0.788000 162.000000 155.000000 137.000000
-14.829000 -20.617000 0.791000 218.000000 207.000000 189.000000
-14.838000 -20.640000 0.802000 78.000000 79.000000 84.000000
-14.819000 -20.599000 0.822000 201.000000 197.000000 186.000000
-14.818000 -20.591000 0.797000 163.000000 172.000000 169.000000
-14.828000 -20.621000 0.814000 81.000000 82.000000 86.000000
-14.829000 -20.615000 0.790000 197.000000 186.000000 168.000000
-14.839000 -20.638000 0.784000 127.000000 120.000000 114.000000
-14.835000 -20.630000 0.794000 208.000000 198.000000 188.000000
-14.825000 -20.611000 0.803000 203.000000 199.000000 172.000000
-14.858000 -20.735000 0.822000 166.000000 172.000000 184.000000
-14.856000 -20.729000 0.839000 191.000000 197.000000 197.000000
-14.861000 -20.741000 0.800000 125.000000 133.000000 156.000000
-14.843000 -20.726000 0.896000 112.000000 121.000000 128.000000
-14.855000 -20.728000 0.845000 205.000000 208.000000 199.000000
-14.855000 -20.731000 0.838000 191.000000 199.000000 201.000000
-14.858000 -20.729000 0.835000 187.000000 195.000000 197.000000
-14.859000 -20.744000 0.801000 125.000000 133.000000 156.000000
-14.850000 -20.728000 0.864000 171.000000 164.000000 146.000000
-14.848000 -20.732000 0.863000 159.000000 155.000000 146.000000
-14.843000 -20.726000 0.896000 112.000000 121.000000 128.000000
-14.856000 -20.741000 0.818000 114.000000 120.000000 136.000000
-14.856000 -20.738000 0.825000 123.000000 131.000000 142.000000
-14.861000 -20.744000 0.795000 116.000000 126.000000 153.000000
-14.839000 -20.679000 0.849000 178.000000 174.000000 171.000000
-14.815000 -20.607000 0.855000 111.000000 105.000000 117.000000
-14.857000 -20.702000 0.805000 145.000000 157.000000 195.000000
-14.826000 -20.630000 0.838000 197.000000 203.000000 219.000000
-14.842000 -20.678000 0.834000 130.000000 126.000000 125.000000
-14.819000 -20.617000 0.851000 149.000000 151.000000 164.000000
-14.836000 -20.697000 0.887000 105.000000 101.000000 98.000000
-14.814000 -20.601000 0.852000 182.000000 187.000000 206.000000
-14.838000 -20.657000 0.824000 173.000000 182.000000 211.000000
-14.813000 -20.600000 0.855000 125.000000 123.000000 137.000000
-14.840000 -20.675000 0.838000 128.000000 124.000000 123.000000
-14.848000 -20.719000 0.866000 165.000000 155.000000 130.000000
-14.847000 -20.724000 0.876000 106.000000 106.000000 96.000000
-14.860000 -20.706000 0.800000 151.000000 169.000000 219.000000
-14.841000 -20.701000 0.871000 163.000000 159.000000 134.000000
-14.844000 -20.720000 0.884000 131.000000 136.000000 140.000000
-14.831000 -20.680000 0.884000 160.000000 153.000000 135.000000
-14.841000 -20.693000 0.859000 200.000000 203.000000 194.000000
-14.817000 -20.605000 0.845000 180.000000 189.000000 218.000000
-14.843000 -20.683000 0.840000 152.000000 147.000000 143.000000
-14.846000 -20.697000 0.845000 186.000000 185.000000 183.000000
-14.837000 -20.685000 0.864000 195.000000 197.000000 184.000000
-14.844000 -20.700000 0.858000 193.000000 196.000000 185.000000
-14.852000 -20.720000 0.851000 188.000000 199.000000 183.000000
-14.837000 -20.677000 0.854000 188.000000 187.000000 183.000000
-14.832000 -20.653000 0.842000 121.000000 120.000000 125.000000
-14.861000 -20.706000 0.796000 147.000000 163.000000 212.000000
-14.855000 -20.708000 0.821000 137.000000 129.000000 127.000000
-14.830000 -20.629000 0.823000 90.000000 101.000000 129.000000
-14.849000 -20.692000 0.825000 117.000000 114.000000 125.000000
-14.860000 -20.709000 0.801000 146.000000 163.000000 206.000000
-14.841000 -20.652000 0.808000 69.000000 83.000000 120.000000
-14.850000 -20.717000 0.856000 176.000000 178.000000 154.000000
-14.850000 -20.706000 0.841000 192.000000 191.000000 189.000000
-14.868000 -20.726000 0.793000 150.000000 165.000000 220.000000
-14.833000 -20.659000 0.848000 145.000000 141.000000 138.000000
-14.832000 -20.653000 0.844000 126.000000 124.000000 125.000000
-14.824000 -20.635000 0.857000 143.000000 137.000000 139.000000
-14.858000 -20.707000 0.807000 169.000000 180.000000 208.000000
-14.814000 -20.602000 0.850000 196.000000 198.000000 219.000000
-14.841000 -20.688000 0.854000 200.000000 201.000000 196.000000
-14.838000 -20.686000 0.861000 198.000000 201.000000 190.000000
-14.854000 -20.704000 0.822000 130.000000 121.000000 124.000000
-14.867000 -20.727000 0.796000 141.000000 153.000000 195.000000
-14.833000 -20.646000 0.834000 190.000000 200.000000 227.000000
-14.846000 -20.707000 0.858000 185.000000 187.000000 173.000000
-14.823000 -20.630000 0.853000 129.000000 123.000000 127.000000
-14.841000 -20.660000 0.815000 136.000000 150.000000 187.000000
-14.820000 -20.605000 0.834000 78.000000 91.000000 125.000000
-14.862000 -20.720000 0.812000 126.000000 123.000000 134.000000
-14.845000 -20.675000 0.820000 186.000000 196.000000 223.000000
-14.835000 -20.664000 0.846000 146.000000 142.000000 141.000000
-14.834000 -20.681000 0.873000 161.000000 160.000000 142.000000
-14.857000 -20.708000 0.816000 125.000000 124.000000 132.000000
-14.849000 -20.700000 0.835000 158.000000 149.000000 152.000000
-14.856000 -20.718000 0.830000 171.000000 167.000000 166.000000
-14.835000 -20.648000 0.824000 159.000000 170.000000 202.000000
-14.827000 -20.654000 0.870000 196.000000 195.000000 191.000000
-14.813000 -20.600000 0.853000 182.000000 187.000000 206.000000
-14.863000 -20.706000 0.789000 89.000000 98.000000 139.000000
-14.836000 -20.652000 0.825000 177.000000 186.000000 215.000000
-14.851000 -20.681000 0.801000 85.000000 99.000000 136.000000
-14.827000 -20.630000 0.836000 184.000000 187.000000 220.000000
-14.850000 -20.694000 0.822000 115.000000 115.000000 127.000000
-14.841000 -20.684000 0.848000 168.000000 163.000000 159.000000
-14.832000 -20.672000 0.866000 198.000000 200.000000 195.000000
-14.850000 -20.692000 0.819000 150.000000 155.000000 174.000000
-14.857000 -20.717000 0.824000 160.000000 152.000000 150.000000
-14.863000 -20.727000 0.814000 146.000000 136.000000 144.000000
-14.832000 -20.652000 0.843000 124.000000 124.000000 126.000000
-14.844000 -20.684000 0.833000 134.000000 130.000000 129.000000
-14.843000 -20.713000 0.878000 110.000000 100.000000 88.000000
-14.841000 -20.713000 0.885000 118.000000 115.000000 110.000000
-14.814000 -20.598000 0.846000 173.000000 184.000000 216.000000
-14.830000 -20.669000 0.872000 191.000000 193.000000 180.000000
-14.845000 -20.684000 0.829000 117.000000 116.000000 124.000000
-14.830000 -20.675000 0.880000 163.000000 158.000000 139.000000
-14.836000 -20.691000 0.875000 164.000000 159.000000 137.000000
-14.843000 -20.699000 0.860000 182.000000 184.000000 170.000000
-14.846000 -20.680000 0.822000 173.000000 180.000000 206.000000
-14.871000 -20.728000 0.782000 113.000000 126.000000 181.000000
-14.849000 -20.709000 0.848000 196.000000 202.000000 192.000000
-14.827000 -20.630000 0.836000 189.000000 197.000000 218.000000
-14.830000 -20.632000 0.827000 135.000000 145.000000 170.000000
-14.850000 -20.693000 0.822000 115.000000 115.000000 127.000000
-14.867000 -20.716000 0.783000 80.000000 96.000000 129.000000
-14.835000 -20.640000 0.818000 89.000000 99.000000 134.000000
-14.847000 -20.681000 0.820000 173.000000 180.000000 206.000000
-14.823000 -20.616000 0.832000 93.000000 108.000000 141.000000
-14.823000 -20.633000 0.856000 136.000000 130.000000 134.000000
-14.828000 -20.646000 0.850000 141.000000 138.000000 133.000000
-14.831000 -20.630000 0.821000 75.000000 86.000000 131.000000
-14.834000 -20.683000 0.874000 161.000000 160.000000 142.000000
-14.843000 -20.695000 0.855000 195.000000 200.000000 194.000000
-14.851000 -20.692000 0.817000 190.000000 196.000000 218.000000
-14.831000 -20.649000 0.846000 123.000000 123.000000 123.000000
-14.850000 -20.695000 0.826000 127.000000 122.000000 129.000000
-14.838000 -20.677000 0.851000 168.000000 163.000000 159.000000
-14.847000 -20.678000 0.816000 169.000000 180.000000 212.000000
-14.854000 -20.693000 0.806000 156.000000 169.000000 213.000000
-14.829000 -20.666000 0.874000 189.000000 192.000000 185.000000
-14.829000 -20.632000 0.830000 169.000000 183.000000 212.000000
-14.831000 -20.676000 0.878000 152.000000 149.000000 132.000000
-14.857000 -20.701000 0.805000 145.000000 157.000000 195.000000
-14.856000 -20.703000 0.813000 163.000000 166.000000 183.000000
-14.835000 -20.684000 0.873000 158.000000 155.000000 136.000000
-14.836000 -20.671000 0.851000 161.000000 156.000000 153.000000
-14.842000 -20.693000 0.855000 198.000000 203.000000 197.000000
-14.879000 -20.795000 0.841000 93.000000 100.000000 119.000000
-14.860000 -20.758000 0.853000 200.000000 209.000000 224.000000
-14.863000 -20.767000 0.872000 137.000000 149.000000 161.000000
-14.888000 -20.813000 0.822000 82.000000 96.000000 122.000000
-14.861000 -20.758000 0.837000 198.000000 211.000000 219.000000
-14.872000 -20.781000 0.830000 201.000000 208.000000 226.000000
-14.883000 -20.804000 0.848000 87.000000 94.000000 113.000000
-14.863000 -20.765000 0.865000 196.000000 210.000000 223.000000
-14.861000 -20.756000 0.811000 206.000000 218.000000 230.000000
-14.873000 -20.781000 0.819000 204.000000 211.000000 227.000000
-14.874000 -20.782000 0.812000 192.000000 199.000000 215.000000
-14.899000 -20.835000 0.827000 86.000000 100.000000 127.000000
-14.869000 -20.773000 0.817000 196.000000 206.000000 218.000000
-14.856000 -20.752000 0.870000 201.000000 210.000000 227.000000
-14.865000 -20.768000 0.838000 203.000000 212.000000 219.000000
-14.869000 -20.777000 0.857000 209.000000 219.000000 231.000000
-14.887000 -20.810000 0.820000 82.000000 97.000000 120.000000
-14.856000 -20.751000 0.875000 205.000000 214.000000 229.000000
-14.852000 -20.740000 0.843000 121.000000 132.000000 150.000000
-14.890000 -20.817000 0.838000 89.000000 97.000000 116.000000
-14.877000 -20.792000 0.840000 94.000000 101.000000 120.000000
-14.865000 -20.769000 0.866000 189.000000 201.000000 213.000000
-14.847000 -20.733000 0.869000 116.000000 117.000000 112.000000
-14.853000 -20.744000 0.859000 162.000000 170.000000 189.000000
-14.894000 -20.826000 0.836000 88.000000 99.000000 117.000000
-14.854000 -20.743000 0.832000 118.000000 132.000000 145.000000
-14.876000 -20.788000 0.829000 86.000000 97.000000 117.000000
-14.862000 -20.759000 0.833000 196.000000 210.000000 213.000000
-14.871000 -20.778000 0.825000 211.000000 217.000000 233.000000
-14.882000 -20.802000 0.844000 87.000000 93.000000 115.000000
-14.880000 -20.799000 0.854000 89.000000 97.000000 116.000000
-14.870000 -20.775000 0.816000 202.000000 210.000000 223.000000
-14.868000 -20.769000 0.814000 200.000000 213.000000 221.000000
-14.874000 -20.782000 0.815000 202.000000 209.000000 225.000000
-14.863000 -20.766000 0.875000 161.000000 173.000000 187.000000
-14.879000 -20.795000 0.840000 88.000000 94.000000 116.000000
-14.867000 -20.769000 0.818000 198.000000 208.000000 218.000000
-14.879000 -20.794000 0.820000 81.000000 94.000000 113.000000
-14.857000 -20.749000 0.821000 140.000000 152.000000 174.000000
-14.880000 -20.797000 0.834000 92.000000 100.000000 123.000000
-14.857000 -20.754000 0.882000 199.000000 212.000000 221.000000
-14.896000 -20.829000 0.823000 85.000000 100.000000 121.000000
-14.880000 -20.798000 0.853000 89.000000 97.000000 116.000000
-14.873000 -20.781000 0.814000 203.000000 210.000000 226.000000
-14.852000 -20.743000 0.871000 173.000000 181.000000 194.000000
-14.870000 -20.780000 0.863000 130.000000 139.000000 154.000000
-14.883000 -20.803000 0.835000 78.000000 86.000000 109.000000
-14.867000 -20.772000 0.850000 174.000000 183.000000 198.000000
-14.853000 -20.746000 0.870000 173.000000 181.000000 194.000000
-14.883000 -20.803000 0.837000 94.000000 102.000000 125.000000
-14.869000 -20.773000 0.825000 198.000000 206.000000 219.000000
-14.897000 -20.831000 0.822000 84.000000 100.000000 123.000000
-14.856000 -20.751000 0.858000 202.000000 211.000000 228.000000
-14.864000 -20.765000 0.837000 201.000000 211.000000 213.000000
-14.865000 -20.765000 0.819000 200.000000 213.000000 222.000000
-14.851000 -20.742000 0.874000 150.000000 156.000000 168.000000
-14.863000 -20.764000 0.847000 203.000000 211.000000 222.000000
-14.891000 -20.796000 0.798000 179.000000 192.000000 208.000000
-14.887000 -20.804000 0.812000 191.000000 206.000000 225.000000
-14.863000 -20.753000 0.798000 194.000000 206.000000 222.000000
-14.897000 -20.819000 0.811000 167.000000 185.000000 207.000000
-14.897000 -20.819000 0.811000 152.000000 170.000000 194.000000
-14.885000 -20.803000 0.813000 129.000000 144.000000 163.000000
-14.886000 -20.795000 0.804000 190.000000 206.000000 221.000000
-14.870000 -20.753000 0.788000 198.000000 211.000000 230.000000
-14.874000 -20.764000 0.793000 199.000000 212.000000 220.000000
-14.861000 -20.753000 0.802000 205.000000 217.000000 229.000000
-14.873000 -20.754000 0.784000 198.000000 210.000000 232.000000
-14.882000 -20.795000 0.810000 183.000000 199.000000 215.000000
-14.876000 -20.770000 0.795000 194.000000 207.000000 213.000000
-14.881000 -20.781000 0.798000 180.000000 192.000000 204.000000
-14.887000 -20.774000 0.783000 202.000000 212.000000 239.000000
-14.887000 -20.777000 0.785000 207.000000 217.000000 242.000000
-14.892000 -20.799000 0.799000 167.000000 183.000000 198.000000
-14.884000 -20.772000 0.785000 205.000000 215.000000 240.000000
-14.875000 -20.780000 0.807000 198.000000 208.000000 220.000000
-14.884000 -20.801000 0.812000 158.000000 173.000000 192.000000
-14.878000 -20.775000 0.797000 191.000000 204.000000 212.000000
-14.879000 -20.785000 0.806000 209.000000 218.000000 233.000000
-14.880000 -20.764000 0.783000 195.000000 206.000000 228.000000
-14.871000 -20.758000 0.792000 194.000000 206.000000 218.000000
-14.896000 -20.813000 0.806000 200.000000 217.000000 235.000000
-14.849000 -20.596000 0.783000 51.000000 57.000000 73.000000
-14.876000 -20.621000 0.781000 44.000000 50.000000 72.000000
-14.832000 -20.578000 0.809000 70.000000 70.000000 96.000000
-14.828000 -20.576000 0.798000 32.000000 40.000000 63.000000
-14.856000 -20.602000 0.781000 51.000000 56.000000 75.000000
-14.834000 -20.582000 0.787000 34.000000 37.000000 54.000000
-14.864000 -20.609000 0.786000 42.000000 49.000000 68.000000
-14.829000 -20.577000 0.785000 34.000000 40.000000 54.000000
-14.841000 -20.588000 0.792000 44.000000 49.000000 69.000000
-14.838000 -20.585000 0.798000 38.000000 43.000000 65.000000
-14.829000 -20.577000 0.794000 33.000000 40.000000 58.000000
-14.826000 -20.575000 0.792000 34.000000 41.000000 60.000000
-14.865000 -20.610000 0.794000 46.000000 53.000000 72.000000
-14.903000 -20.660000 0.790000 90.000000 94.000000 106.000000
-14.929000 -20.693000 0.783000 95.000000 95.000000 93.000000
-14.906000 -20.660000 0.787000 83.000000 87.000000 98.000000
-14.920000 -20.707000 0.800000 119.000000 112.000000 104.000000
-14.911000 -20.667000 0.786000 96.000000 99.000000 106.000000
-14.922000 -20.700000 0.794000 48.000000 45.000000 38.000000
-14.922000 -20.699000 0.793000 48.000000 45.000000 38.000000
-14.904000 -20.655000 0.787000 78.000000 84.000000 96.000000
-14.884000 -20.635000 0.794000 69.000000 76.000000 95.000000
-14.930000 -20.698000 0.786000 111.000000 110.000000 106.000000
-14.864000 -20.615000 0.802000 43.000000 50.000000 69.000000
-14.886000 -20.657000 0.804000 79.000000 85.000000 101.000000
-14.908000 -20.675000 0.793000 100.000000 101.000000 106.000000
-14.903000 -20.657000 0.787000 90.000000 94.000000 105.000000
-14.938000 -20.710000 0.784000 104.000000 100.000000 89.000000
-14.910000 -20.691000 0.800000 91.000000 87.000000 84.000000
-14.882000 -20.633000 0.795000 72.000000 79.000000 98.000000
-14.927000 -20.707000 0.794000 92.000000 88.000000 79.000000
-14.906000 -20.654000 0.783000 41.000000 45.000000 56.000000
-14.921000 -20.680000 0.783000 94.000000 94.000000 94.000000
-14.874000 -20.628000 0.800000 57.000000 65.000000 84.000000
-14.911000 -20.666000 0.786000 96.000000 99.000000 106.000000
-14.918000 -20.697000 0.796000 71.000000 68.000000 63.000000
-14.876000 -20.624000 0.795000 59.000000 67.000000 88.000000
-14.933000 -20.720000 0.795000 119.000000 111.000000 100.000000
-14.939000 -20.722000 0.790000 110.000000 103.000000 85.000000
-14.873000 -20.623000 0.799000 56.000000 64.000000 83.000000
-14.921000 -20.686000 0.787000 95.000000 95.000000 95.000000
-14.905000 -20.650000 0.782000 53.000000 56.000000 65.000000
-14.903000 -20.661000 0.790000 90.000000 94.000000 106.000000
-14.894000 -20.652000 0.794000 79.000000 81.000000 96.000000
-14.928000 -20.714000 0.796000 117.000000 110.000000 100.000000
-14.948000 -20.733000 0.787000 124.000000 119.000000 100.000000
-14.899000 -20.660000 0.793000 91.000000 95.000000 107.000000
-14.921000 -20.678000 0.783000 94.000000 94.000000 94.000000
-14.908000 -20.669000 0.790000 87.000000 90.000000 99.000000
-14.915000 -20.677000 0.787000 91.000000 92.000000 96.000000
-14.905000 -20.656000 0.786000 90.000000 94.000000 105.000000
-14.882000 -20.628000 0.792000 59.000000 67.000000 88.000000
-14.932000 -20.720000 0.796000 118.000000 110.000000 99.000000
-14.872000 -20.619000 0.797000 50.000000 58.000000 77.000000
-14.941000 -20.725000 0.790000 119.000000 109.000000 97.000000
-14.811000 -20.578000 0.827000 69.000000 75.000000 111.000000
-14.817000 -20.577000 0.819000 64.000000 71.000000 99.000000
-14.827000 -20.575000 0.795000 36.000000 42.000000 64.000000
-14.814000 -20.577000 0.821000 77.000000 83.000000 119.000000
-14.830000 -20.577000 0.813000 62.000000 62.000000 86.000000
-14.810000 -20.577000 0.824000 79.000000 85.000000 119.000000
-14.820000 -20.577000 0.818000 58.000000 64.000000 86.000000
-14.819000 -20.572000 0.780000 16.000000 20.000000 32.000000
-14.827000 -20.576000 0.808000 61.000000 64.000000 83.000000
-14.975000 -20.746000 0.798000 102.000000 76.000000 63.000000
-14.964000 -20.739000 0.791000 123.000000 107.000000 92.000000
-14.985000 -20.746000 0.794000 137.000000 103.000000 91.000000
-14.967000 -20.744000 0.796000 151.000000 132.000000 118.000000
-14.969000 -20.745000 0.798000 151.000000 132.000000 118.000000
-14.969000 -20.737000 0.787000 69.000000 46.000000 32.000000
-14.963000 -20.735000 0.786000 39.000000 30.000000 15.000000
-14.950000 -20.738000 0.794000 113.000000 104.000000 89.000000
-14.884000 -20.810000 0.807000 196.000000 212.000000 227.000000
-14.869000 -20.792000 0.800000 207.000000 220.000000 229.000000
-14.879000 -20.830000 0.823000 93.000000 115.000000 138.000000
-14.894000 -20.807000 0.802000 203.000000 221.000000 235.000000
-14.864000 -20.823000 0.823000 139.000000 159.000000 183.000000
-14.862000 -20.799000 0.807000 205.000000 219.000000 230.000000
-14.854000 -20.813000 0.819000 179.000000 198.000000 212.000000
-14.837000 -20.782000 0.803000 102.000000 117.000000 140.000000
-14.842000 -20.798000 0.813000 181.000000 191.000000 201.000000
-14.852000 -20.807000 0.816000 195.000000 212.000000 222.000000
-14.898000 -20.819000 0.809000 191.000000 206.000000 229.000000
-14.863000 -20.797000 0.805000 202.000000 215.000000 224.000000
-14.829000 -20.810000 0.825000 202.000000 215.000000 224.000000
-14.884000 -20.810000 0.807000 206.000000 222.000000 237.000000
-14.862000 -20.808000 0.813000 148.000000 166.000000 176.000000
-14.875000 -20.772000 0.784000 184.000000 194.000000 219.000000
-14.862000 -20.810000 0.815000 165.000000 183.000000 195.000000
-14.831000 -20.814000 0.827000 196.000000 212.000000 225.000000
-14.832000 -20.801000 0.818000 184.000000 194.000000 204.000000
-14.859000 -20.779000 0.794000 205.000000 216.000000 238.000000
-14.812000 -20.808000 0.829000 137.000000 153.000000 178.000000
-14.822000 -20.806000 0.825000 178.000000 188.000000 198.000000
-14.854000 -20.777000 0.794000 194.000000 206.000000 232.000000
-14.886000 -20.803000 0.801000 159.000000 177.000000 187.000000
-14.864000 -20.819000 0.820000 197.000000 218.000000 235.000000
-14.837000 -20.791000 0.810000 205.000000 217.000000 231.000000
-14.826000 -20.796000 0.816000 194.000000 210.000000 225.000000
-14.837000 -20.799000 0.815000 182.000000 192.000000 202.000000
-14.863000 -20.801000 0.808000 188.000000 205.000000 215.000000
-14.866000 -20.809000 0.812000 145.000000 163.000000 173.000000
-14.855000 -20.810000 0.817000 159.000000 176.000000 186.000000
-14.898000 -20.830000 0.816000 106.000000 123.000000 149.000000
-14.850000 -20.763000 0.786000 105.000000 119.000000 145.000000
-14.828000 -20.811000 0.826000 206.000000 220.000000 231.000000
-14.840000 -20.785000 0.805000 203.000000 216.000000 235.000000
-14.849000 -20.813000 0.821000 181.000000 199.000000 209.000000
-14.828000 -20.784000 0.808000 81.000000 97.000000 122.000000
-14.866000 -20.829000 0.826000 90.000000 107.000000 135.000000
-14.881000 -20.822000 0.816000 177.000000 195.000000 215.000000
-14.880000 -20.797000 0.799000 194.000000 208.000000 221.000000
-14.887000 -20.816000 0.811000 201.000000 216.000000 235.000000
-14.844000 -20.798000 0.812000 196.000000 208.000000 220.000000
-14.883000 -20.792000 0.795000 198.000000 211.000000 227.000000
-14.871000 -20.826000 0.823000 131.000000 153.000000 176.000000
-14.885000 -20.786000 0.790000 200.000000 213.000000 232.000000
-14.891000 -20.823000 0.814000 158.000000 176.000000 200.000000
-14.835000 -20.794000 0.813000 197.000000 209.000000 223.000000
-14.844000 -20.810000 0.820000 204.000000 218.000000 229.000000
-14.856000 -20.787000 0.800000 202.000000 214.000000 228.000000
-14.863000 -20.799000 0.807000 205.000000 219.000000 230.000000
-14.844000 -20.778000 0.798000 192.000000 204.000000 230.000000
-14.870000 -20.816000 0.816000 201.000000 218.000000 236.000000
-14.853000 -20.812000 0.819000 176.000000 194.000000 206.000000
-14.937000 -20.814000 0.825000 86.000000 97.000000 119.000000
-14.923000 -20.874000 0.843000 143.000000 156.000000 175.000000
-14.935000 -20.880000 0.849000 204.000000 216.000000 240.000000
-14.923000 -20.816000 0.820000 88.000000 99.000000 121.000000
-14.928000 -20.783000 0.809000 88.000000 100.000000 124.000000
-14.931000 -20.813000 0.822000 88.000000 99.000000 121.000000
-14.935000 -20.821000 0.826000 86.000000 97.000000 119.000000
-14.935000 -20.813000 0.823000 87.000000 98.000000 120.000000
-14.926000 -20.838000 0.830000 91.000000 99.000000 122.000000
-14.912000 -20.842000 0.827000 92.000000 100.000000 123.000000
-14.932000 -20.883000 0.850000 189.000000 199.000000 226.000000
-14.930000 -20.850000 0.836000 92.000000 103.000000 125.000000
-14.927000 -20.886000 0.849000 206.000000 213.000000 242.000000
-14.924000 -20.871000 0.842000 80.000000 91.000000 111.000000
-14.919000 -20.816000 0.819000 89.000000 100.000000 122.000000
-14.929000 -20.830000 0.828000 90.000000 98.000000 121.000000
-14.928000 -20.791000 0.812000 87.000000 97.000000 122.000000
-14.919000 -20.871000 0.840000 83.000000 94.000000 114.000000
-14.937000 -20.840000 0.835000 88.000000 96.000000 119.000000
-14.927000 -20.801000 0.816000 88.000000 100.000000 122.000000
-14.936000 -20.764000 0.804000 82.000000 90.000000 109.000000
-14.911000 -20.851000 0.830000 91.000000 103.000000 125.000000
-14.908000 -20.840000 0.824000 76.000000 86.000000 111.000000
-14.928000 -20.801000 0.816000 88.000000 100.000000 122.000000
-14.929000 -20.797000 0.815000 90.000000 100.000000 127.000000
-14.928000 -20.833000 0.829000 91.000000 99.000000 122.000000
-14.931000 -20.816000 0.823000 88.000000 99.000000 121.000000
-14.934000 -20.842000 0.834000 87.000000 95.000000 118.000000
-14.924000 -20.832000 0.827000 89.000000 100.000000 122.000000
-14.920000 -20.813000 0.818000 88.000000 100.000000 122.000000
-14.924000 -20.798000 0.814000 90.000000 100.000000 127.000000
-14.920000 -20.827000 0.824000 88.000000 99.000000 121.000000
-14.925000 -20.845000 0.832000 89.000000 97.000000 120.000000
-14.811000 -20.835000 0.819000 150.000000 166.000000 192.000000
-14.802000 -20.882000 0.788000 120.000000 139.000000 169.000000
-14.833000 -20.896000 0.803000 113.000000 127.000000 156.000000
-14.829000 -20.846000 0.825000 204.000000 219.000000 238.000000
-14.883000 -20.902000 0.833000 185.000000 200.000000 219.000000
-14.904000 -20.904000 0.846000 107.000000 117.000000 144.000000
-14.841000 -20.885000 0.814000 141.000000 156.000000 187.000000
-14.886000 -20.877000 0.848000 89.000000 101.000000 123.000000
-14.821000 -20.863000 0.811000 150.000000 169.000000 212.000000
-14.805000 -20.865000 0.799000 171.000000 189.000000 225.000000
-14.866000 -20.885000 0.830000 183.000000 201.000000 225.000000
-14.845000 -20.875000 0.821000 193.000000 208.000000 227.000000
-14.814000 -20.844000 0.816000 149.000000 168.000000 200.000000
-14.816000 -20.823000 0.828000 114.000000 123.000000 140.000000
-14.839000 -20.850000 0.830000 168.000000 176.000000 195.000000
-14.822000 -20.893000 0.796000 121.000000 132.000000 152.000000
-14.821000 -20.862000 0.812000 150.000000 169.000000 212.000000
-14.843000 -20.890000 0.812000 114.000000 125.000000 153.000000
-14.812000 -20.858000 0.807000 117.000000 134.000000 177.000000
-14.892000 -20.899000 0.841000 194.000000 210.000000 226.000000
-14.846000 -20.888000 0.815000 112.000000 119.000000 145.000000
-14.803000 -20.857000 0.802000 151.000000 167.000000 201.000000
-14.776000 -20.841000 0.792000 116.000000 132.000000 158.000000
-14.871000 -20.871000 0.841000 89.000000 101.000000 125.000000
-14.781000 -20.865000 0.782000 119.000000 138.000000 168.000000
-14.893000 -20.892000 0.845000 206.000000 217.000000 235.000000
-14.803000 -20.830000 0.815000 111.000000 130.000000 162.000000
-14.831000 -20.883000 0.807000 70.000000 86.000000 119.000000
-14.810000 -20.859000 0.805000 100.000000 118.000000 158.000000
-14.806000 -20.850000 0.807000 141.000000 157.000000 193.000000
-14.819000 -20.887000 0.798000 121.000000 135.000000 162.000000
-14.850000 -20.888000 0.818000 124.000000 130.000000 152.000000
-14.898000 -20.896000 0.846000 197.000000 210.000000 227.000000
-14.838000 -20.852000 0.829000 147.000000 154.000000 173.000000
-14.780000 -20.866000 0.782000 119.000000 138.000000 168.000000
-14.819000 -20.867000 0.807000 97.000000 114.000000 157.000000
-14.802000 -20.823000 0.818000 154.000000 175.000000 204.000000
-14.785000 -20.860000 0.788000 113.000000 132.000000 162.000000
-14.851000 -20.879000 0.823000 208.000000 220.000000 236.000000
-14.807000 -20.830000 0.818000 182.000000 198.000000 224.000000
-14.826000 -20.878000 0.807000 130.000000 146.000000 182.000000
-14.828000 -20.890000 0.802000 89.000000 105.000000 131.000000
-14.838000 -20.871000 0.818000 161.000000 177.000000 202.000000
-14.860000 -20.864000 0.837000 77.000000 91.000000 117.000000
-14.781000 -20.857000 0.787000 110.000000 130.000000 157.000000
-14.828000 -20.834000 0.830000 81.000000 97.000000 122.000000
-14.781000 -20.851000 0.790000 107.000000 127.000000 154.000000
-14.779000 -20.836000 0.796000 110.000000 126.000000 151.000000
-14.834000 -20.885000 0.809000 91.000000 110.000000 142.000000
-14.826000 -20.852000 0.820000 137.000000 156.000000 186.000000
-14.849000 -20.856000 0.833000 192.000000 208.000000 231.000000
-14.812000 -20.829000 0.823000 198.000000 210.000000 232.000000
-14.827000 -20.846000 0.824000 184.000000 200.000000 226.000000
-14.846000 -20.880000 0.819000 173.000000 186.000000 205.000000
-14.788000 -20.860000 0.790000 115.000000 134.000000 164.000000
-14.853000 -20.897000 0.815000 116.000000 130.000000 157.000000
-14.816000 -20.842000 0.818000 198.000000 217.000000 247.000000
-14.785000 -20.851000 0.793000 110.000000 127.000000 155.000000
-14.868000 -20.889000 0.830000 125.000000 143.000000 165.000000
-14.826000 -20.882000 0.805000 116.000000 131.000000 164.000000
-14.780000 -20.857000 0.786000 110.000000 130.000000 157.000000
-14.850000 -20.845000 0.840000 89.000000 101.000000 123.000000
-14.875000 -20.876000 0.841000 93.000000 105.000000 131.000000
-14.873000 -20.895000 0.830000 192.000000 209.000000 229.000000
-14.819000 -20.887000 0.797000 121.000000 135.000000 162.000000
-14.832000 -20.833000 0.834000 67.000000 83.000000 109.000000
-14.831000 -20.868000 0.815000 143.000000 159.000000 193.000000
-14.808000 -20.828000 0.821000 182.000000 198.000000 224.000000
-14.807000 -20.867000 0.800000 134.000000 152.000000 190.000000
-14.860000 -20.867000 0.836000 84.000000 98.000000 124.000000
-14.794000 -20.852000 0.798000 120.000000 135.000000 166.000000
-14.833000 -20.878000 0.811000 102.000000 121.000000 153.000000
-14.831000 -20.866000 0.816000 118.000000 134.000000 167.000000
-14.887000 -20.878000 0.849000 87.000000 99.000000 121.000000
-14.834000 -20.892000 0.805000 101.000000 120.000000 152.000000
-14.773000 -20.848000 0.786000 139.000000 149.000000 150.000000
-14.815000 -20.817000 0.831000 175.000000 184.000000 201.000000
-14.821000 -20.864000 0.810000 150.000000 169.000000 212.000000
-14.872000 -20.875000 0.839000 90.000000 102.000000 128.000000
-14.780000 -20.843000 0.793000 129.000000 145.000000 171.000000
-14.793000 -20.875000 0.786000 111.000000 130.000000 160.000000
-14.877000 -20.879000 0.841000 93.000000 105.000000 131.000000
-14.867000 -20.875000 0.836000 85.000000 100.000000 129.000000
-14.798000 -20.830000 0.813000 139.000000 158.000000 190.000000
-14.857000 -20.887000 0.823000 208.000000 216.000000 235.000000
-14.797000 -20.884000 0.784000 119.000000 136.000000 164.000000
-14.889000 -20.889000 0.844000 113.000000 124.000000 144.000000
-14.820000 -20.837000 0.823000 204.000000 221.000000 247.000000
-14.811000 -20.855000 0.808000 104.000000 122.000000 162.000000
-14.824000 -20.894000 0.797000 171.000000 187.000000 203.000000
-14.806000 -20.813000 0.827000 126.000000 142.000000 165.000000
-14.777000 -20.845000 0.790000 112.000000 128.000000 154.000000
-14.819000 -20.877000 0.803000 132.000000 148.000000 184.000000
-14.903000 -20.888000 0.854000 208.000000 216.000000 237.000000
-14.813000 -20.857000 0.809000 97.000000 114.000000 157.000000
-14.796000 -20.854000 0.799000 121.000000 136.000000 169.000000
-14.838000 -20.895000 0.806000 110.000000 123.000000 155.000000
-14.841000 -20.892000 0.810000 107.000000 122.000000 153.000000
-14.784000 -20.868000 0.783000 118.000000 137.000000 167.000000
-14.876000 -20.835000 0.827000 85.000000 101.000000 127.000000
-14.816000 -20.813000 0.832000 198.000000 209.000000 227.000000
-14.876000 -20.845000 0.834000 90.000000 99.000000 128.000000
-14.925000 -20.895000 0.853000 105.000000 119.000000 145.000000
-14.899000 -20.881000 0.851000 85.000000 93.000000 114.000000
-14.869000 -20.833000 0.828000 71.000000 91.000000 115.000000
-14.921000 -20.889000 0.850000 193.000000 198.000000 228.000000
-14.885000 -20.842000 0.829000 86.000000 95.000000 126.000000
-14.912000 -20.870000 0.840000 93.000000 104.000000 126.000000
-14.903000 -20.866000 0.840000 87.000000 97.000000 122.000000
-14.852000 -20.842000 0.840000 85.000000 97.000000 121.000000
-14.891000 -20.850000 0.832000 88.000000 100.000000 126.000000
-14.926000 -20.901000 0.857000 104.000000 114.000000 141.000000
-14.879000 -20.835000 0.827000 84.000000 100.000000 126.000000
-14.920000 -20.896000 0.855000 103.000000 117.000000 143.000000
-14.911000 -20.880000 0.847000 182.000000 190.000000 211.000000
-14.858000 -20.836000 0.834000 80.000000 96.000000 122.000000
-14.853000 -20.838000 0.837000 89.000000 103.000000 129.000000
-14.824000 -20.816000 0.831000 180.000000 198.000000 212.000000
-14.859000 -20.832000 0.831000 84.000000 99.000000 128.000000
-14.923000 -20.889000 0.849000 171.000000 176.000000 206.000000
-14.869000 -20.853000 0.842000 87.000000 99.000000 121.000000
-14.922000 -20.900000 0.857000 114.000000 126.000000 152.000000
-14.863000 -20.848000 0.840000 94.000000 100.000000 124.000000
-14.880000 -20.845000 0.833000 90.000000 99.000000 128.000000
-14.895000 -20.858000 0.837000 89.000000 101.000000 127.000000
-14.925000 -20.900000 0.856000 114.000000 126.000000 152.000000
-14.858000 -20.831000 0.831000 84.000000 99.000000 128.000000
-14.901000 -20.855000 0.833000 90.000000 102.000000 128.000000
-14.900000 -20.853000 0.832000 89.000000 101.000000 127.000000
-14.910000 -20.891000 0.855000 201.000000 207.000000 229.000000
-14.877000 -20.857000 0.842000 88.000000 100.000000 122.000000
-14.869000 -20.834000 0.828000 71.000000 91.000000 115.000000
-14.842000 -20.822000 0.829000 121.000000 139.000000 163.000000
-14.882000 -20.971000 0.798000 125.000000 136.000000 164.000000
-14.882000 -20.931000 0.818000 86.000000 92.000000 118.000000
-14.910000 -20.924000 0.840000 97.000000 104.000000 122.000000
-14.887000 -20.911000 0.832000 122.000000 131.000000 160.000000
-14.846000 -20.912000 0.803000 112.000000 128.000000 154.000000
-14.862000 -20.912000 0.814000 107.000000 118.000000 148.000000
-14.915000 -20.911000 0.851000 94.000000 104.000000 129.000000
-14.881000 -20.937000 0.815000 102.000000 108.000000 132.000000
-14.884000 -20.931000 0.819000 86.000000 92.000000 118.000000
-14.865000 -20.937000 0.804000 110.000000 124.000000 151.000000
-14.876000 -20.967000 0.796000 97.000000 108.000000 130.000000
-14.839000 -20.921000 0.794000 106.000000 122.000000 145.000000
-14.878000 -20.922000 0.820000 116.000000 121.000000 151.000000
-14.871000 -20.923000 0.815000 117.000000 122.000000 151.000000
-14.901000 -20.967000 0.813000 146.000000 163.000000 193.000000
-14.922000 -20.921000 0.851000 74.000000 78.000000 89.000000
-14.863000 -20.967000 0.788000 62.000000 70.000000 91.000000
-14.901000 -20.980000 0.807000 172.000000 186.000000 213.000000
-14.871000 -20.932000 0.810000 114.000000 120.000000 152.000000
-14.836000 -20.904000 0.801000 89.000000 104.000000 133.000000
-14.815000 -20.902000 0.787000 174.000000 190.000000 213.000000
-14.863000 -20.952000 0.795000 130.000000 141.000000 159.000000
-14.894000 -20.940000 0.822000 44.000000 50.000000 62.000000
-14.867000 -20.950000 0.799000 115.000000 128.000000 144.000000
-14.901000 -20.923000 0.835000 86.000000 93.000000 119.000000
-14.886000 -20.933000 0.820000 84.000000 90.000000 116.000000
-14.890000 -20.997000 0.791000 95.000000 102.000000 120.000000
-14.907000 -20.910000 0.846000 114.000000 124.000000 151.000000
-14.897000 -20.945000 0.821000 23.000000 26.000000 43.000000
-14.894000 -20.942000 0.821000 44.000000 50.000000 62.000000
-14.860000 -20.940000 0.799000 116.000000 130.000000 156.000000
-14.877000 -20.943000 0.809000 106.000000 120.000000 133.000000
-14.895000 -20.971000 0.807000 158.000000 173.000000 204.000000
-14.848000 -20.948000 0.787000 119.000000 134.000000 163.000000
-14.873000 -20.928000 0.814000 116.000000 121.000000 151.000000
-14.835000 -20.932000 0.786000 104.000000 121.000000 147.000000
-14.904000 -20.937000 0.830000 36.000000 40.000000 52.000000
-14.863000 -20.946000 0.798000 81.000000 94.000000 110.000000
-14.825000 -20.908000 0.791000 124.000000 139.000000 160.000000
-14.884000 -20.934000 0.818000 88.000000 94.000000 116.000000
-14.900000 -20.922000 0.835000 86.000000 93.000000 119.000000
-14.885000 -20.933000 0.819000 84.000000 90.000000 116.000000
-14.857000 -20.915000 0.809000 75.000000 85.000000 120.000000
-14.905000 -20.926000 0.836000 103.000000 110.000000 129.000000
-14.891000 -20.996000 0.792000 99.000000 107.000000 128.000000
-14.898000 -20.950000 0.820000 17.000000 23.000000 39.000000
-14.928000 -20.921000 0.854000 38.000000 42.000000 51.000000
-14.895000 -20.989000 0.798000 135.000000 150.000000 169.000000
-14.857000 -20.944000 0.795000 116.000000 127.000000 147.000000
-14.865000 -20.928000 0.809000 109.000000 119.000000 155.000000
-14.922000 -20.931000 0.845000 20.000000 29.000000 36.000000
-14.908000 -20.967000 0.818000 152.000000 171.000000 204.000000
-14.896000 -20.946000 0.821000 23.000000 26.000000 43.000000
-14.874000 -20.963000 0.797000 40.000000 54.000000 67.000000
-14.867000 -20.924000 0.811000 109.000000 118.000000 159.000000
-14.883000 -20.923000 0.823000 122.000000 129.000000 158.000000
-14.878000 -20.985000 0.789000 103.000000 115.000000 141.000000
-14.817000 -20.903000 0.788000 139.000000 154.000000 175.000000
-14.838000 -20.928000 0.790000 92.000000 109.000000 135.000000
-14.829000 -20.919000 0.788000 150.000000 166.000000 191.000000
-14.866000 -20.953000 0.797000 75.000000 88.000000 104.000000
-14.881000 -20.911000 0.827000 192.000000 202.000000 229.000000
-14.846000 -20.931000 0.794000 130.000000 147.000000 175.000000
-14.873000 -20.982000 0.787000 104.000000 116.000000 142.000000
-14.818000 -20.899000 0.791000 103.000000 112.000000 127.000000
-14.894000 -20.950000 0.817000 13.000000 19.000000 35.000000
-14.829000 -20.904000 0.795000 113.000000 128.000000 149.000000
-14.828000 -20.914000 0.790000 92.000000 106.000000 132.000000
-14.910000 -20.949000 0.828000 70.000000 76.000000 92.000000
-14.895000 -20.957000 0.814000 62.000000 74.000000 90.000000
-14.862000 -20.945000 0.798000 97.000000 110.000000 127.000000
-14.839000 -20.906000 0.802000 105.000000 120.000000 151.000000
-14.893000 -20.986000 0.798000 153.000000 168.000000 189.000000
-14.886000 -20.978000 0.797000 154.000000 168.000000 195.000000
-14.839000 -20.905000 0.802000 105.000000 120.000000 151.000000
-14.830000 -20.917000 0.790000 120.000000 134.000000 160.000000
-14.915000 -20.935000 0.838000 22.000000 26.000000 38.000000
-14.920000 -20.930000 0.844000 20.000000 29.000000 36.000000
-14.912000 -20.920000 0.844000 112.000000 123.000000 141.000000
-14.877000 -20.969000 0.796000 97.000000 108.000000 130.000000
-14.908000 -20.948000 0.827000 27.000000 30.000000 47.000000
-14.899000 -20.974000 0.808000 173.000000 189.000000 222.000000
-14.840000 -20.899000 0.806000 99.000000 114.000000 147.000000
-14.822000 -20.913000 0.786000 69.000000 83.000000 109.000000
-14.882000 -20.915000 0.826000 108.000000 115.000000 144.000000
-14.899000 -20.955000 0.818000 84.000000 95.000000 113.000000
-14.880000 -20.907000 0.829000 201.000000 213.000000 235.000000
-14.860000 -20.930000 0.804000 107.000000 120.000000 152.000000
-14.922000 -20.932000 0.845000 20.000000 29.000000 36.000000
-14.917000 -20.934000 0.840000 19.000000 27.000000 38.000000
-14.907000 -20.960000 0.821000 114.000000 129.000000 152.000000
-14.916000 -20.916000 0.849000 104.000000 115.000000 133.000000
-14.829000 -20.914000 0.791000 92.000000 106.000000 132.000000
-14.901000 -20.926000 0.834000 103.000000 109.000000 131.000000
-14.846000 -20.918000 0.800000 104.000000 120.000000 145.000000
-14.847000 -20.935000 0.792000 87.000000 104.000000 132.000000
-14.888000 -20.909000 0.833000 172.000000 184.000000 208.000000
-14.876000 -20.952000 0.804000 16.000000 30.000000 41.000000
-14.867000 -20.978000 0.785000 100.000000 107.000000 135.000000
-14.795000 -20.532000 0.805000 187.000000 198.000000 202.000000
-14.782000 -20.487000 0.781000 88.000000 100.000000 140.000000
-14.807000 -20.563000 0.803000 169.000000 173.000000 182.000000
-14.805000 -20.551000 0.781000 167.000000 151.000000 126.000000
-14.800000 -20.540000 0.788000 68.000000 66.000000 77.000000
-14.787000 -20.503000 0.783000 149.000000 161.000000 177.000000
-14.801000 -20.547000 0.797000 193.000000 197.000000 206.000000
-14.793000 -20.530000 0.815000 165.000000 182.000000 190.000000
-14.791000 -20.514000 0.787000 155.000000 164.000000 173.000000
-14.804000 -20.551000 0.783000 147.000000 139.000000 128.000000
-14.803000 -20.555000 0.807000 178.000000 182.000000 193.000000
-14.812000 -20.572000 0.781000 153.000000 134.000000 117.000000
-14.793000 -20.527000 0.806000 199.000000 212.000000 220.000000
-14.800000 -20.548000 0.810000 141.000000 148.000000 158.000000
-14.799000 -20.539000 0.794000 131.000000 135.000000 147.000000
-14.809000 -20.575000 0.821000 53.000000 50.000000 61.000000
-14.796000 -20.527000 0.783000 145.000000 147.000000 160.000000
-14.776000 -20.472000 0.777000 79.000000 83.000000 110.000000
-14.796000 -20.537000 0.818000 176.000000 188.000000 200.000000
-14.807000 -20.571000 0.827000 66.000000 63.000000 72.000000
-14.789000 -20.513000 0.797000 207.000000 211.000000 220.000000
-14.796000 -20.528000 0.782000 132.000000 132.000000 142.000000
-14.803000 -20.551000 0.799000 193.000000 198.000000 204.000000
-14.797000 -20.539000 0.815000 189.000000 199.000000 208.000000
-14.806000 -20.569000 0.825000 52.000000 51.000000 57.000000
-14.805000 -20.562000 0.817000 111.000000 112.000000 117.000000
-14.805000 -20.551000 0.780000 166.000000 150.000000 124.000000
-14.790000 -20.515000 0.800000 212.000000 216.000000 225.000000
-14.809000 -20.577000 0.822000 50.000000 46.000000 60.000000
-14.799000 -20.535000 0.779000 100.000000 96.000000 95.000000
-14.793000 -20.522000 0.792000 169.000000 179.000000 191.000000
-14.804000 -20.549000 0.783000 147.000000 139.000000 128.000000
-14.794000 -20.524000 0.789000 83.000000 95.000000 109.000000
-14.806000 -20.560000 0.797000 182.000000 182.000000 180.000000
-14.802000 -20.543000 0.779000 160.000000 148.000000 132.000000
-14.797000 -20.540000 0.815000 189.000000 199.000000 208.000000
-14.789000 -20.515000 0.804000 209.000000 213.000000 224.000000
-14.807000 -20.560000 0.786000 144.000000 131.000000 112.000000
-14.794000 -20.528000 0.807000 199.000000 212.000000 220.000000
-14.795000 -20.536000 0.816000 185.000000 195.000000 205.000000
-14.798000 -20.545000 0.817000 88.000000 96.000000 107.000000
-14.792000 -20.524000 0.808000 204.000000 214.000000 224.000000
-14.803000 -20.555000 0.806000 178.000000 182.000000 193.000000
-14.802000 -20.543000 0.782000 146.000000 134.000000 122.000000
-14.783000 -20.492000 0.780000 101.000000 112.000000 144.000000
-14.789000 -20.506000 0.796000 19.000000 21.000000 33.000000
-14.788000 -20.490000 0.781000 182.000000 158.000000 120.000000
-14.789000 -20.496000 0.786000 33.000000 24.000000 25.000000
-14.791000 -20.501000 0.788000 39.000000 38.000000 44.000000
-14.787000 -20.486000 0.779000 199.000000 169.000000 119.000000
-14.810000 -20.537000 0.800000 26.000000 32.000000 46.000000
-14.784000 -20.483000 0.779000 186.000000 160.000000 101.000000
-14.786000 -20.488000 0.781000 199.000000 169.000000 119.000000
-14.787000 -20.485000 0.778000 178.000000 147.000000 90.000000
-14.792000 -20.504000 0.790000 40.000000 40.000000 48.000000
-14.811000 -20.560000 0.823000 54.000000 59.000000 89.000000
-14.799000 -20.525000 0.803000 21.000000 23.000000 36.000000
-14.818000 -20.574000 0.827000 55.000000 60.000000 90.000000
-14.803000 -20.521000 0.792000 19.000000 23.000000 35.000000
-14.812000 -20.562000 0.824000 56.000000 61.000000 91.000000
-14.797000 -20.536000 0.817000 38.000000 45.000000 64.000000
-14.799000 -20.517000 0.794000 17.000000 23.000000 37.000000
-14.810000 -20.534000 0.796000 14.000000 18.000000 30.000000
-14.788000 -20.501000 0.793000 37.000000 36.000000 44.000000
-14.796000 -20.539000 0.821000 46.000000 53.000000 69.000000
-14.805000 -20.569000 0.841000 67.000000 70.000000 101.000000
-14.808000 -20.545000 0.811000 36.000000 42.000000 68.000000
-14.799000 -20.511000 0.788000 31.000000 34.000000 41.000000
-14.804000 -20.545000 0.817000 45.000000 51.000000 77.000000
-14.815000 -20.574000 0.831000 54.000000 60.000000 92.000000
-14.813000 -20.574000 0.835000 57.000000 61.000000 96.000000
-14.808000 -20.540000 0.806000 36.000000 43.000000 69.000000
-14.792000 -20.509000 0.795000 19.000000 23.000000 35.000000
-14.812000 -20.574000 0.835000 58.000000 62.000000 97.000000
-14.805000 -20.511000 0.784000 31.000000 29.000000 30.000000
-14.826000 -20.538000 0.789000 18.000000 22.000000 33.000000
-14.832000 -20.538000 0.785000 60.000000 58.000000 63.000000
-14.826000 -20.564000 0.807000 35.000000 41.000000 63.000000
-14.822000 -20.557000 0.804000 32.000000 39.000000 57.000000
-14.827000 -20.559000 0.803000 49.000000 56.000000 75.000000
-14.838000 -20.544000 0.786000 48.000000 42.000000 46.000000
-14.838000 -20.534000 0.779000 103.000000 95.000000 84.000000
-14.838000 -20.556000 0.794000 33.000000 39.000000 51.000000
-14.832000 -20.558000 0.799000 57.000000 64.000000 80.000000
-14.815000 -20.519000 0.783000 41.000000 31.000000 29.000000
-14.840000 -20.552000 0.790000 20.000000 24.000000 33.000000
-14.824000 -20.523000 0.780000 84.000000 69.000000 48.000000
-14.822000 -20.525000 0.783000 39.000000 34.000000 38.000000
-14.825000 -20.561000 0.805000 38.000000 44.000000 66.000000
-14.800000 -20.499000 0.778000 177.000000 143.000000 98.000000
-14.835000 -20.556000 0.796000 37.000000 45.000000 58.000000
-14.838000 -20.684000 0.877000 165.000000 165.000000 163.000000
-14.829000 -20.633000 0.855000 212.000000 217.000000 213.000000
-14.828000 -20.639000 0.861000 212.000000 216.000000 215.000000
-14.825000 -20.632000 0.860000 214.000000 216.000000 213.000000
-14.812000 -20.592000 0.851000 127.000000 121.000000 109.000000
-14.816000 -20.587000 0.842000 101.000000 105.000000 117.000000
-14.828000 -20.663000 0.876000 211.000000 214.000000 205.000000
-14.830000 -20.599000 0.829000 168.000000 166.000000 151.000000
-14.833000 -20.683000 0.883000 143.000000 146.000000 139.000000
-14.832000 -20.653000 0.865000 212.000000 217.000000 211.000000
-14.830000 -20.635000 0.855000 212.000000 217.000000 213.000000
-14.815000 -20.591000 0.846000 147.000000 147.000000 139.000000
-14.834000 -20.643000 0.856000 210.000000 214.000000 213.000000
-14.832000 -20.662000 0.869000 209.000000 212.000000 203.000000
-14.822000 -20.589000 0.833000 115.000000 119.000000 122.000000
-14.827000 -20.627000 0.854000 213.000000 216.000000 209.000000
-14.827000 -20.598000 0.834000 215.000000 214.000000 193.000000
-14.827000 -20.579000 0.820000 50.000000 55.000000 75.000000
-14.817000 -20.592000 0.843000 182.000000 182.000000 174.000000
-14.831000 -20.671000 0.877000 209.000000 212.000000 205.000000
-14.833000 -20.622000 0.842000 217.000000 215.000000 203.000000
-14.817000 -20.613000 0.859000 210.000000 208.000000 195.000000
-14.834000 -20.634000 0.848000 209.000000 214.000000 210.000000
-14.835000 -20.651000 0.859000 209.000000 214.000000 210.000000
-14.835000 -20.634000 0.848000 209.000000 214.000000 210.000000
-14.837000 -20.682000 0.876000 188.000000 188.000000 186.000000
-14.826000 -20.628000 0.856000 214.000000 216.000000 211.000000
-14.820000 -20.592000 0.839000 195.000000 195.000000 185.000000
-14.829000 -20.608000 0.838000 212.000000 210.000000 185.000000
-14.827000 -20.621000 0.850000 212.000000 212.000000 204.000000
-14.824000 -20.647000 0.871000 215.000000 217.000000 212.000000
-14.834000 -20.644000 0.855000 210.000000 214.000000 213.000000
-15.102000 -20.777000 0.810000 79.000000 64.000000 45.000000
-15.117000 -20.777000 0.808000 84.000000 72.000000 56.000000
-15.120000 -20.758000 0.846000 108.000000 95.000000 76.000000
-15.124000 -20.763000 0.835000 109.000000 96.000000 77.000000
-15.129000 -20.766000 0.829000 121.000000 108.000000 89.000000
-15.102000 -20.764000 0.836000 95.000000 83.000000 67.000000
-15.100000 -20.771000 0.821000 84.000000 72.000000 56.000000
-15.093000 -20.766000 0.833000 85.000000 76.000000 59.000000
-15.111000 -20.755000 0.853000 104.000000 91.000000 74.000000
-15.115000 -20.757000 0.849000 106.000000 93.000000 74.000000
-15.119000 -20.778000 0.806000 87.000000 75.000000 59.000000
-15.095000 -20.784000 0.796000 84.000000 66.000000 42.000000
-15.111000 -20.770000 0.823000 89.000000 81.000000 62.000000
-15.109000 -20.768000 0.826000 91.000000 83.000000 64.000000
-15.129000 -20.764000 0.832000 118.000000 105.000000 86.000000
-15.116000 -20.764000 0.834000 101.000000 90.000000 70.000000
-15.107000 -20.756000 0.851000 102.000000 89.000000 72.000000
-15.108000 -20.756000 0.850000 102.000000 89.000000 72.000000
-15.109000 -20.753000 0.857000 103.000000 90.000000 73.000000
-15.092000 -20.786000 0.793000 79.000000 63.000000 38.000000
-15.114000 -20.754000 0.854000 106.000000 93.000000 74.000000
-15.100000 -20.769000 0.825000 84.000000 77.000000 58.000000
-15.108000 -20.758000 0.847000 101.000000 88.000000 71.000000
-15.125000 -20.766000 0.829000 110.000000 99.000000 81.000000
-15.127000 -20.755000 0.850000 119.000000 108.000000 88.000000
-15.107000 -20.763000 0.837000 99.000000 88.000000 70.000000
-15.106000 -20.774000 0.816000 83.000000 72.000000 54.000000
-15.104000 -20.787000 0.788000 90.000000 72.000000 50.000000
-15.104000 -20.786000 0.791000 90.000000 72.000000 50.000000
-15.113000 -20.782000 0.799000 110.000000 94.000000 71.000000
-15.097000 -20.777000 0.811000 79.000000 64.000000 45.000000
-15.101000 -20.776000 0.811000 79.000000 64.000000 45.000000
-15.051000 -20.753000 0.795000 163.000000 148.000000 117.000000
-15.086000 -20.774000 0.809000 84.000000 66.000000 46.000000
-15.055000 -20.749000 0.808000 73.000000 58.000000 35.000000
-15.043000 -20.748000 0.792000 179.000000 156.000000 125.000000
-15.067000 -20.765000 0.795000 152.000000 141.000000 113.000000
-15.062000 -20.755000 0.808000 68.000000 52.000000 29.000000
-15.088000 -20.785000 0.790000 64.000000 50.000000 24.000000
-15.068000 -20.761000 0.806000 70.000000 54.000000 31.000000
-15.024000 -20.736000 0.786000 101.000000 78.000000 62.000000
-15.029000 -20.735000 0.796000 172.000000 148.000000 124.000000
-15.038000 -20.735000 0.808000 138.000000 128.000000 93.000000
-15.092000 -20.756000 0.851000 95.000000 83.000000 67.000000
-15.028000 -20.738000 0.787000 120.000000 97.000000 81.000000
-15.074000 -20.768000 0.801000 73.000000 57.000000 34.000000
-15.080000 -20.774000 0.799000 74.000000 60.000000 34.000000
-15.044000 -20.749000 0.792000 166.000000 147.000000 115.000000
-15.063000 -20.753000 0.812000 73.000000 55.000000 35.000000
-15.060000 -20.756000 0.801000 133.000000 122.000000 94.000000
-15.047000 -20.752000 0.790000 169.000000 148.000000 117.000000
-15.082000 -20.775000 0.800000 82.000000 66.000000 43.000000
-15.068000 -20.747000 0.832000 80.000000 63.000000 43.000000
-15.088000 -20.770000 0.819000 81.000000 66.000000 47.000000
-15.072000 -20.745000 0.842000 85.000000 69.000000 53.000000
-15.041000 -20.743000 0.799000 161.000000 145.000000 112.000000
-15.055000 -20.744000 0.818000 77.000000 58.000000 41.000000
-15.038000 -20.743000 0.794000 171.000000 147.000000 121.000000
-15.052000 -20.738000 0.824000 87.000000 65.000000 51.000000
-15.065000 -20.757000 0.809000 69.000000 53.000000 30.000000
-15.043000 -20.742000 0.803000 154.000000 139.000000 106.000000
-15.057000 -20.761000 0.789000 163.000000 146.000000 116.000000
-15.058000 -20.755000 0.800000 144.000000 133.000000 105.000000
-15.051000 -20.744000 0.811000 105.000000 90.000000 67.000000
-15.028000 -20.736000 0.791000 178.000000 152.000000 129.000000
-15.022000 -20.729000 0.796000 171.000000 146.000000 124.000000
-15.056000 -20.741000 0.826000 86.000000 67.000000 52.000000
-15.084000 -20.771000 0.809000 88.000000 67.000000 48.000000
-15.079000 -20.774000 0.798000 74.000000 60.000000 34.000000
-15.071000 -20.751000 0.830000 80.000000 63.000000 45.000000
-15.082000 -20.757000 0.834000 87.000000 71.000000 55.000000
-15.041000 -20.747000 0.791000 179.000000 156.000000 125.000000
-15.092000 -20.770000 0.824000 79.000000 66.000000 49.000000
-15.034000 -20.741000 0.792000 175.000000 149.000000 126.000000
-15.056000 -20.757000 0.795000 157.000000 143.000000 114.000000
-15.077000 -20.755000 0.855000 88.000000 76.000000 62.000000
-15.103000 -20.801000 0.866000 80.000000 68.000000 52.000000
-15.031000 -20.764000 0.827000 95.000000 53.000000 31.000000
-15.008000 -20.760000 0.813000 124.000000 92.000000 79.000000
-15.041000 -20.794000 0.830000 142.000000 96.000000 96.000000
-15.055000 -20.773000 0.840000 93.000000 50.000000 31.000000
-15.077000 -20.816000 0.849000 156.000000 106.000000 97.000000
-15.112000 -20.850000 0.867000 159.000000 123.000000 127.000000
-15.086000 -20.790000 0.857000 84.000000 64.000000 53.000000
-15.070000 -20.780000 0.848000 88.000000 62.000000 49.000000
-15.115000 -20.865000 0.868000 115.000000 82.000000 77.000000
-15.097000 -20.837000 0.859000 143.000000 108.000000 112.000000
-15.109000 -20.844000 0.866000 176.000000 139.000000 147.000000
-15.092000 -20.819000 0.858000 248.000000 221.000000 214.000000
-15.060000 -20.780000 0.842000 96.000000 45.000000 26.000000
-15.021000 -20.776000 0.820000 126.000000 90.000000 92.000000
-15.074000 -20.822000 0.847000 148.000000 100.000000 96.000000
-15.059000 -20.789000 0.841000 149.000000 92.000000 75.000000
-15.071000 -20.802000 0.847000 188.000000 136.000000 115.000000
-15.112000 -20.849000 0.867000 159.000000 123.000000 127.000000
-15.105000 -20.829000 0.865000 246.000000 229.000000 239.000000
-15.108000 -20.855000 0.864000 132.000000 102.000000 102.000000
-15.091000 -20.821000 0.857000 208.000000 175.000000 170.000000
-15.108000 -20.860000 0.864000 84.000000 63.000000 60.000000
-15.010000 -20.758000 0.815000 148.000000 106.000000 94.000000
-15.031000 -20.764000 0.827000 109.000000 64.000000 43.000000
-15.087000 -20.774000 0.859000 87.000000 76.000000 56.000000
-15.082000 -20.795000 0.854000 76.000000 51.000000 47.000000
-15.097000 -20.812000 0.862000 112.000000 88.000000 102.000000
-15.036000 -20.782000 0.828000 149.000000 98.000000 94.000000
-15.031000 -20.788000 0.825000 163.000000 122.000000 126.000000
-15.023000 -20.756000 0.823000 87.000000 44.000000 25.000000
-15.105000 -20.827000 0.865000 245.000000 225.000000 234.000000
-15.111000 -20.840000 0.867000 201.000000 163.000000 174.000000
-15.076000 -20.784000 0.852000 79.000000 57.000000 46.000000
-15.044000 -20.796000 0.832000 143.000000 93.000000 84.000000
-15.084000 -20.838000 0.852000 123.000000 98.000000 94.000000
-15.112000 -20.865000 0.866000 91.000000 63.000000 59.000000
-15.099000 -20.781000 0.865000 92.000000 74.000000 64.000000
-15.089000 -20.821000 0.856000 210.000000 175.000000 169.000000
-15.073000 -20.822000 0.847000 148.000000 100.000000 96.000000
-15.042000 -20.793000 0.831000 134.000000 89.000000 83.000000
-15.072000 -20.765000 0.851000 86.000000 71.000000 52.000000
-15.088000 -20.768000 0.860000 91.000000 80.000000 62.000000
-15.089000 -20.826000 0.855000 144.000000 109.000000 105.000000
-15.076000 -20.831000 0.847000 131.000000 100.000000 97.000000
-15.082000 -20.803000 0.853000 158.000000 128.000000 128.000000
-15.022000 -20.756000 0.822000 98.000000 55.000000 39.000000
-15.096000 -20.825000 0.860000 238.000000 210.000000 209.000000
-15.040000 -20.767000 0.832000 102.000000 50.000000 29.000000
-15.086000 -20.792000 0.856000 76.000000 53.000000 45.000000
-15.079000 -20.831000 0.849000 145.000000 110.000000 108.000000
-15.076000 -20.788000 0.851000 74.000000 47.000000 38.000000
-15.095000 -20.787000 0.863000 90.000000 73.000000 55.000000
-15.099000 -20.821000 0.862000 245.000000 219.000000 222.000000
-15.028000 -20.783000 0.823000 139.000000 103.000000 107.000000
-15.074000 -20.794000 0.849000 110.000000 70.000000 60.000000
-15.076000 -20.765000 0.853000 85.000000 72.000000 55.000000
-15.029000 -20.777000 0.825000 149.000000 104.000000 101.000000
-15.111000 -20.845000 0.867000 174.000000 137.000000 145.000000
-15.104000 -20.818000 0.865000 139.000000 118.000000 127.000000
-15.112000 -20.845000 0.867000 174.000000 137.000000 145.000000
-15.101000 -20.844000 0.861000 140.000000 109.000000 107.000000
-15.050000 -20.754000 0.839000 87.000000 65.000000 44.000000
-15.039000 -20.754000 0.832000 79.000000 53.000000 30.000000
-15.094000 -20.833000 0.858000 132.000000 98.000000 99.000000
-15.054000 -20.806000 0.837000 157.000000 102.000000 95.000000
-15.088000 -20.831000 0.855000 140.000000 104.000000 104.000000
-15.079000 -20.753000 0.856000 86.000000 76.000000 64.000000
-15.064000 -20.763000 0.846000 84.000000 66.000000 46.000000
-15.057000 -20.783000 0.840000 127.000000 70.000000 51.000000
-15.078000 -20.772000 0.853000 82.000000 69.000000 52.000000
-15.081000 -20.791000 0.854000 70.000000 42.000000 39.000000
-15.004000 -20.732000 0.789000 82.000000 64.000000 40.000000
-15.050000 -20.749000 0.835000 89.000000 71.000000 51.000000
-15.020000 -20.748000 0.815000 84.000000 48.000000 24.000000
-15.007000 -20.748000 0.807000 98.000000 51.000000 41.000000
-15.026000 -20.731000 0.802000 166.000000 156.000000 120.000000
-15.023000 -20.754000 0.822000 87.000000 44.000000 25.000000
-14.992000 -20.740000 0.789000 81.000000 53.000000 31.000000
-15.031000 -20.734000 0.809000 144.000000 129.000000 96.000000
-15.013000 -20.739000 0.802000 181.000000 160.000000 131.000000
-15.017000 -20.752000 0.816000 94.000000 52.000000 38.000000
-15.001000 -20.734000 0.790000 102.000000 70.000000 47.000000
-15.013000 -20.745000 0.807000 102.000000 79.000000 48.000000
-15.058000 -20.747000 0.839000 81.000000 64.000000 46.000000
-14.987000 -20.739000 0.785000 83.000000 46.000000 28.000000
-15.003000 -20.747000 0.802000 80.000000 46.000000 21.000000
-14.999000 -20.751000 0.803000 131.000000 94.000000 75.000000
-15.045000 -20.742000 0.826000 74.000000 56.000000 36.000000
-15.021000 -20.736000 0.804000 152.000000 137.000000 104.000000
-15.027000 -20.731000 0.803000 156.000000 146.000000 110.000000
-15.088000 -20.749000 0.860000 100.000000 82.000000 68.000000
-14.990000 -20.741000 0.789000 84.000000 45.000000 28.000000
-15.058000 -20.743000 0.835000 84.000000 67.000000 49.000000
-15.003000 -20.750000 0.805000 137.000000 102.000000 80.000000
-14.997000 -20.747000 0.799000 84.000000 52.000000 29.000000
-15.027000 -20.752000 0.823000 88.000000 53.000000 31.000000
-15.008000 -20.740000 0.800000 159.000000 138.000000 109.000000
-15.035000 -20.739000 0.816000 140.000000 123.000000 97.000000
-14.994000 -20.748000 0.798000 150.000000 108.000000 94.000000
-14.799000 -20.813000 0.791000 80.000000 94.000000 123.000000
-14.818000 -20.793000 0.789000 113.000000 127.000000 154.000000
-14.804000 -20.808000 0.802000 131.000000 148.000000 178.000000
-14.807000 -20.805000 0.798000 120.000000 137.000000 165.000000
-14.803000 -20.809000 0.816000 171.000000 185.000000 211.000000
-14.806000 -20.806000 0.809000 109.000000 124.000000 155.000000
-14.825000 -20.786000 0.794000 116.000000 130.000000 156.000000
-14.820000 -20.791000 0.790000 135.000000 149.000000 178.000000
-14.814000 -20.797000 0.814000 202.000000 213.000000 233.000000
-14.784000 -20.829000 0.784000 120.000000 135.000000 158.000000
-14.845000 -20.764000 0.783000 104.000000 120.000000 143.000000
-14.815000 -20.797000 0.787000 84.000000 98.000000 125.000000
-14.826000 -20.785000 0.783000 113.000000 122.000000 151.000000
-14.834000 -20.776000 0.796000 138.000000 150.000000 172.000000
-14.790000 -20.823000 0.784000 143.000000 155.000000 179.000000
-14.838000 -20.772000 0.784000 163.000000 179.000000 205.000000
-14.791000 -20.821000 0.791000 108.000000 124.000000 147.000000
-14.798000 -20.814000 0.798000 142.000000 159.000000 187.000000
-14.784000 -20.829000 0.794000 131.000000 146.000000 175.000000
-14.785000 -20.829000 0.788000 132.000000 147.000000 170.000000
-14.810000 -20.802000 0.817000 200.000000 211.000000 231.000000
-14.819000 -20.792000 0.791000 127.000000 142.000000 171.000000
-14.788000 -20.825000 0.798000 67.000000 84.000000 110.000000
-14.816000 -20.795000 0.793000 108.000000 124.000000 150.000000
-14.811000 -20.800000 0.807000 104.000000 119.000000 150.000000
-14.801000 -20.811000 0.808000 117.000000 132.000000 163.000000
-14.845000 -20.764000 0.784000 104.000000 120.000000 143.000000
-14.826000 -20.785000 0.788000 171.000000 182.000000 212.000000
-14.841000 -20.769000 0.789000 130.000000 144.000000 170.000000
-14.804000 -20.808000 0.791000 127.000000 141.000000 170.000000
-14.812000 -20.799000 0.810000 168.000000 182.000000 209.000000
-14.797000 -20.815000 0.785000 146.000000 158.000000 182.000000
-15.108000 -20.783000 0.864000 94.000000 81.000000 75.000000
-15.112000 -20.798000 0.864000 94.000000 89.000000 93.000000
-15.129000 -20.801000 0.857000 162.000000 168.000000 200.000000
-15.132000 -20.816000 0.858000 145.000000 125.000000 118.000000
-15.108000 -20.775000 0.862000 94.000000 83.000000 61.000000
-15.125000 -20.790000 0.857000 151.000000 163.000000 201.000000
-15.115000 -20.819000 0.867000 67.000000 54.000000 48.000000
-15.134000 -20.801000 0.855000 156.000000 167.000000 189.000000
-15.113000 -20.831000 0.869000 198.000000 178.000000 187.000000
-15.109000 -20.786000 0.864000 104.000000 93.000000 89.000000
-15.111000 -20.800000 0.865000 85.000000 78.000000 70.000000
-15.115000 -20.805000 0.864000 94.000000 85.000000 88.000000
-15.126000 -20.768000 0.853000 132.000000 137.000000 157.000000
-15.126000 -20.823000 0.862000 145.000000 125.000000 118.000000
-15.128000 -20.769000 0.852000 137.000000 142.000000 162.000000
-15.121000 -20.818000 0.864000 142.000000 122.000000 115.000000
-15.128000 -20.843000 0.865000 75.000000 62.000000 71.000000
-15.121000 -20.803000 0.861000 169.000000 163.000000 177.000000
-15.115000 -20.832000 0.869000 204.000000 183.000000 190.000000
-15.140000 -20.763000 0.846000 130.000000 141.000000 161.000000
-15.121000 -20.800000 0.861000 148.000000 146.000000 167.000000
-15.131000 -20.819000 0.859000 152.000000 130.000000 119.000000
-15.114000 -20.762000 0.858000 140.000000 145.000000 164.000000
-15.114000 -20.783000 0.861000 162.000000 156.000000 160.000000
-15.107000 -20.796000 0.866000 90.000000 84.000000 62.000000
-15.104000 -20.779000 0.865000 101.000000 87.000000 76.000000
-15.127000 -20.809000 0.860000 213.000000 201.000000 223.000000
-15.113000 -20.799000 0.864000 94.000000 89.000000 93.000000
-15.133000 -20.787000 0.853000 152.000000 159.000000 185.000000
-15.128000 -20.844000 0.865000 75.000000 62.000000 71.000000
-15.118000 -20.760000 0.855000 143.000000 151.000000 174.000000
-15.117000 -20.815000 0.865000 82.000000 69.000000 60.000000
-14.884000 -20.799000 0.850000 88.000000 97.000000 114.000000
-14.927000 -20.739000 0.812000 204.000000 213.000000 220.000000
-14.905000 -20.818000 0.826000 89.000000 99.000000 124.000000
-14.913000 -20.821000 0.819000 89.000000 101.000000 125.000000
-14.896000 -20.736000 0.844000 197.000000 209.000000 225.000000
-14.903000 -20.761000 0.835000 200.000000 207.000000 225.000000
-14.891000 -20.733000 0.850000 204.000000 213.000000 228.000000
-14.881000 -20.767000 0.856000 204.000000 214.000000 226.000000
-14.901000 -20.785000 0.834000 91.000000 97.000000 119.000000
-14.908000 -20.805000 0.825000 90.000000 97.000000 123.000000
-14.902000 -20.739000 0.838000 196.000000 209.000000 226.000000
-14.866000 -20.729000 0.876000 112.000000 112.000000 110.000000
-14.903000 -20.796000 0.831000 93.000000 101.000000 122.000000
-14.877000 -20.786000 0.858000 88.000000 97.000000 114.000000
-14.861000 -20.739000 0.880000 195.000000 202.000000 208.000000
-14.898000 -20.763000 0.839000 207.000000 214.000000 230.000000
-14.923000 -20.781000 0.812000 86.000000 98.000000 122.000000
-14.889000 -20.780000 0.847000 79.000000 88.000000 103.000000
-14.896000 -20.740000 0.844000 199.000000 211.000000 227.000000
-14.894000 -20.742000 0.846000 194.000000 206.000000 220.000000
-14.870000 -20.775000 0.867000 209.000000 218.000000 235.000000
-14.922000 -20.760000 0.816000 175.000000 181.000000 197.000000
-14.918000 -20.747000 0.821000 202.000000 212.000000 224.000000
-14.878000 -20.747000 0.862000 198.000000 207.000000 222.000000
-14.871000 -20.744000 0.869000 203.000000 210.000000 226.000000
-14.885000 -20.807000 0.848000 89.000000 98.000000 115.000000
-14.894000 -20.776000 0.842000 75.000000 83.000000 96.000000
-14.908000 -20.826000 0.822000 86.000000 98.000000 122.000000
-14.897000 -20.775000 0.840000 76.000000 84.000000 97.000000
-14.896000 -20.819000 0.835000 88.000000 99.000000 121.000000
-14.908000 -20.772000 0.828000 82.000000 90.000000 109.000000
-14.854000 -20.745000 0.887000 199.000000 212.000000 220.000000
-14.906000 -20.794000 0.828000 94.000000 100.000000 124.000000
-14.897000 -20.757000 0.842000 157.000000 166.000000 181.000000
-14.882000 -20.781000 0.854000 83.000000 92.000000 109.000000
-14.916000 -20.759000 0.821000 202.000000 211.000000 228.000000
-14.926000 -20.771000 0.810000 89.000000 100.000000 120.000000
-14.853000 -20.729000 0.889000 107.000000 102.000000 98.000000
-14.899000 -20.830000 0.832000 84.000000 100.000000 126.000000
-14.911000 -20.770000 0.826000 73.000000 81.000000 100.000000
-14.896000 -20.740000 0.844000 196.000000 208.000000 224.000000
-14.920000 -20.770000 0.816000 85.000000 92.000000 111.000000
-14.894000 -20.766000 0.843000 207.000000 217.000000 229.000000
-14.903000 -20.834000 0.827000 83.000000 98.000000 127.000000
-14.911000 -20.811000 0.821000 90.000000 100.000000 125.000000
-14.890000 -20.784000 0.845000 87.000000 96.000000 111.000000
-14.873000 -20.761000 0.865000 178.000000 190.000000 206.000000
-14.912000 -20.791000 0.822000 91.000000 97.000000 121.000000
-14.915000 -20.811000 0.817000 89.000000 101.000000 125.000000
-14.917000 -20.739000 0.823000 198.000000 208.000000 218.000000
-14.898000 -20.797000 0.836000 91.000000 99.000000 120.000000
-14.871000 -20.744000 0.869000 203.000000 210.000000 226.000000
-14.844000 -20.726000 0.898000 83.000000 74.000000 67.000000
-14.851000 -20.743000 0.889000 178.000000 179.000000 184.000000
-14.905000 -20.835000 0.825000 92.000000 99.000000 125.000000
-14.865000 -20.734000 0.876000 137.000000 141.000000 144.000000
-14.905000 -20.824000 0.826000 86.000000 98.000000 122.000000
-14.887000 -20.774000 0.850000 147.000000 160.000000 169.000000
-14.915000 -20.796000 0.819000 85.000000 97.000000 119.000000
-14.863000 -20.762000 0.875000 194.000000 207.000000 223.000000
-14.888000 -20.738000 0.852000 197.000000 207.000000 219.000000
-14.900000 -20.765000 0.837000 203.000000 210.000000 226.000000
-14.893000 -20.794000 0.841000 86.000000 95.000000 112.000000
-14.903000 -20.801000 0.830000 86.000000 94.000000 117.000000
-14.898000 -20.743000 0.842000 195.000000 206.000000 224.000000
-14.900000 -20.767000 0.837000 193.000000 200.000000 216.000000
-14.925000 -20.742000 0.814000 205.000000 214.000000 223.000000
-14.899000 -20.754000 0.839000 159.000000 168.000000 185.000000
-14.886000 -20.759000 0.852000 191.000000 204.000000 213.000000
-14.877000 -20.737000 0.864000 208.000000 216.000000 229.000000
-14.867000 -20.737000 0.874000 195.000000 199.000000 208.000000
-14.918000 -20.781000 0.817000 86.000000 98.000000 120.000000
-14.889000 -20.815000 0.844000 88.000000 96.000000 115.000000
-14.880000 -20.794000 0.854000 87.000000 96.000000 113.000000
-14.907000 -20.746000 0.832000 193.000000 204.000000 222.000000
-14.878000 -20.771000 0.859000 201.000000 211.000000 223.000000
-14.910000 -20.763000 0.827000 202.000000 210.000000 229.000000
-14.924000 -20.779000 0.811000 90.000000 101.000000 121.000000
-14.888000 -20.794000 0.847000 91.000000 100.000000 117.000000
-14.834000 -20.744000 0.882000 38.000000 42.000000 45.000000
-14.816000 -20.791000 0.832000 200.000000 210.000000 219.000000
-14.829000 -20.768000 0.845000 202.000000 215.000000 232.000000
-14.826000 -20.767000 0.855000 205.000000 221.000000 234.000000
-14.837000 -20.754000 0.851000 124.000000 137.000000 156.000000
-14.836000 -20.750000 0.863000 113.000000 122.000000 137.000000
-14.843000 -20.749000 0.842000 97.000000 109.000000 133.000000
-14.809000 -20.802000 0.830000 194.000000 207.000000 216.000000
-14.839000 -20.755000 0.842000 167.000000 182.000000 203.000000
-14.844000 -20.751000 0.836000 138.000000 150.000000 174.000000
-14.843000 -20.749000 0.844000 97.000000 109.000000 133.000000
-14.842000 -20.726000 0.899000 83.000000 79.000000 67.000000
-14.814000 -20.790000 0.841000 201.000000 211.000000 223.000000
-14.810000 -20.800000 0.830000 199.000000 209.000000 219.000000
-14.850000 -20.748000 0.823000 98.000000 114.000000 127.000000
-14.833000 -20.756000 0.860000 152.000000 164.000000 180.000000
-14.808000 -20.802000 0.832000 194.000000 207.000000 216.000000
-14.847000 -20.752000 0.824000 135.000000 150.000000 171.000000
-14.845000 -20.741000 0.855000 120.000000 127.000000 153.000000
-14.839000 -20.747000 0.859000 111.000000 123.000000 137.000000
-14.831000 -20.753000 0.870000 141.000000 149.000000 162.000000
-14.833000 -20.754000 0.863000 143.000000 155.000000 171.000000
-14.820000 -20.781000 0.844000 198.000000 208.000000 220.000000
-14.832000 -20.759000 0.855000 190.000000 203.000000 220.000000
-14.822000 -20.776000 0.849000 196.000000 211.000000 218.000000
-14.848000 -20.751000 0.822000 146.000000 161.000000 182.000000
-14.823000 -20.785000 0.823000 202.000000 215.000000 221.000000
-14.827000 -20.778000 0.826000 199.000000 212.000000 218.000000
-14.837000 -20.751000 0.858000 124.000000 135.000000 153.000000
-14.817000 -20.790000 0.831000 201.000000 211.000000 220.000000
-14.814000 -20.790000 0.841000 201.000000 211.000000 223.000000
-14.823000 -20.785000 0.823000 205.000000 218.000000 224.000000
-14.838000 -20.741000 0.876000 49.000000 54.000000 58.000000
-14.818000 -20.791000 0.826000 201.000000 212.000000 218.000000
-14.828000 -20.762000 0.862000 203.000000 215.000000 231.000000
-14.828000 -20.761000 0.862000 203.000000 215.000000 231.000000
-14.828000 -20.763000 0.860000 200.000000 213.000000 229.000000
-14.824000 -20.767000 0.862000 194.000000 208.000000 221.000000
-14.816000 -20.785000 0.847000 203.000000 213.000000 225.000000
-14.849000 -20.745000 0.833000 114.000000 130.000000 145.000000
-14.820000 -20.782000 0.842000 199.000000 209.000000 221.000000
