-14.043000 -20.247000 0.025000 80.000000 80.000000 68.000000
-14.022000 -20.254000 0.026000 117.000000 118.000000 122.000000
-14.036000 -20.238000 0.058000 108.000000 108.000000 108.000000
-14.048000 -20.231000 0.066000 80.000000 81.000000 73.000000
-14.052000 -20.230000 0.066000 67.000000 67.000000 59.000000
-14.059000 -20.240000 0.030000 107.000000 101.000000 79.000000
-14.047000 -20.235000 0.055000 78.000000 77.000000 72.000000
-14.018000 -20.256000 0.024000 125.000000 126.000000 130.000000
-14.028000 -20.250000 0.032000 98.000000 99.000000 101.000000
-14.040000 -20.247000 0.030000 81.000000 81.000000 73.000000
-14.062000 -20.242000 0.023000 122.000000 118.000000 93.000000
-14.029000 -20.246000 0.041000 101.000000 102.000000 104.000000
-14.033000 -20.248000 0.032000 89.000000 89.000000 87.000000
-14.011000 -20.255000 0.031000 138.000000 142.000000 151.000000
-14.062000 -20.237000 0.035000 94.000000 87.000000 68.000000
-14.047000 -20.242000 0.035000 80.000000 78.000000 65.000000
-14.060000 -20.234000 0.047000 94.000000 86.000000 73.000000
-14.008000 -20.258000 0.026000 148.000000 151.000000 156.000000
-14.038000 -20.241000 0.048000 90.000000 91.000000 86.000000
-14.048000 -20.227000 0.076000 91.000000 94.000000 87.000000
-14.031000 -20.246000 0.040000 101.000000 102.000000 104.000000
-14.047000 -20.232000 0.062000 82.000000 79.000000 72.000000
-14.007000 -20.255000 0.036000 190.000000 196.000000 208.000000
-14.033000 -20.250000 0.027000 92.000000 93.000000 88.000000
-13.995000 -20.260000 0.032000 160.000000 166.000000 178.000000
-14.036000 -20.250000 0.025000 78.000000 77.000000 72.000000
-14.058000 -20.231000 0.056000 116.000000 109.000000 99.000000
-14.043000 -20.232000 0.068000 95.000000 95.000000 95.000000
-14.038000 -20.241000 0.046000 90.000000 91.000000 86.000000
-14.026000 -20.243000 0.052000 130.000000 133.000000 140.000000
-14.027000 -20.241000 0.058000 125.000000 126.000000 131.000000
-14.057000 -20.242000 0.028000 92.000000 87.000000 65.000000
-13.988000 -20.263000 0.030000 136.000000 143.000000 153.000000
-14.056000 -20.231000 0.058000 92.000000 85.000000 77.000000
-14.054000 -20.245000 0.023000 109.000000 108.000000 90.000000
-13.977000 -20.272000 0.047000 125.000000 128.000000 135.000000
-14.004000 -20.263000 0.129000 151.000000 158.000000 166.000000
-14.007000 -20.259000 0.113000 150.000000 154.000000 163.000000
-14.016000 -20.250000 0.098000 134.000000 139.000000 145.000000
-14.022000 -20.244000 0.079000 125.000000 130.000000 136.000000
-13.965000 -20.284000 0.077000 110.000000 114.000000 123.000000
-13.993000 -20.275000 0.164000 184.000000 188.000000 199.000000
-13.961000 -20.291000 0.110000 116.000000 119.000000 124.000000
-13.960000 -20.289000 0.095000 107.000000 110.000000 115.000000
-14.001000 -20.258000 0.074000 185.000000 192.000000 208.000000
-13.974000 -20.286000 0.142000 134.000000 139.000000 145.000000
-13.985000 -20.276000 0.129000 184.000000 193.000000 202.000000
-13.977000 -20.275000 0.072000 132.000000 136.000000 145.000000
-14.017000 -20.249000 0.092000 126.000000 131.000000 137.000000
-13.964000 -20.285000 0.081000 110.000000 113.000000 120.000000
-14.028000 -20.238000 0.064000 115.000000 116.000000 121.000000
-13.954000 -20.295000 0.098000 101.000000 102.000000 106.000000
-13.983000 -20.270000 0.063000 138.000000 142.000000 153.000000
-13.978000 -20.285000 0.161000 151.000000 155.000000 164.000000
-13.960000 -20.299000 0.173000 114.000000 118.000000 121.000000
-14.003000 -20.261000 0.107000 159.000000 169.000000 181.000000
-13.978000 -20.283000 0.142000 142.000000 149.000000 155.000000
-13.959000 -20.299000 0.163000 113.000000 114.000000 118.000000
-13.965000 -20.299000 0.199000 129.000000 128.000000 134.000000
-14.016000 -20.251000 0.099000 135.000000 140.000000 146.000000
-13.956000 -20.298000 0.135000 112.000000 113.000000 117.000000
-13.963000 -20.294000 0.149000 119.000000 124.000000 130.000000
-14.014000 -20.253000 0.107000 136.000000 141.000000 147.000000
-13.954000 -20.301000 0.152000 114.000000 115.000000 119.000000
-13.994000 -20.259000 0.041000 172.000000 178.000000 190.000000
-13.984000 -20.277000 0.126000 162.000000 171.000000 180.000000
-14.023000 -20.243000 0.073000 121.000000 125.000000 134.000000
-13.999000 -20.257000 0.058000 195.000000 204.000000 219.000000
-13.972000 -20.274000 0.035000 123.000000 127.000000 130.000000
-13.974000 -20.283000 0.121000 140.000000 147.000000 155.000000
-13.995000 -20.266000 0.101000 191.000000 199.000000 212.000000
-14.010000 -20.249000 0.052000 171.000000 179.000000 192.000000
-14.021000 -20.245000 0.079000 122.000000 126.000000 135.000000
-13.989000 -20.269000 0.094000 187.000000 193.000000 207.000000
-14.009000 -20.254000 0.086000 166.000000 172.000000 184.000000
-13.996000 -20.266000 0.108000 185.000000 193.000000 204.000000
-13.998000 -20.260000 0.065000 193.000000 203.000000 215.000000
-13.992000 -20.266000 0.086000 178.000000 184.000000 200.000000
-13.989000 -20.270000 0.104000 178.000000 184.000000 196.000000
-13.994000 -20.271000 0.140000 190.000000 197.000000 207.000000
-14.018000 -20.252000 0.122000 120.000000 125.000000 131.000000
-13.998000 -20.270000 0.154000 161.000000 164.000000 173.000000
-14.010000 -20.250000 0.059000 166.000000 176.000000 188.000000
-14.012000 -20.256000 0.113000 135.000000 140.000000 146.000000
-13.952000 -20.290000 0.055000 109.000000 108.000000 104.000000
-13.954000 -20.290000 0.068000 109.000000 110.000000 114.000000
-13.991000 -20.271000 0.123000 186.000000 194.000000 205.000000
-14.007000 -20.252000 0.056000 182.000000 191.000000 206.000000
-13.990000 -20.274000 0.140000 192.000000 199.000000 209.000000
-13.959000 -20.287000 0.067000 110.000000 113.000000 118.000000
-13.954000 -20.302000 0.163000 110.000000 112.000000 111.000000
-13.992000 -20.263000 0.056000 171.000000 177.000000 189.000000
-13.955000 -20.301000 0.160000 114.000000 115.000000 117.000000
-14.005000 -20.254000 0.057000 191.000000 200.000000 215.000000
-13.953000 -20.289000 0.043000 103.000000 100.000000 95.000000
-13.985000 -20.277000 0.139000 184.000000 191.000000 201.000000
-13.958000 -20.300000 0.168000 113.000000 114.000000 118.000000
-13.981000 -20.281000 0.141000 163.000000 170.000000 178.000000
-13.974000 -20.284000 0.134000 134.000000 139.000000 145.000000
-14.017000 -20.251000 0.111000 123.000000 128.000000 134.000000
-13.954000 -20.302000 0.163000 110.000000 112.000000 111.000000
-13.979000 -20.283000 0.145000 154.000000 161.000000 169.000000
-13.994000 -20.270000 0.133000 200.000000 207.000000 217.000000
-14.034000 -20.235000 0.076000 112.000000 113.000000 115.000000
-14.013000 -20.257000 0.133000 119.000000 124.000000 130.000000
-13.957000 -20.297000 0.135000 112.000000 113.000000 117.000000
-13.958000 -20.293000 0.111000 118.000000 117.000000 123.000000
-13.961000 -20.283000 0.049000 107.000000 115.000000 118.000000
-13.995000 -20.262000 0.068000 188.000000 196.000000 209.000000
-13.987000 -20.279000 0.162000 190.000000 194.000000 205.000000
-13.970000 -20.283000 0.097000 128.000000 132.000000 141.000000
-13.996000 -20.262000 0.078000 189.000000 195.000000 211.000000
-13.962000 -20.291000 0.111000 121.000000 121.000000 129.000000
-13.973000 -20.293000 0.197000 143.000000 150.000000 158.000000
-13.996000 -20.271000 0.148000 174.000000 178.000000 187.000000
-14.023000 -20.245000 0.090000 117.000000 122.000000 126.000000
-13.962000 -20.296000 0.156000 115.000000 122.000000 128.000000
-14.009000 -20.260000 0.133000 129.000000 134.000000 140.000000
-14.022000 -20.244000 0.079000 125.000000 130.000000 136.000000
-14.016000 -20.246000 0.064000 139.000000 145.000000 157.000000
-13.968000 -20.291000 0.156000 123.000000 130.000000 136.000000
-13.958000 -20.298000 0.147000 114.000000 118.000000 121.000000
-13.958000 -20.293000 0.113000 116.000000 115.000000 121.000000
-13.958000 -20.288000 0.069000 107.000000 110.000000 115.000000
-13.985000 -20.269000 0.073000 155.000000 161.000000 173.000000
-13.975000 -20.275000 0.065000 131.000000 134.000000 143.000000
-13.948000 -20.290000 0.023000 83.000000 75.000000 64.000000
-14.041000 -20.231000 0.083000 94.000000 96.000000 95.000000
-13.955000 -20.304000 0.185000 109.000000 110.000000 112.000000
-14.007000 -20.254000 0.074000 167.000000 174.000000 190.000000
-14.019000 -20.249000 0.100000 129.000000 134.000000 140.000000
-13.992000 -20.260000 0.037000 156.000000 162.000000 174.000000
-13.967000 -20.291000 0.141000 124.000000 129.000000 135.000000
-14.004000 -20.256000 0.074000 180.000000 187.000000 203.000000
-13.979000 -20.280000 0.122000 149.000000 156.000000 166.000000
-13.955000 -20.306000 0.193000 107.000000 107.000000 107.000000
-13.966000 -20.293000 0.155000 119.000000 126.000000 132.000000
-13.969000 -20.286000 0.119000 130.000000 135.000000 141.000000
-14.022000 -20.243000 0.071000 124.000000 128.000000 137.000000
-13.971000 -20.274000 0.032000 122.000000 126.000000 129.000000
-13.995000 -20.269000 0.122000 190.000000 199.000000 208.000000
-13.957000 -20.285000 0.037000 108.000000 108.000000 106.000000
-13.986000 -20.271000 0.093000 171.000000 177.000000 189.000000
-13.959000 -20.288000 0.074000 110.000000 113.000000 118.000000
-14.014000 -20.254000 0.111000 129.000000 134.000000 140.000000
-13.955000 -20.293000 0.092000 107.000000 108.000000 112.000000
-13.953000 -20.293000 0.086000 110.000000 111.000000 115.000000
-13.987000 -20.276000 0.141000 184.000000 191.000000 201.000000
-13.963000 -20.295000 0.151000 119.000000 124.000000 130.000000
-14.015000 -20.246000 0.056000 149.000000 157.000000 170.000000
-14.018000 -20.246000 0.074000 135.000000 141.000000 153.000000
-13.961000 -20.281000 0.033000 117.000000 119.000000 116.000000
-14.027000 -20.242000 0.097000 107.000000 111.000000 114.000000
-13.971000 -20.286000 0.123000 133.000000 138.000000 144.000000
-13.984000 -20.273000 0.095000 156.000000 162.000000 174.000000
-13.983000 -20.270000 0.062000 143.000000 146.000000 155.000000
-13.980000 -20.283000 0.156000 156.000000 163.000000 169.000000
-13.969000 -20.291000 0.155000 130.000000 135.000000 139.000000
-13.959000 -20.281000 0.022000 99.000000 98.000000 93.000000
-13.975000 -20.290000 0.183000 153.000000 156.000000 161.000000
-13.979000 -20.274000 0.080000 139.000000 146.000000 156.000000
-13.959000 -20.298000 0.159000 112.000000 116.000000 119.000000
-13.976000 -20.271000 0.031000 125.000000 128.000000 133.000000
-14.028000 -20.241000 0.087000 110.000000 114.000000 117.000000
-13.979000 -20.268000 0.026000 129.000000 134.000000 140.000000
-13.960000 -20.301000 0.187000 113.000000 114.000000 118.000000
-13.968000 -20.288000 0.125000 126.000000 131.000000 137.000000
-13.970000 -20.287000 0.133000 132.000000 137.000000 143.000000
-13.969000 -20.279000 0.058000 117.000000 121.000000 130.000000
-14.068000 -20.354000 0.021000 127.000000 111.000000 77.000000
-14.103000 -20.317000 0.022000 111.000000 97.000000 62.000000
-14.106000 -20.284000 0.024000 126.000000 110.000000 84.000000
-14.070000 -20.295000 0.025000 126.000000 111.000000 80.000000
-14.067000 -20.350000 0.021000 112.000000 96.000000 62.000000
-14.103000 -20.317000 0.022000 111.000000 97.000000 62.000000
-14.022000 -20.346000 0.024000 123.000000 107.000000 73.000000
-14.028000 -20.382000 0.021000 162.000000 142.000000 115.000000
-13.999000 -20.368000 0.024000 158.000000 139.000000 106.000000
-14.111000 -20.299000 0.023000 115.000000 100.000000 69.000000
-14.044000 -20.373000 0.021000 131.000000 112.000000 80.000000
-14.019000 -20.344000 0.025000 132.000000 116.000000 82.000000
-14.032000 -20.311000 0.026000 123.000000 112.000000 90.000000
-14.020000 -20.386000 0.021000 161.000000 138.000000 107.000000
-13.989000 -20.404000 0.021000 120.000000 103.000000 75.000000
-14.056000 -20.306000 0.025000 106.000000 92.000000 65.000000
-13.975000 -20.412000 0.022000 142.000000 123.000000 93.000000
-14.019000 -20.388000 0.021000 161.000000 138.000000 107.000000
-14.061000 -20.292000 0.026000 121.000000 106.000000 77.000000
-14.099000 -20.287000 0.024000 113.000000 97.000000 71.000000
-14.122000 -20.311000 0.021000 114.000000 101.000000 67.000000
-14.066000 -20.294000 0.026000 140.000000 125.000000 94.000000
-14.024000 -20.328000 0.026000 142.000000 131.000000 103.000000
-14.095000 -20.334000 0.021000 117.000000 101.000000 75.000000
-14.085000 -20.290000 0.025000 108.000000 97.000000 65.000000
-14.078000 -20.299000 0.025000 102.000000 87.000000 54.000000
-14.063000 -20.353000 0.021000 114.000000 100.000000 65.000000
-14.114000 -20.296000 0.023000 128.000000 113.000000 82.000000
-14.083000 -20.289000 0.025000 102.000000 91.000000 59.000000
-14.103000 -20.299000 0.023000 123.000000 112.000000 84.000000
-14.062000 -20.321000 0.024000 107.000000 96.000000 66.000000
-14.099000 -20.299000 0.023000 103.000000 92.000000 64.000000
-14.059000 -20.335000 0.023000 128.000000 115.000000 83.000000
-14.132000 -20.310000 0.021000 129.000000 114.000000 83.000000
-14.088000 -20.284000 0.025000 108.000000 99.000000 68.000000
-14.048000 -20.343000 0.023000 137.000000 124.000000 92.000000
-13.968000 -20.425000 0.021000 157.000000 148.000000 117.000000
-13.976000 -20.415000 0.021000 164.000000 145.000000 115.000000
-13.969000 -20.428000 0.021000 139.000000 133.000000 101.000000
-14.034000 -20.365000 0.022000 139.000000 119.000000 92.000000
-14.097000 -20.307000 0.023000 118.000000 105.000000 71.000000
-14.054000 -20.290000 0.027000 113.000000 97.000000 71.000000
-14.010000 -20.393000 0.021000 117.000000 101.000000 75.000000
-13.957000 -20.431000 0.021000 146.000000 135.000000 107.000000
-14.056000 -20.297000 0.026000 144.000000 129.000000 100.000000
-14.020000 -20.377000 0.022000 158.000000 138.000000 111.000000
-14.049000 -20.312000 0.025000 108.000000 98.000000 73.000000
-14.051000 -20.313000 0.025000 113.000000 103.000000 78.000000
-14.074000 -20.281000 0.026000 118.000000 107.000000 79.000000
-14.047000 -20.339000 0.023000 121.000000 110.000000 78.000000
-14.050000 -20.350000 0.022000 131.000000 118.000000 84.000000
-14.093000 -20.309000 0.023000 135.000000 119.000000 83.000000
-14.079000 -20.265000 0.027000 113.000000 103.000000 76.000000
-13.995000 -20.395000 0.022000 157.000000 146.000000 118.000000
-14.031000 -20.359000 0.023000 143.000000 126.000000 98.000000
-14.002000 -20.372000 0.023000 118.000000 98.000000 65.000000
-14.014000 -20.339000 0.025000 119.000000 109.000000 74.000000
-14.087000 -20.337000 0.021000 113.000000 98.000000 69.000000
-14.105000 -20.312000 0.022000 124.000000 111.000000 79.000000
-14.106000 -20.307000 0.022000 122.000000 108.000000 79.000000
-14.056000 -20.296000 0.026000 144.000000 129.000000 100.000000
-14.072000 -20.274000 0.027000 112.000000 102.000000 75.000000
-14.005000 -20.369000 0.023000 114.000000 95.000000 63.000000
-14.085000 -20.327000 0.022000 132.000000 116.000000 90.000000
-13.998000 -20.379000 0.023000 165.000000 152.000000 120.000000
-13.964000 -20.420000 0.022000 112.000000 101.000000 71.000000
-14.052000 -20.304000 0.026000 139.000000 123.000000 97.000000
-14.026000 -20.359000 0.023000 168.000000 151.000000 123.000000
-14.036000 -20.354000 0.023000 114.000000 98.000000 65.000000
-14.067000 -20.343000 0.022000 141.000000 126.000000 93.000000
-14.038000 -20.358000 0.022000 139.000000 123.000000 90.000000
-13.993000 -20.380000 0.023000 149.000000 138.000000 108.000000
-14.058000 -20.325000 0.024000 129.000000 118.000000 88.000000
-13.972000 -20.401000 0.023000 144.000000 127.000000 97.000000
-14.082000 -20.331000 0.022000 123.000000 107.000000 81.000000
-14.065000 -20.311000 0.024000 137.000000 123.000000 97.000000
-14.061000 -20.277000 0.028000 109.000000 98.000000 76.000000
-13.991000 -20.396000 0.022000 140.000000 129.000000 101.000000
-14.048000 -20.321000 0.025000 110.000000 103.000000 77.000000
-14.118000 -20.313000 0.021000 142.000000 132.000000 97.000000
-14.082000 -20.315000 0.023000 116.000000 99.000000 71.000000
-14.013000 -20.352000 0.024000 130.000000 116.000000 87.000000
-14.049000 -20.320000 0.025000 118.000000 108.000000 83.000000
-14.078000 -20.286000 0.026000 106.000000 92.000000 63.000000
-14.024000 -20.359000 0.023000 128.000000 111.000000 83.000000
-14.101000 -20.285000 0.024000 119.000000 104.000000 75.000000
-14.129000 -20.307000 0.021000 154.000000 139.000000 106.000000
-14.045000 -20.324000 0.025000 115.000000 108.000000 82.000000
-14.072000 -20.319000 0.023000 100.000000 86.000000 60.000000
-14.064000 -20.332000 0.023000 127.000000 114.000000 82.000000
-14.036000 -20.322000 0.025000 103.000000 96.000000 70.000000
-14.074000 -20.278000 0.027000 113.000000 101.000000 75.000000
-14.033000 -20.315000 0.026000 124.000000 113.000000 91.000000
-14.027000 -20.344000 0.024000 147.000000 130.000000 100.000000
-14.010000 -20.377000 0.022000 137.000000 114.000000 82.000000
-14.018000 -20.332000 0.026000 121.000000 107.000000 78.000000
-14.086000 -20.342000 0.021000 144.000000 129.000000 98.000000
-13.974000 -20.407000 0.022000 113.000000 94.000000 64.000000
-14.100000 -20.331000 0.021000 143.000000 128.000000 97.000000
-14.035000 -20.354000 0.023000 114.000000 98.000000 65.000000
-14.003000 -20.364000 0.024000 162.000000 143.000000 113.000000
-13.960000 -20.435000 0.021000 135.000000 124.000000 96.000000
-14.112000 -20.289000 0.023000 109.000000 94.000000 65.000000
-14.073000 -20.299000 0.025000 133.000000 118.000000 87.000000
-14.063000 -20.330000 0.023000 147.000000 133.000000 104.000000
-14.105000 -20.310000 0.022000 124.000000 111.000000 79.000000
-14.110000 -20.310000 0.022000 94.000000 80.000000 53.000000
-13.968000 -20.415000 0.022000 132.000000 117.000000 88.000000
-14.037000 -20.304000 0.027000 141.000000 130.000000 110.000000
-14.008000 -20.387000 0.022000 119.000000 100.000000 68.000000
-14.041000 -20.313000 0.026000 113.000000 103.000000 78.000000
-13.988000 -20.374000 0.024000 120.000000 106.000000 77.000000
-14.011000 -20.390000 0.021000 131.000000 112.000000 82.000000
-14.032000 -20.340000 0.024000 118.000000 103.000000 72.000000
-14.039000 -20.310000 0.026000 104.000000 93.000000 71.000000
-14.077000 -20.322000 0.023000 140.000000 126.000000 99.000000
-14.067000 -20.322000 0.023000 107.000000 96.000000 68.000000
-14.047000 -20.360000 0.022000 140.000000 124.000000 91.000000
-14.052000 -20.270000 0.027000 123.000000 116.000000 100.000000
-14.048000 -20.268000 0.025000 127.000000 120.000000 104.000000
-14.039000 -20.291000 0.026000 100.000000 88.000000 72.000000
-14.049000 -20.272000 0.026000 116.000000 109.000000 93.000000
-14.052000 -20.266000 0.026000 132.000000 126.000000 110.000000
-13.995000 -20.350000 0.023000 130.000000 120.000000 85.000000
-14.013000 -20.317000 0.023000 108.000000 96.000000 70.000000
-13.968000 -20.391000 0.021000 137.000000 122.000000 93.000000
-13.966000 -20.391000 0.021000 137.000000 122.000000 93.000000
-14.038000 -20.282000 0.025000 109.000000 96.000000 79.000000
-14.049000 -20.279000 0.027000 110.000000 99.000000 79.000000
-14.031000 -20.283000 0.023000 89.000000 81.000000 70.000000
-14.025000 -20.299000 0.023000 100.000000 92.000000 81.000000
-14.005000 -20.334000 0.023000 118.000000 109.000000 78.000000
-13.984000 -20.358000 0.021000 132.000000 119.000000 87.000000
-14.019000 -20.291000 0.021000 69.000000 64.000000 60.000000
-14.030000 -20.297000 0.025000 103.000000 93.000000 81.000000
-14.040000 -20.278000 0.025000 114.000000 102.000000 86.000000
-14.024000 -20.291000 0.022000 107.000000 100.000000 92.000000
-14.022000 -20.316000 0.025000 130.000000 119.000000 97.000000
-13.988000 -20.366000 0.023000 124.000000 109.000000 78.000000
-14.031000 -20.275000 0.022000 88.000000 83.000000 77.000000
-14.030000 -20.284000 0.023000 99.000000 91.000000 80.000000
-14.009000 -20.315000 0.021000 118.000000 110.000000 87.000000
-14.038000 -20.295000 0.027000 118.000000 106.000000 90.000000
-14.028000 -20.277000 0.021000 104.000000 99.000000 93.000000
-14.024000 -20.294000 0.022000 107.000000 100.000000 92.000000
-14.113000 -20.284000 0.024000 104.000000 89.000000 58.000000
-14.103000 -20.278000 0.025000 131.000000 117.000000 88.000000
-14.100000 -20.274000 0.022000 121.000000 110.000000 80.000000
-14.045000 -20.263000 0.102000 96.000000 94.000000 79.000000
-14.042000 -20.245000 0.118000 64.000000 63.000000 58.000000
-14.024000 -20.263000 0.179000 72.000000 74.000000 73.000000
-14.044000 -20.266000 0.107000 90.000000 86.000000 74.000000
-14.034000 -20.240000 0.149000 88.000000 89.000000 91.000000
-14.063000 -20.256000 0.041000 113.000000 106.000000 80.000000
-14.027000 -20.226000 0.180000 122.000000 125.000000 130.000000
-14.036000 -20.240000 0.142000 81.000000 81.000000 81.000000
-14.023000 -20.255000 0.184000 84.000000 88.000000 89.000000
-14.017000 -20.214000 0.218000 221.000000 209.000000 185.000000
-14.033000 -20.241000 0.154000 86.000000 87.000000 89.000000
-14.025000 -20.269000 0.174000 72.000000 69.000000 64.000000
-14.033000 -20.230000 0.156000 108.000000 113.000000 119.000000
-14.024000 -20.266000 0.178000 70.000000 69.000000 64.000000
-14.029000 -20.257000 0.164000 74.000000 75.000000 70.000000
-14.017000 -20.215000 0.218000 221.000000 209.000000 185.000000
-14.028000 -20.259000 0.165000 74.000000 75.000000 70.000000
-14.058000 -20.260000 0.057000 115.000000 100.000000 77.000000
-14.023000 -20.238000 0.188000 113.000000 112.000000 117.000000
-14.059000 -20.255000 0.055000 136.000000 124.000000 102.000000
-14.043000 -20.253000 0.111000 98.000000 90.000000 79.000000
-14.029000 -20.265000 0.161000 62.000000 63.000000 58.000000
-14.026000 -20.269000 0.173000 72.000000 69.000000 64.000000
-14.054000 -20.257000 0.070000 110.000000 99.000000 79.000000
-14.022000 -20.229000 0.194000 184.000000 186.000000 185.000000
-14.057000 -20.256000 0.063000 95.000000 84.000000 64.000000
-14.022000 -20.245000 0.194000 114.000000 113.000000 118.000000
-14.032000 -20.238000 0.157000 99.000000 103.000000 106.000000
-14.020000 -20.239000 0.200000 140.000000 142.000000 141.000000
-14.031000 -20.260000 0.154000 58.000000 60.000000 57.000000
-14.046000 -20.258000 0.103000 98.000000 96.000000 83.000000
-14.030000 -20.261000 0.160000 63.000000 64.000000 59.000000
-14.031000 -20.248000 0.158000 81.000000 83.000000 82.000000
-14.029000 -20.231000 0.172000 109.000000 114.000000 120.000000
-14.033000 -20.229000 0.154000 106.000000 109.000000 114.000000
-14.028000 -20.264000 0.165000 65.000000 66.000000 61.000000
-14.020000 -20.225000 0.204000 166.000000 171.000000 165.000000
-14.057000 -20.253000 0.062000 93.000000 82.000000 62.000000
-14.045000 -20.251000 0.106000 70.000000 66.000000 55.000000
-14.030000 -20.239000 0.165000 103.000000 107.000000 110.000000
-14.022000 -20.252000 0.191000 95.000000 94.000000 100.000000
-14.043000 -20.260000 0.111000 87.000000 79.000000 68.000000
-14.050000 -20.250000 0.089000 98.000000 94.000000 82.000000
-14.062000 -20.257000 0.044000 117.000000 110.000000 84.000000
-14.051000 -20.264000 0.080000 137.000000 126.000000 106.000000
-14.036000 -20.261000 0.139000 56.000000 59.000000 52.000000
-14.024000 -20.258000 0.183000 81.000000 85.000000 86.000000
-14.023000 -20.263000 0.184000 78.000000 82.000000 83.000000
-14.034000 -20.246000 0.146000 73.000000 75.000000 74.000000
-14.055000 -20.253000 0.071000 122.000000 114.000000 95.000000
-14.024000 -20.262000 0.181000 74.000000 78.000000 77.000000
-14.040000 -20.241000 0.125000 65.000000 73.000000 75.000000
-14.044000 -20.241000 0.114000 65.000000 66.000000 58.000000
-14.020000 -20.232000 0.201000 188.000000 192.000000 191.000000
-14.005000 -20.276000 0.081000 113.000000 118.000000 124.000000
-13.981000 -20.280000 0.037000 167.000000 174.000000 180.000000
-14.013000 -20.274000 0.082000 97.000000 100.000000 105.000000
-14.030000 -20.273000 0.152000 67.000000 67.000000 59.000000
-13.992000 -20.277000 0.025000 184.000000 191.000000 201.000000
-14.004000 -20.275000 0.048000 128.000000 132.000000 135.000000
-13.970000 -20.283000 0.034000 128.000000 131.000000 136.000000
-14.019000 -20.272000 0.080000 87.000000 86.000000 82.000000
-14.016000 -20.270000 0.023000 111.000000 110.000000 108.000000
-13.978000 -20.281000 0.023000 147.000000 149.000000 161.000000
-14.048000 -20.263000 0.061000 115.000000 108.000000 82.000000
-13.973000 -20.282000 0.024000 136.000000 136.000000 146.000000
-14.022000 -20.268000 0.021000 85.000000 84.000000 80.000000
-14.014000 -20.277000 0.138000 87.000000 91.000000 92.000000
-14.024000 -20.272000 0.089000 89.000000 86.000000 79.000000
-14.035000 -20.267000 0.060000 79.000000 76.000000 61.000000
-14.024000 -20.272000 0.098000 83.000000 80.000000 75.000000
-14.051000 -20.261000 0.034000 99.000000 94.000000 75.000000
-13.986000 -20.280000 0.054000 187.000000 193.000000 205.000000
-14.032000 -20.271000 0.117000 94.000000 90.000000 79.000000
-14.017000 -20.276000 0.147000 77.000000 78.000000 72.000000
-13.995000 -20.279000 0.081000 156.000000 164.000000 175.000000
-14.034000 -20.270000 0.121000 91.000000 87.000000 76.000000
-14.003000 -20.278000 0.113000 116.000000 119.000000 124.000000
-13.974000 -20.283000 0.042000 133.000000 137.000000 146.000000
-14.003000 -20.278000 0.094000 124.000000 127.000000 134.000000
-14.001000 -20.277000 0.073000 135.000000 139.000000 148.000000
-14.014000 -20.275000 0.103000 101.000000 97.000000 94.000000
-14.025000 -20.271000 0.091000 84.000000 79.000000 73.000000
-14.015000 -20.275000 0.114000 89.000000 88.000000 84.000000
-14.007000 -20.275000 0.064000 112.000000 116.000000 119.000000
-13.984000 -20.280000 0.047000 183.000000 190.000000 200.000000
-14.058000 -20.260000 0.037000 115.000000 110.000000 90.000000
-14.022000 -20.274000 0.130000 84.000000 85.000000 79.000000
-14.055000 -20.262000 0.065000 117.000000 105.000000 79.000000
-14.033000 -20.271000 0.139000 87.000000 85.000000 72.000000
-13.994000 -20.277000 0.035000 158.000000 162.000000 171.000000
-14.029000 -20.273000 0.145000 69.000000 69.000000 61.000000
-13.980000 -20.280000 0.027000 164.000000 171.000000 181.000000
-13.983000 -20.280000 0.039000 167.000000 174.000000 180.000000
-14.005000 -20.276000 0.070000 116.000000 119.000000 124.000000
-14.025000 -20.274000 0.149000 66.000000 67.000000 59.000000
-14.006000 -20.276000 0.081000 113.000000 118.000000 124.000000
-14.015000 -20.270000 0.021000 111.000000 110.000000 108.000000
-14.019000 -20.272000 0.067000 77.000000 79.000000 76.000000
-14.049000 -20.264000 0.086000 134.000000 122.000000 106.000000
-14.029000 -20.268000 0.046000 80.000000 77.000000 70.000000
-14.031000 -20.267000 0.036000 70.000000 67.000000 62.000000
-13.999000 -20.278000 0.080000 132.000000 139.000000 147.000000
-14.048000 -20.263000 0.046000 125.000000 123.000000 102.000000
-14.010000 -20.272000 0.021000 119.000000 118.000000 123.000000
-14.008000 -20.276000 0.084000 107.000000 112.000000 116.000000
-14.008000 -20.278000 0.127000 114.000000 115.000000 117.000000
-13.999000 -20.279000 0.099000 136.000000 140.000000 151.000000
-14.018000 -20.275000 0.124000 83.000000 84.000000 79.000000
-14.017000 -20.275000 0.116000 82.000000 81.000000 77.000000
-13.995000 -20.277000 0.039000 162.000000 167.000000 173.000000
-14.006000 -20.273000 0.028000 133.000000 132.000000 137.000000
-14.021000 -20.273000 0.095000 88.000000 85.000000 80.000000
-13.992000 -20.280000 0.090000 167.000000 173.000000 187.000000
-14.033000 -20.271000 0.128000 79.000000 75.000000 64.000000
-13.971000 -20.283000 0.022000 136.000000 136.000000 146.000000
-14.035000 -20.269000 0.101000 107.000000 101.000000 89.000000
-14.025000 -20.271000 0.075000 73.000000 73.000000 63.000000
-14.040000 -20.266000 0.067000 97.000000 90.000000 71.000000
-14.007000 -20.278000 0.124000 116.000000 117.000000 119.000000
-14.002000 -20.279000 0.117000 124.000000 127.000000 134.000000
-14.020000 -20.276000 0.150000 73.000000 76.000000 67.000000
-14.018000 -20.274000 0.113000 82.000000 81.000000 77.000000
-14.006000 -20.278000 0.127000 113.000000 117.000000 120.000000
-14.016000 -20.277000 0.152000 84.000000 87.000000 78.000000
-13.986000 -20.280000 0.054000 198.000000 204.000000 216.000000
-13.986000 -20.280000 0.064000 191.000000 197.000000 209.000000
-14.037000 -20.267000 0.059000 91.000000 88.000000 71.000000
-13.991000 -20.279000 0.061000 177.000000 183.000000 195.000000
-14.025000 -20.269000 0.053000 80.000000 79.000000 75.000000
-14.022000 -20.271000 0.076000 80.000000 79.000000 74.000000
-13.998000 -20.277000 0.057000 133.000000 138.000000 144.000000
-14.011000 -20.277000 0.138000 95.000000 99.000000 100.000000
-14.010000 -20.274000 0.070000 107.000000 110.000000 115.000000
-13.985000 -20.281000 0.077000 188.000000 196.000000 209.000000
-13.976000 -20.281000 0.022000 142.000000 142.000000 152.000000
-14.024000 -20.271000 0.090000 87.000000 84.000000 79.000000
-14.011000 -20.276000 0.106000 100.000000 101.000000 105.000000
-13.998000 -20.280000 0.110000 136.000000 140.000000 151.000000
-14.031000 -20.268000 0.061000 70.000000 68.000000 56.000000
-14.009000 -20.276000 0.105000 105.000000 106.000000 110.000000
-14.012000 -20.273000 0.055000 112.000000 113.000000 117.000000
-13.955000 -20.293000 0.072000 104.000000 108.000000 111.000000
-13.972000 -20.297000 0.178000 168.000000 172.000000 181.000000
-13.968000 -20.299000 0.177000 136.000000 137.000000 142.000000
-13.956000 -20.293000 0.085000 109.000000 112.000000 117.000000
-13.981000 -20.295000 0.192000 175.000000 182.000000 192.000000
-13.998000 -20.280000 0.116000 125.000000 129.000000 138.000000
-13.978000 -20.291000 0.146000 181.000000 190.000000 197.000000
-13.977000 -20.290000 0.128000 166.000000 172.000000 184.000000
-13.971000 -20.288000 0.087000 140.000000 147.000000 157.000000
-14.011000 -20.279000 0.154000 90.000000 96.000000 96.000000
-13.965000 -20.302000 0.196000 129.000000 132.000000 137.000000
-13.997000 -20.282000 0.136000 138.000000 142.000000 151.000000
-13.973000 -20.295000 0.163000 155.000000 162.000000 170.000000
-13.975000 -20.293000 0.151000 172.000000 181.000000 188.000000
-13.981000 -20.283000 0.083000 190.000000 198.000000 211.000000
-13.953000 -20.289000 0.034000 102.000000 97.000000 91.000000
-13.958000 -20.286000 0.028000 106.000000 105.000000 103.000000
-13.983000 -20.295000 0.195000 175.000000 182.000000 192.000000
-13.947000 -20.292000 0.043000 97.000000 96.000000 92.000000
-13.956000 -20.302000 0.159000 111.000000 116.000000 120.000000
-14.001000 -20.283000 0.161000 115.000000 120.000000 124.000000
-13.966000 -20.286000 0.054000 118.000000 123.000000 127.000000
-13.950000 -20.291000 0.039000 104.000000 100.000000 91.000000
-13.957000 -20.293000 0.084000 113.000000 118.000000 124.000000
-13.978000 -20.284000 0.075000 146.000000 153.000000 163.000000
-14.000000 -20.280000 0.121000 130.000000 133.000000 140.000000
-13.988000 -20.284000 0.118000 187.000000 193.000000 207.000000
-13.952000 -20.298000 0.108000 102.000000 101.000000 107.000000
-13.953000 -20.288000 0.022000 99.000000 92.000000 82.000000
-13.986000 -20.284000 0.105000 193.000000 199.000000 213.000000
-14.019000 -20.278000 0.175000 76.000000 75.000000 73.000000
-13.962000 -20.287000 0.051000 118.000000 122.000000 125.000000
-13.976000 -20.293000 0.153000 188.000000 197.000000 204.000000
-13.993000 -20.281000 0.111000 161.000000 167.000000 179.000000
-13.988000 -20.287000 0.145000 163.000000 170.000000 178.000000
-13.956000 -20.306000 0.199000 113.000000 112.000000 117.000000
-13.959000 -20.304000 0.192000 115.000000 114.000000 120.000000
-13.980000 -20.294000 0.176000 195.000000 199.000000 208.000000
-13.982000 -20.286000 0.116000 195.000000 201.000000 215.000000
-14.008000 -20.279000 0.150000 95.000000 101.000000 101.000000
-13.973000 -20.295000 0.164000 155.000000 162.000000 170.000000
-13.968000 -20.288000 0.076000 121.000000 128.000000 136.000000
-13.987000 -20.294000 0.202000 130.000000 137.000000 145.000000
-13.985000 -20.288000 0.146000 174.000000 183.000000 190.000000
-13.991000 -20.290000 0.181000 129.000000 133.000000 142.000000
-13.948000 -20.293000 0.054000 102.000000 101.000000 99.000000
-14.009000 -20.278000 0.144000 92.000000 96.000000 97.000000
-13.954000 -20.301000 0.150000 112.000000 117.000000 121.000000
-13.952000 -20.298000 0.115000 109.000000 107.000000 110.000000
-13.991000 -20.287000 0.156000 139.000000 146.000000 154.000000
-13.996000 -20.284000 0.146000 126.000000 133.000000 139.000000
-13.954000 -20.302000 0.153000 115.000000 120.000000 124.000000
-13.959000 -20.289000 0.050000 113.000000 117.000000 120.000000
-13.988000 -20.287000 0.144000 166.000000 175.000000 182.000000
-14.017000 -20.279000 0.176000 76.000000 75.000000 73.000000
-13.957000 -20.288000 0.037000 110.000000 110.000000 112.000000
-13.972000 -20.300000 0.207000 164.000000 169.000000 175.000000
-14.003000 -20.280000 0.138000 119.000000 124.000000 128.000000
-14.005000 -20.283000 0.169000 93.000000 98.000000 101.000000
-13.972000 -20.286000 0.080000 133.000000 140.000000 150.000000
-13.970000 -20.296000 0.162000 147.000000 152.000000 158.000000
-13.969000 -20.286000 0.069000 126.000000 130.000000 139.000000
-13.954000 -20.304000 0.174000 107.000000 107.000000 109.000000
-13.992000 -20.283000 0.125000 146.000000 152.000000 164.000000
-13.993000 -20.289000 0.177000 118.000000 122.000000 131.000000
-13.971000 -20.290000 0.109000 133.000000 139.000000 151.000000
-13.999000 -20.283000 0.148000 118.000000 123.000000 127.000000
-13.979000 -20.289000 0.126000 179.000000 185.000000 199.000000
-13.999000 -20.282000 0.143000 121.000000 126.000000 130.000000
-14.018000 -20.278000 0.169000 69.000000 69.000000 71.000000
-13.999000 -20.282000 0.141000 121.000000 126.000000 130.000000
-13.992000 -20.285000 0.138000 152.000000 159.000000 167.000000
-14.000000 -20.281000 0.131000 131.000000 136.000000 142.000000
-13.986000 -20.284000 0.110000 194.000000 200.000000 214.000000
-13.963000 -20.290000 0.079000 115.000000 122.000000 130.000000
-13.959000 -20.303000 0.181000 116.000000 117.000000 122.000000
-14.012000 -20.278000 0.148000 81.000000 85.000000 86.000000
-13.994000 -20.282000 0.122000 150.000000 156.000000 168.000000
-14.005000 -20.282000 0.166000 95.000000 100.000000 103.000000
-13.966000 -20.295000 0.130000 129.000000 134.000000 140.000000
-13.981000 -20.286000 0.110000 193.000000 199.000000 213.000000
-13.968000 -20.290000 0.099000 137.000000 144.000000 154.000000
-13.959000 -20.287000 0.033000 108.000000 108.000000 108.000000
-13.975000 -20.293000 0.147000 164.000000 175.000000 181.000000
-13.962000 -20.303000 0.193000 121.000000 122.000000 127.000000
-13.972000 -20.295000 0.158000 156.000000 165.000000 172.000000
-13.960000 -20.307000 0.218000 116.000000 116.000000 124.000000
