-14.822000 -22.535000 0.919000 63.000000 70.000000 78.000000
-14.833000 -22.527000 0.904000 87.000000 92.000000 98.000000
-14.823000 -22.550000 0.901000 100.000000 108.000000 110.000000
-14.835000 -22.521000 0.908000 84.000000 89.000000 93.000000
-14.898000 -22.453000 0.840000 84.000000 90.000000 90.000000
-14.830000 -22.533000 0.904000 91.000000 99.000000 102.000000
-14.876000 -22.475000 0.865000 95.000000 100.000000 104.000000
-14.877000 -22.476000 0.863000 96.000000 101.000000 105.000000
-14.802000 -22.582000 0.913000 31.000000 42.000000 44.000000
-14.853000 -22.514000 0.873000 85.000000 93.000000 95.000000
-14.772000 -22.627000 0.929000 100.000000 104.000000 107.000000
-14.826000 -22.529000 0.918000 60.000000 67.000000 73.000000
-14.859000 -22.508000 0.866000 92.000000 102.000000 103.000000
-14.867000 -22.476000 0.884000 94.000000 100.000000 100.000000
-14.877000 -22.469000 0.870000 96.000000 101.000000 105.000000
-14.785000 -22.600000 0.931000 72.000000 79.000000 87.000000
-14.871000 -22.476000 0.876000 93.000000 98.000000 101.000000
-14.853000 -22.511000 0.877000 83.000000 91.000000 93.000000
-14.822000 -22.524000 0.935000 88.000000 92.000000 101.000000
-14.821000 -22.556000 0.899000 99.000000 108.000000 107.000000
-14.872000 -22.487000 0.861000 98.000000 103.000000 107.000000
-14.795000 -22.582000 0.929000 124.000000 128.000000 137.000000
-14.888000 -22.459000 0.857000 99.000000 107.000000 109.000000
-14.800000 -22.577000 0.923000 38.000000 47.000000 52.000000
-14.805000 -22.557000 0.936000 87.000000 92.000000 96.000000
-14.901000 -22.447000 0.840000 53.000000 57.000000 58.000000
-14.864000 -22.490000 0.875000 90.000000 95.000000 98.000000
-14.792000 -22.584000 0.933000 101.000000 104.000000 113.000000
-14.888000 -22.458000 0.858000 99.000000 107.000000 109.000000
-14.848000 -22.504000 0.897000 95.000000 101.000000 101.000000
-14.800000 -22.587000 0.912000 41.000000 51.000000 53.000000
-14.818000 -22.533000 0.933000 52.000000 56.000000 65.000000
-14.846000 -22.500000 0.905000 92.000000 98.000000 96.000000
-14.843000 -22.529000 0.877000 79.000000 83.000000 86.000000
-14.862000 -22.493000 0.878000 88.000000 94.000000 94.000000
-14.814000 -22.558000 0.913000 78.000000 85.000000 93.000000
-14.879000 -22.477000 0.855000 96.000000 104.000000 106.000000
-14.890000 -22.465000 0.843000 112.000000 120.000000 122.000000
-14.824000 -22.538000 0.912000 40.000000 47.000000 53.000000
-14.785000 -22.600000 0.931000 51.000000 59.000000 61.000000
-14.811000 -22.546000 0.934000 95.000000 100.000000 106.000000
-14.852000 -22.512000 0.878000 85.000000 90.000000 93.000000
-14.833000 -22.536000 0.894000 99.000000 103.000000 104.000000
-14.822000 -22.522000 0.936000 85.000000 89.000000 98.000000
-14.810000 -22.562000 0.918000 32.000000 36.000000 45.000000
-14.810000 -22.566000 0.914000 99.000000 106.000000 114.000000
-14.815000 -22.544000 0.927000 34.000000 38.000000 47.000000
-14.829000 -22.519000 0.923000 85.000000 89.000000 98.000000
-14.883000 -22.467000 0.858000 96.000000 104.000000 106.000000
-14.802000 -22.578000 0.916000 29.000000 39.000000 41.000000
-14.898000 -22.450000 0.843000 90.000000 96.000000 96.000000
-14.852000 -22.495000 0.898000 94.000000 100.000000 98.000000
-14.889000 -22.460000 0.851000 99.000000 107.000000 109.000000
-14.824000 -22.546000 0.902000 91.000000 99.000000 101.000000
-14.789000 -22.605000 0.915000 42.000000 51.000000 56.000000
-14.798000 -22.588000 0.916000 23.000000 33.000000 35.000000
-14.874000 -22.469000 0.876000 94.000000 99.000000 102.000000
-14.817000 -22.538000 0.929000 53.000000 57.000000 66.000000
-14.837000 -22.516000 0.908000 87.000000 92.000000 96.000000
-14.799000 -22.583000 0.920000 40.000000 49.000000 54.000000
-14.857000 -22.488000 0.895000 98.000000 104.000000 102.000000
-14.799000 -22.586000 0.915000 33.000000 43.000000 45.000000
-14.854000 -22.497000 0.892000 88.000000 97.000000 94.000000
-14.847000 -22.512000 0.890000 91.000000 97.000000 97.000000
-14.815000 -22.533000 0.938000 88.000000 93.000000 97.000000
-14.830000 -22.517000 0.924000 107.000000 112.000000 118.000000
-14.814000 -22.547000 0.925000 36.000000 40.000000 49.000000
-14.910000 -22.435000 0.833000 74.000000 83.000000 92.000000
-14.904000 -22.444000 0.835000 18.000000 22.000000 23.000000
-14.796000 -22.576000 0.935000 61.000000 64.000000 73.000000
-14.884000 -22.469000 0.853000 96.000000 104.000000 106.000000
-14.833000 -22.523000 0.908000 55.000000 60.000000 66.000000
-14.906000 -22.443000 0.831000 21.000000 22.000000 24.000000
-14.910000 -22.436000 0.831000 88.000000 95.000000 114.000000
-14.821000 -22.530000 0.928000 33.000000 37.000000 46.000000
-14.843000 -22.499000 0.913000 80.000000 84.000000 85.000000
-14.847000 -22.496000 0.907000 88.000000 92.000000 91.000000
-14.856000 -22.490000 0.895000 98.000000 104.000000 102.000000
-14.814000 -22.541000 0.933000 88.000000 93.000000 99.000000
-14.789000 -22.594000 0.928000 73.000000 77.000000 86.000000
-14.875000 -22.481000 0.859000 95.000000 100.000000 104.000000
-14.875000 -22.468000 0.874000 96.000000 101.000000 104.000000
-14.847000 -22.501000 0.901000 95.000000 101.000000 99.000000
-14.783000 -22.609000 0.926000 98.000000 107.000000 114.000000
-14.815000 -22.558000 0.910000 94.000000 102.000000 105.000000
-14.807000 -22.562000 0.925000 52.000000 56.000000 65.000000
-14.820000 -22.538000 0.922000 47.000000 54.000000 62.000000
-14.883000 -22.469000 0.855000 96.000000 104.000000 106.000000
-14.850000 -22.512000 0.882000 91.000000 97.000000 97.000000
-14.894000 -22.461000 0.840000 102.000000 107.000000 110.000000
-14.802000 -22.578000 0.918000 29.000000 39.000000 41.000000
-14.842000 -22.522000 0.858000 92.000000 101.000000 100.000000
-14.785000 -22.582000 0.866000 68.000000 68.000000 66.000000
-14.817000 -22.555000 0.873000 87.000000 92.000000 86.000000
-14.770000 -22.577000 0.833000 107.000000 100.000000 107.000000
-14.760000 -22.598000 0.853000 74.000000 75.000000 70.000000
-14.834000 -22.521000 0.844000 97.000000 105.000000 107.000000
-14.787000 -22.600000 0.900000 111.000000 116.000000 119.000000
-14.774000 -22.612000 0.900000 118.000000 119.000000 121.000000
-14.795000 -22.567000 0.856000 89.000000 93.000000 96.000000
-14.805000 -22.540000 0.827000 8.000000 8.000000 10.000000
-14.737000 -22.608000 0.830000 108.000000 114.000000 114.000000
-14.798000 -22.565000 0.860000 90.000000 94.000000 93.000000
-14.772000 -22.577000 0.836000 134.000000 124.000000 132.000000
-14.817000 -22.522000 0.816000 30.000000 34.000000 37.000000
-14.838000 -22.532000 0.870000 92.000000 96.000000 97.000000
-14.838000 -22.508000 0.827000 9.000000 10.000000 12.000000
-14.854000 -22.483000 0.809000 20.000000 23.000000 28.000000
-14.839000 -22.528000 0.864000 94.000000 100.000000 100.000000
-14.839000 -22.505000 0.824000 13.000000 17.000000 18.000000
-14.792000 -22.598000 0.907000 55.000000 63.000000 66.000000
-14.904000 -22.444000 0.825000 18.000000 19.000000 24.000000
-14.808000 -22.575000 0.893000 106.000000 110.000000 111.000000
-14.765000 -22.593000 0.852000 62.000000 61.000000 57.000000
-14.807000 -22.578000 0.897000 107.000000 113.000000 113.000000
-14.841000 -22.529000 0.868000 94.000000 100.000000 100.000000
-14.795000 -22.591000 0.898000 102.000000 108.000000 108.000000
-14.784000 -22.610000 0.913000 54.000000 63.000000 68.000000
-14.753000 -22.617000 0.873000 100.000000 109.000000 104.000000
-14.816000 -22.520000 0.810000 23.000000 27.000000 30.000000
-14.776000 -22.616000 0.911000 53.000000 56.000000 61.000000
-14.829000 -22.522000 0.835000 66.000000 72.000000 72.000000
-14.777000 -22.591000 0.868000 93.000000 92.000000 90.000000
-14.761000 -22.620000 0.892000 100.000000 109.000000 106.000000
-14.795000 -22.549000 0.826000 11.000000 11.000000 13.000000
-14.805000 -22.552000 0.847000 92.000000 98.000000 96.000000
-14.740000 -22.600000 0.823000 93.000000 99.000000 97.000000
-14.764000 -22.634000 0.920000 61.000000 66.000000 70.000000
-14.846000 -22.487000 0.804000 25.000000 28.000000 33.000000
-14.787000 -22.562000 0.835000 102.000000 102.000000 104.000000
-14.762000 -22.628000 0.907000 51.000000 59.000000 61.000000
-14.868000 -22.496000 0.856000 96.000000 104.000000 107.000000
-14.859000 -22.495000 0.840000 102.000000 107.000000 113.000000
-14.830000 -22.516000 0.827000 10.000000 11.000000 13.000000
-14.810000 -22.532000 0.822000 13.000000 13.000000 15.000000
-14.888000 -22.460000 0.827000 22.000000 23.000000 25.000000
-14.781000 -22.575000 0.847000 99.000000 92.000000 99.000000
-14.834000 -22.544000 0.882000 108.000000 112.000000 113.000000
-14.788000 -22.598000 0.899000 103.000000 108.000000 111.000000
-14.740000 -22.616000 0.850000 101.000000 110.000000 109.000000
-14.809000 -22.555000 0.860000 94.000000 100.000000 98.000000
-14.860000 -22.482000 0.818000 31.000000 29.000000 34.000000
-14.854000 -22.493000 0.827000 18.000000 17.000000 23.000000
-14.882000 -22.476000 0.845000 101.000000 109.000000 111.000000
-14.821000 -22.513000 0.806000 19.000000 22.000000 29.000000
-14.777000 -22.583000 0.855000 81.000000 75.000000 75.000000
-14.844000 -22.527000 0.871000 85.000000 89.000000 92.000000
-14.810000 -22.539000 0.833000 40.000000 41.000000 43.000000
-14.799000 -22.561000 0.852000 92.000000 98.000000 98.000000
-14.774000 -22.603000 0.884000 101.000000 106.000000 102.000000
-14.762000 -22.633000 0.916000 62.000000 67.000000 71.000000
-14.748000 -22.585000 0.809000 17.000000 21.000000 24.000000
-14.886000 -22.468000 0.838000 74.000000 79.000000 82.000000
-14.774000 -22.599000 0.877000 105.000000 105.000000 105.000000
-14.828000 -22.543000 0.871000 88.000000 92.000000 91.000000
-14.811000 -22.558000 0.866000 85.000000 90.000000 84.000000
-14.728000 -22.608000 0.816000 104.000000 110.000000 110.000000
-14.779000 -22.590000 0.869000 91.000000 91.000000 89.000000
-14.787000 -22.556000 0.824000 6.000000 6.000000 8.000000
-14.833000 -22.536000 0.866000 92.000000 98.000000 98.000000
-14.774000 -22.624000 0.921000 69.000000 72.000000 79.000000
-14.736000 -22.601000 0.817000 100.000000 104.000000 103.000000
-14.794000 -22.544000 0.814000 21.000000 21.000000 23.000000
-14.860000 -22.484000 0.823000 28.000000 27.000000 32.000000
-14.826000 -22.544000 0.869000 88.000000 92.000000 91.000000
-14.796000 -22.582000 0.885000 106.000000 111.000000 107.000000
-14.772000 -22.613000 0.898000 103.000000 107.000000 106.000000
-14.762000 -22.629000 0.910000 51.000000 59.000000 61.000000
-14.799000 -22.533000 0.804000 15.000000 18.000000 23.000000
-14.737000 -22.593000 0.804000 97.000000 99.000000 98.000000
-14.792000 -22.599000 0.908000 55.000000 63.000000 66.000000
-14.797000 -22.588000 0.897000 104.000000 110.000000 110.000000
-14.829000 -22.548000 0.880000 105.000000 109.000000 108.000000
-14.834000 -22.537000 0.869000 88.000000 92.000000 93.000000
-14.857000 -22.484000 0.816000 32.000000 32.000000 42.000000
-14.757000 -22.602000 0.854000 98.000000 100.000000 95.000000
-14.831000 -22.541000 0.872000 89.000000 93.000000 92.000000
-14.783000 -22.587000 0.872000 93.000000 93.000000 91.000000
-14.768000 -22.622000 0.907000 72.000000 76.000000 79.000000
-14.799000 -22.589000 0.902000 113.000000 121.000000 123.000000
-14.776000 -22.560000 0.812000 21.000000 22.000000 24.000000
-14.761000 -22.625000 0.901000 109.000000 118.000000 117.000000
-14.801000 -22.556000 0.849000 90.000000 96.000000 96.000000
-14.841000 -22.523000 0.858000 93.000000 102.000000 101.000000
-14.768000 -22.589000 0.848000 80.000000 76.000000 75.000000
-14.876000 -22.471000 0.827000 18.000000 22.000000 23.000000
-14.758000 -22.588000 0.831000 50.000000 50.000000 50.000000
-14.791000 -22.562000 0.842000 94.000000 93.000000 98.000000
-14.813000 -22.552000 0.861000 94.000000 100.000000 98.000000
-14.786000 -22.569000 0.845000 111.000000 110.000000 118.000000
-14.756000 -22.589000 0.829000 39.000000 40.000000 42.000000
-14.903000 -22.436000 0.812000 42.000000 45.000000 52.000000
-14.762000 -22.631000 0.912000 55.000000 60.000000 63.000000
-14.832000 -22.511000 0.822000 13.000000 14.000000 16.000000
-14.815000 -22.564000 0.885000 107.000000 111.000000 112.000000
-14.802000 -22.586000 0.902000 118.000000 128.000000 129.000000
-14.785000 -22.595000 0.889000 102.000000 108.000000 108.000000
-14.807000 -22.580000 0.900000 111.000000 120.000000 119.000000
-14.837000 -22.513000 0.834000 47.000000 48.000000 50.000000
-14.866000 -22.492000 0.846000 96.000000 104.000000 107.000000
-14.873000 -22.477000 0.832000 11.000000 15.000000 16.000000
-14.858000 -22.482000 0.815000 31.000000 31.000000 41.000000
-14.834000 -22.505000 0.814000 38.000000 42.000000 45.000000
-14.805000 -22.552000 0.848000 92.000000 98.000000 96.000000
-14.746000 -22.590000 0.815000 72.000000 77.000000 80.000000
-14.860000 -22.489000 0.830000 14.000000 15.000000 20.000000
-14.861000 -22.480000 0.817000 29.000000 29.000000 39.000000
-14.836000 -22.497000 0.804000 17.000000 20.000000 25.000000
-14.832000 -22.510000 0.820000 25.000000 26.000000 30.000000
-14.750000 -22.610000 0.855000 96.000000 102.000000 98.000000
-14.800000 -22.571000 0.872000 95.000000 100.000000 96.000000
-14.852000 -22.487000 0.813000 29.000000 29.000000 39.000000
-14.770000 -22.613000 0.895000 100.000000 104.000000 103.000000
-14.770000 -22.582000 0.841000 99.000000 88.000000 92.000000
-14.890000 -22.455000 0.821000 44.000000 45.000000 50.000000
-14.798000 -22.590000 0.902000 113.000000 121.000000 123.000000
-14.809000 -22.557000 0.862000 93.000000 98.000000 94.000000
-14.767000 -22.586000 0.842000 73.000000 69.000000 68.000000
-14.804000 -22.579000 0.893000 105.000000 109.000000 110.000000
-14.843000 -22.518000 0.853000 88.000000 98.000000 99.000000
-14.773000 -22.606000 0.888000 99.000000 104.000000 100.000000
-14.792000 -22.549000 0.821000 13.000000 13.000000 15.000000
-14.739000 -22.617000 0.850000 103.000000 112.000000 111.000000
-14.769000 -22.613000 0.892000 103.000000 108.000000 104.000000
-14.744000 -22.594000 0.818000 96.000000 102.000000 102.000000
-14.808000 -22.570000 0.884000 109.000000 111.000000 108.000000
-14.753000 -22.617000 0.873000 100.000000 109.000000 104.000000
-14.807000 -22.547000 0.843000 97.000000 102.000000 105.000000
-14.786000 -22.562000 0.833000 96.000000 94.000000 97.000000
-14.793000 -22.558000 0.837000 105.000000 105.000000 107.000000
-14.900000 -22.452000 0.834000 11.000000 15.000000 16.000000
-14.764000 -22.607000 0.875000 101.000000 106.000000 100.000000
-14.849000 -22.489000 0.812000 29.000000 29.000000 39.000000
-14.744000 -22.590000 0.811000 88.000000 92.000000 95.000000
-14.906000 -22.443000 0.828000 14.000000 14.000000 22.000000
-14.792000 -22.563000 0.846000 90.000000 93.000000 98.000000
-14.811000 -22.533000 0.824000 9.000000 10.000000 12.000000
-14.815000 -22.527000 0.822000 15.000000 16.000000 18.000000
-14.827000 -22.511000 0.814000 43.000000 47.000000 50.000000
-14.765000 -22.611000 0.883000 101.000000 106.000000 100.000000
-14.903000 -22.440000 0.817000 51.000000 55.000000 58.000000
-14.787000 -22.565000 0.839000 105.000000 103.000000 108.000000
-14.778000 -22.568000 0.830000 38.000000 33.000000 37.000000
-14.822000 -22.556000 0.883000 106.000000 110.000000 111.000000
-14.895000 -22.444000 0.811000 38.000000 41.000000 46.000000
-14.887000 -22.463000 0.831000 9.000000 13.000000 14.000000
-14.804000 -22.559000 0.858000 92.000000 97.000000 93.000000
-14.891000 -22.455000 0.823000 28.000000 28.000000 36.000000
-14.835000 -22.536000 0.870000 91.000000 95.000000 96.000000
-14.804000 -22.535000 0.818000 16.000000 16.000000 18.000000
-14.896000 -22.449000 0.822000 39.000000 40.000000 45.000000
-14.759000 -22.580000 0.818000 12.000000 13.000000 15.000000
-14.793000 -22.566000 0.852000 92.000000 95.000000 100.000000
-14.809000 -22.566000 0.879000 107.000000 109.000000 106.000000
-14.848000 -22.510000 0.847000 96.000000 104.000000 107.000000
-14.750000 -22.612000 0.860000 100.000000 106.000000 102.000000
-14.849000 -22.493000 0.821000 19.000000 18.000000 23.000000
-14.885000 -22.457000 0.816000 48.000000 52.000000 55.000000
-14.763000 -22.628000 0.908000 51.000000 59.000000 61.000000
-14.763000 -22.601000 0.862000 102.000000 104.000000 99.000000
-14.821000 -22.540000 0.854000 93.000000 101.000000 103.000000
-14.747000 -22.591000 0.818000 81.000000 86.000000 89.000000
-14.846000 -22.495000 0.817000 20.000000 24.000000 27.000000
-14.749000 -22.608000 0.850000 95.000000 100.000000 96.000000
-14.805000 -22.562000 0.865000 87.000000 92.000000 86.000000
-14.832000 -22.520000 0.838000 107.000000 113.000000 113.000000
-14.730000 -22.609000 0.820000 110.000000 116.000000 114.000000
-14.785000 -22.557000 0.823000 6.000000 6.000000 8.000000
-14.821000 -22.521000 0.820000 21.000000 25.000000 26.000000
-14.779000 -22.593000 0.876000 106.000000 106.000000 104.000000
-14.854000 -22.493000 0.828000 18.000000 17.000000 23.000000
-14.807000 -22.534000 0.820000 12.000000 12.000000 14.000000
-14.816000 -22.528000 0.823000 13.000000 17.000000 18.000000
-14.789000 -22.543000 0.807000 20.000000 21.000000 26.000000
-14.777000 -22.598000 0.879000 105.000000 105.000000 105.000000
-14.770000 -22.617000 0.903000 117.000000 121.000000 122.000000
-14.825000 -22.552000 0.882000 106.000000 110.000000 109.000000
-14.750000 -22.595000 0.830000 105.000000 114.000000 113.000000
-14.842000 -22.512000 0.841000 109.000000 113.000000 116.000000
-14.756000 -22.628000 0.897000 111.000000 123.000000 121.000000
-14.828000 -22.537000 0.862000 95.000000 101.000000 101.000000
-14.809000 -22.578000 0.900000 105.000000 114.000000 113.000000
-14.902000 -22.444000 0.823000 38.000000 42.000000 45.000000
-14.882000 -22.464000 0.825000 21.000000 22.000000 24.000000
-14.819000 -22.515000 0.807000 22.000000 27.000000 30.000000
-14.829000 -22.513000 0.821000 12.000000 16.000000 17.000000
-14.793000 -22.545000 0.815000 21.000000 21.000000 23.000000
-14.755000 -22.617000 0.876000 103.000000 109.000000 105.000000
-14.824000 -22.534000 0.848000 93.000000 103.000000 104.000000
-14.873000 -22.475000 0.829000 8.000000 12.000000 13.000000
-14.731000 -22.602000 0.810000 105.000000 105.000000 105.000000
-14.819000 -22.561000 0.887000 108.000000 112.000000 113.000000
-14.780000 -22.604000 0.896000 98.000000 103.000000 106.000000
-14.903000 -22.434000 0.809000 46.000000 50.000000 59.000000
-14.884000 -22.449000 0.804000 24.000000 29.000000 35.000000
-14.911000 -22.423000 0.809000 54.000000 64.000000 66.000000
-14.936000 -22.411000 0.805000 88.000000 91.000000 84.000000
-14.976000 -22.446000 0.835000 155.000000 165.000000 166.000000
-15.016000 -22.450000 0.828000 102.000000 107.000000 101.000000
-14.990000 -22.440000 0.824000 104.000000 110.000000 106.000000
-15.020000 -22.454000 0.832000 103.000000 108.000000 104.000000
-15.014000 -22.466000 0.847000 130.000000 138.000000 141.000000
-15.043000 -22.514000 0.893000 45.000000 48.000000 55.000000
-14.936000 -22.420000 0.816000 121.000000 131.000000 133.000000
-15.019000 -22.472000 0.853000 110.000000 118.000000 120.000000
-15.026000 -22.436000 0.811000 126.000000 124.000000 111.000000
-15.014000 -22.464000 0.845000 137.000000 145.000000 148.000000
-15.035000 -22.479000 0.857000 105.000000 108.000000 113.000000
-14.943000 -22.433000 0.829000 126.000000 139.000000 148.000000
-14.993000 -22.426000 0.809000 93.000000 93.000000 83.000000
-15.015000 -22.451000 0.830000 102.000000 107.000000 101.000000
-15.009000 -22.435000 0.815000 88.000000 91.000000 80.000000
-15.038000 -22.496000 0.874000 101.000000 106.000000 100.000000
-14.972000 -22.452000 0.842000 105.000000 115.000000 116.000000
-14.994000 -22.458000 0.843000 127.000000 135.000000 138.000000
-15.008000 -22.485000 0.870000 103.000000 102.000000 98.000000
-15.008000 -22.466000 0.849000 118.000000 126.000000 128.000000
-15.018000 -22.445000 0.822000 85.000000 88.000000 79.000000
-15.011000 -22.457000 0.838000 119.000000 127.000000 129.000000
-15.015000 -22.449000 0.829000 102.000000 107.000000 101.000000
-14.961000 -22.418000 0.807000 75.000000 75.000000 65.000000
-14.981000 -22.453000 0.841000 117.000000 125.000000 128.000000
-14.998000 -22.474000 0.860000 99.000000 103.000000 102.000000
-15.003000 -22.428000 0.808000 99.000000 99.000000 89.000000
-14.980000 -22.451000 0.839000 135.000000 145.000000 147.000000
-14.961000 -22.430000 0.820000 101.000000 109.000000 111.000000
-14.997000 -22.445000 0.828000 98.000000 107.000000 104.000000
-15.044000 -22.514000 0.892000 43.000000 46.000000 51.000000
-15.026000 -22.494000 0.875000 105.000000 108.000000 101.000000
-14.991000 -22.473000 0.861000 97.000000 101.000000 100.000000
-15.031000 -22.467000 0.844000 109.000000 113.000000 114.000000
-14.952000 -22.426000 0.818000 99.000000 107.000000 109.000000
-14.949000 -22.426000 0.819000 110.000000 120.000000 122.000000
-15.012000 -22.446000 0.825000 93.000000 98.000000 92.000000
-15.019000 -22.472000 0.853000 106.000000 114.000000 116.000000
-14.988000 -22.448000 0.834000 150.000000 160.000000 161.000000
-14.984000 -22.427000 0.811000 76.000000 81.000000 74.000000
-14.983000 -22.455000 0.842000 126.000000 134.000000 137.000000
-14.975000 -22.445000 0.833000 155.000000 165.000000 166.000000
-14.934000 -22.418000 0.814000 110.000000 120.000000 121.000000
-14.991000 -22.472000 0.860000 95.000000 99.000000 98.000000
-14.948000 -22.415000 0.808000 92.000000 95.000000 86.000000
-14.996000 -22.475000 0.861000 101.000000 105.000000 104.000000
-14.963000 -22.444000 0.835000 116.000000 127.000000 131.000000
-14.995000 -22.460000 0.845000 127.000000 135.000000 138.000000
-14.960000 -22.435000 0.826000 136.000000 147.000000 151.000000
-15.028000 -22.487000 0.867000 98.000000 100.000000 95.000000
-14.987000 -22.451000 0.838000 160.000000 170.000000 171.000000
-15.017000 -22.468000 0.848000 117.000000 127.000000 126.000000
-15.005000 -22.455000 0.837000 132.000000 140.000000 142.000000
-15.013000 -22.447000 0.826000 99.000000 105.000000 101.000000
-15.034000 -22.508000 0.889000 41.000000 44.000000 49.000000
-14.936000 -22.426000 0.823000 139.000000 152.000000 161.000000
-14.967000 -22.448000 0.839000 101.000000 111.000000 112.000000
-15.034000 -22.440000 0.814000 97.000000 95.000000 83.000000
-14.937000 -22.423000 0.819000 133.000000 144.000000 148.000000
-14.986000 -22.430000 0.814000 76.000000 81.000000 74.000000
-15.017000 -22.453000 0.832000 103.000000 108.000000 104.000000
-15.027000 -22.493000 0.874000 105.000000 108.000000 101.000000
-15.006000 -22.451000 0.833000 100.000000 109.000000 108.000000
-15.037000 -22.498000 0.877000 101.000000 106.000000 102.000000
-14.936000 -22.415000 0.810000 96.000000 105.000000 102.000000
-14.965000 -22.427000 0.816000 98.000000 102.000000 101.000000
-15.004000 -22.453000 0.835000 114.000000 122.000000 124.000000
-15.037000 -22.453000 0.827000 79.000000 78.000000 73.000000
-14.959000 -22.418000 0.808000 83.000000 85.000000 74.000000
-14.977000 -22.422000 0.808000 89.000000 86.000000 79.000000
-15.014000 -22.453000 0.833000 103.000000 109.000000 107.000000
-14.963000 -22.450000 0.842000 99.000000 109.000000 110.000000
-15.041000 -22.474000 0.849000 106.000000 110.000000 109.000000
-15.018000 -22.490000 0.873000 99.000000 100.000000 94.000000
-14.947000 -22.429000 0.823000 134.000000 145.000000 151.000000
-14.989000 -22.426000 0.809000 91.000000 88.000000 81.000000
-14.969000 -22.448000 0.838000 106.000000 116.000000 117.000000
-15.047000 -22.517000 0.895000 68.000000 73.000000 79.000000
-14.929000 -22.504000 0.881000 96.000000 101.000000 97.000000
-14.967000 -22.506000 0.884000 87.000000 91.000000 90.000000
-14.955000 -22.465000 0.853000 103.000000 109.000000 107.000000
-14.942000 -22.523000 0.895000 42.000000 43.000000 48.000000
-14.990000 -22.478000 0.864000 105.000000 107.000000 104.000000
-14.958000 -22.522000 0.895000 36.000000 37.000000 42.000000
-14.950000 -22.506000 0.884000 80.000000 85.000000 81.000000
-14.995000 -22.484000 0.869000 107.000000 109.000000 106.000000
-14.949000 -22.453000 0.844000 103.000000 112.000000 111.000000
-15.021000 -22.519000 0.897000 35.000000 38.000000 43.000000
-14.974000 -22.486000 0.870000 106.000000 108.000000 105.000000
-14.952000 -22.471000 0.858000 100.000000 104.000000 103.000000
-14.937000 -22.468000 0.855000 99.000000 104.000000 107.000000
-14.941000 -22.504000 0.881000 95.000000 100.000000 94.000000
-15.041000 -22.519000 0.897000 83.000000 88.000000 94.000000
-14.961000 -22.499000 0.879000 95.000000 100.000000 94.000000
-14.925000 -22.451000 0.841000 112.000000 117.000000 120.000000
-14.933000 -22.507000 0.883000 94.000000 99.000000 95.000000
-14.926000 -22.482000 0.865000 89.000000 94.000000 97.000000
-14.990000 -22.494000 0.877000 96.000000 98.000000 95.000000
-14.929000 -22.472000 0.857000 98.000000 103.000000 106.000000
-14.964000 -22.516000 0.891000 36.000000 37.000000 41.000000
-14.926000 -22.511000 0.886000 92.000000 94.000000 91.000000
-15.002000 -22.495000 0.878000 100.000000 104.000000 105.000000
-14.951000 -22.519000 0.893000 40.000000 41.000000 45.000000
-14.938000 -22.506000 0.883000 94.000000 99.000000 93.000000
-14.930000 -22.486000 0.867000 91.000000 95.000000 98.000000
-14.929000 -22.465000 0.852000 102.000000 107.000000 110.000000
-14.952000 -22.458000 0.848000 101.000000 110.000000 107.000000
-14.952000 -22.453000 0.844000 100.000000 108.000000 110.000000
-14.966000 -22.510000 0.887000 59.000000 63.000000 64.000000
-14.950000 -22.498000 0.877000 95.000000 100.000000 94.000000
-14.964000 -22.513000 0.889000 30.000000 34.000000 35.000000
-14.990000 -22.511000 0.889000 32.000000 33.000000 37.000000
-14.944000 -22.441000 0.835000 92.000000 103.000000 109.000000
-15.015000 -22.517000 0.895000 37.000000 40.000000 45.000000
-15.023000 -22.511000 0.891000 44.000000 48.000000 51.000000
-14.969000 -22.522000 0.896000 47.000000 50.000000 55.000000
-14.982000 -22.505000 0.884000 105.000000 106.000000 108.000000
-14.973000 -22.506000 0.884000 91.000000 93.000000 92.000000
-14.967000 -22.462000 0.851000 98.000000 106.000000 108.000000
-14.935000 -22.516000 0.890000 75.000000 77.000000 76.000000
-14.992000 -22.497000 0.879000 101.000000 103.000000 100.000000
-14.983000 -22.505000 0.884000 105.000000 106.000000 108.000000
-14.931000 -22.426000 0.823000 135.000000 148.000000 157.000000
-15.006000 -22.515000 0.893000 48.000000 52.000000 55.000000
-14.957000 -22.487000 0.870000 103.000000 105.000000 102.000000
-14.938000 -22.507000 0.884000 91.000000 96.000000 90.000000
-14.975000 -22.522000 0.897000 45.000000 48.000000 55.000000
-14.999000 -22.516000 0.894000 48.000000 49.000000 53.000000
-14.952000 -22.443000 0.837000 98.000000 107.000000 112.000000
-14.933000 -22.493000 0.873000 101.000000 106.000000 102.000000
-14.924000 -22.502000 0.879000 97.000000 102.000000 98.000000
-14.954000 -22.492000 0.873000 101.000000 103.000000 100.000000
-14.973000 -22.504000 0.883000 99.000000 101.000000 100.000000
-14.997000 -22.492000 0.876000 97.000000 99.000000 96.000000
-14.990000 -22.501000 0.882000 99.000000 101.000000 100.000000
-14.966000 -22.466000 0.854000 100.000000 106.000000 106.000000
-14.933000 -22.517000 0.891000 83.000000 85.000000 84.000000
-14.989000 -22.523000 0.898000 47.000000 50.000000 59.000000
-15.001000 -22.485000 0.870000 99.000000 101.000000 98.000000
-14.927000 -22.441000 0.834000 77.000000 86.000000 93.000000
-14.935000 -22.502000 0.880000 97.000000 102.000000 98.000000
-15.013000 -22.499000 0.881000 102.000000 106.000000 105.000000
-14.979000 -22.472000 0.859000 94.000000 98.000000 97.000000
-15.009000 -22.517000 0.895000 41.000000 44.000000 49.000000
-14.928000 -22.523000 0.895000 62.000000 63.000000 65.000000
-14.947000 -22.449000 0.841000 100.000000 110.000000 112.000000
-14.991000 -22.475000 0.862000 99.000000 103.000000 102.000000
-14.928000 -22.493000 0.873000 99.000000 103.000000 102.000000
-14.947000 -22.498000 0.878000 98.000000 103.000000 99.000000
-14.972000 -22.497000 0.878000 95.000000 100.000000 96.000000
-14.971000 -22.523000 0.897000 47.000000 50.000000 57.000000
-14.962000 -22.493000 0.874000 101.000000 103.000000 100.000000
-14.947000 -22.448000 0.840000 100.000000 110.000000 112.000000
-14.969000 -22.519000 0.894000 44.000000 47.000000 52.000000
-14.965000 -22.502000 0.881000 91.000000 96.000000 92.000000
-14.958000 -22.512000 0.889000 58.000000 62.000000 63.000000
-15.000000 -22.518000 0.895000 48.000000 51.000000 56.000000
-14.966000 -22.475000 0.861000 94.000000 96.000000 93.000000
-14.970000 -22.457000 0.848000 106.000000 114.000000 116.000000
-14.928000 -22.435000 0.830000 102.000000 114.000000 126.000000
-15.050000 -22.509000 0.882000 70.000000 74.000000 77.000000
-15.065000 -22.489000 0.844000 107.000000 108.000000 112.000000
-15.055000 -22.491000 0.856000 112.000000 114.000000 113.000000
-15.056000 -22.470000 0.829000 105.000000 107.000000 102.000000
-15.062000 -22.499000 0.859000 96.000000 98.000000 95.000000
-15.045000 -22.470000 0.841000 108.000000 110.000000 109.000000
-15.067000 -22.465000 0.813000 94.000000 94.000000 86.000000
-15.053000 -22.487000 0.852000 108.000000 109.000000 113.000000
-15.049000 -22.512000 0.887000 43.000000 46.000000 53.000000
-15.048000 -22.467000 0.835000 106.000000 108.000000 105.000000
-15.067000 -22.477000 0.827000 106.000000 107.000000 102.000000
-15.058000 -22.482000 0.841000 108.000000 110.000000 107.000000
-15.060000 -22.460000 0.814000 93.000000 93.000000 83.000000
-15.053000 -22.456000 0.816000 94.000000 94.000000 84.000000
-15.046000 -22.448000 0.813000 98.000000 96.000000 84.000000
-15.053000 -22.479000 0.844000 106.000000 112.000000 110.000000
-15.044000 -22.475000 0.847000 106.000000 110.000000 109.000000
-15.055000 -22.499000 0.866000 97.000000 99.000000 96.000000
-15.051000 -22.501000 0.872000 102.000000 106.000000 105.000000
-15.044000 -22.464000 0.835000 106.000000 108.000000 105.000000
-15.063000 -22.488000 0.845000 106.000000 107.000000 111.000000
-15.049000 -22.498000 0.870000 103.000000 105.000000 102.000000
-15.051000 -22.473000 0.839000 107.000000 112.000000 108.000000
-15.050000 -22.499000 0.871000 106.000000 108.000000 107.000000
-15.052000 -22.483000 0.849000 109.000000 111.000000 108.000000
-15.044000 -22.484000 0.858000 110.000000 111.000000 113.000000
-15.070000 -22.467000 0.813000 94.000000 94.000000 86.000000
-15.052000 -22.460000 0.822000 79.000000 79.000000 71.000000
-15.048000 -22.511000 0.887000 46.000000 49.000000 56.000000
-15.061000 -22.482000 0.839000 109.000000 111.000000 108.000000
-15.057000 -22.488000 0.850000 108.000000 109.000000 113.000000
-14.892000 -22.486000 0.882000 97.000000 103.000000 101.000000
-14.829000 -22.516000 0.933000 45.000000 52.000000 60.000000
-14.881000 -22.506000 0.902000 84.000000 86.000000 85.000000
-14.851000 -22.498000 0.910000 86.000000 90.000000 89.000000
-14.878000 -22.488000 0.890000 97.000000 99.000000 98.000000
-14.894000 -22.452000 0.856000 101.000000 106.000000 109.000000
-14.844000 -22.513000 0.924000 65.000000 68.000000 75.000000
-14.880000 -22.519000 0.912000 47.000000 51.000000 54.000000
-14.919000 -22.476000 0.862000 98.000000 103.000000 106.000000
-14.919000 -22.453000 0.845000 107.000000 113.000000 113.000000
-14.861000 -22.505000 0.911000 72.000000 76.000000 75.000000
-14.863000 -22.486000 0.895000 98.000000 99.000000 101.000000
-14.881000 -22.491000 0.891000 101.000000 103.000000 102.000000
-14.922000 -22.492000 0.873000 95.000000 99.000000 98.000000
-14.906000 -22.464000 0.859000 96.000000 104.000000 106.000000
-14.903000 -22.458000 0.857000 102.000000 107.000000 110.000000
-14.916000 -22.504000 0.884000 96.000000 101.000000 97.000000
-14.853000 -22.499000 0.909000 85.000000 89.000000 88.000000
-14.868000 -22.487000 0.893000 99.000000 100.000000 102.000000
-14.866000 -22.497000 0.902000 95.000000 97.000000 94.000000
-14.873000 -22.483000 0.889000 97.000000 101.000000 102.000000
-14.878000 -22.486000 0.888000 97.000000 101.000000 102.000000
-14.914000 -22.483000 0.869000 85.000000 93.000000 95.000000
-14.856000 -22.516000 0.920000 54.000000 57.000000 62.000000
-14.876000 -22.503000 0.902000 86.000000 88.000000 85.000000
-14.891000 -22.511000 0.901000 83.000000 85.000000 84.000000
-14.864000 -22.511000 0.914000 47.000000 51.000000 52.000000
-14.836000 -22.514000 0.928000 39.000000 43.000000 52.000000
-14.893000 -22.465000 0.866000 96.000000 104.000000 106.000000
-14.870000 -22.494000 0.898000 96.000000 98.000000 97.000000
-14.924000 -22.485000 0.866000 89.000000 94.000000 97.000000
-14.917000 -22.509000 0.887000 94.000000 96.000000 93.000000
-14.898000 -22.495000 0.886000 97.000000 102.000000 98.000000
-14.862000 -22.500000 0.906000 88.000000 90.000000 85.000000
-14.925000 -22.422000 0.820000 135.000000 148.000000 157.000000
-14.923000 -22.462000 0.850000 103.000000 108.000000 111.000000
-14.921000 -22.440000 0.835000 64.000000 73.000000 78.000000
-14.897000 -22.505000 0.894000 94.000000 96.000000 93.000000
-14.872000 -22.472000 0.881000 90.000000 98.000000 100.000000
-14.896000 -22.467000 0.866000 96.000000 104.000000 106.000000
-14.915000 -22.439000 0.837000 68.000000 75.000000 85.000000
-14.842000 -22.501000 0.916000 64.000000 70.000000 70.000000
-14.888000 -22.461000 0.866000 94.000000 102.000000 104.000000
-14.903000 -22.475000 0.869000 91.000000 99.000000 101.000000
-14.919000 -22.522000 0.896000 76.000000 77.000000 79.000000
-14.886000 -22.503000 0.897000 91.000000 93.000000 92.000000
-14.865000 -22.491000 0.898000 97.000000 99.000000 98.000000
-14.895000 -22.487000 0.881000 97.000000 103.000000 101.000000
-14.880000 -22.496000 0.895000 95.000000 97.000000 94.000000
-14.872000 -22.495000 0.898000 95.000000 97.000000 96.000000
-14.883000 -22.503000 0.899000 88.000000 90.000000 89.000000
-14.920000 -22.513000 0.889000 95.000000 97.000000 96.000000
-14.910000 -22.443000 0.842000 102.000000 107.000000 110.000000
-14.846000 -22.517000 0.926000 45.000000 48.000000 55.000000
-14.919000 -22.489000 0.871000 92.000000 96.000000 95.000000
-14.890000 -22.458000 0.862000 97.000000 105.000000 107.000000
-14.895000 -22.519000 0.905000 56.000000 61.000000 65.000000
-14.855000 -22.510000 0.917000 40.000000 44.000000 47.000000
-14.904000 -22.455000 0.854000 103.000000 108.000000 111.000000
-14.911000 -22.484000 0.872000 91.000000 95.000000 96.000000
-14.910000 -22.488000 0.875000 93.000000 97.000000 98.000000
-14.878000 -22.492000 0.893000 98.000000 100.000000 99.000000
-14.923000 -22.467000 0.854000 99.000000 104.000000 107.000000
-14.828000 -22.514000 0.932000 41.000000 48.000000 54.000000
-14.840000 -22.512000 0.925000 57.000000 61.000000 70.000000
-14.884000 -22.496000 0.893000 96.000000 98.000000 95.000000
-14.873000 -22.508000 0.908000 78.000000 82.000000 83.000000
-14.912000 -22.486000 0.873000 91.000000 95.000000 96.000000
-14.906000 -22.462000 0.858000 100.000000 105.000000 108.000000
-14.918000 -22.452000 0.845000 107.000000 113.000000 113.000000
-14.922000 -22.471000 0.857000 98.000000 103.000000 106.000000
-14.901000 -22.448000 0.850000 108.000000 113.000000 116.000000
-14.974000 -22.535000 0.911000 67.000000 70.000000 79.000000
-15.001000 -22.580000 0.925000 14.000000 16.000000 15.000000
-14.956000 -22.543000 0.908000 90.000000 94.000000 103.000000
-15.067000 -22.576000 0.942000 33.000000 38.000000 42.000000
-15.008000 -22.623000 0.933000 14.000000 14.000000 16.000000
-14.960000 -22.623000 0.921000 18.000000 18.000000 18.000000
-15.053000 -22.585000 0.939000 23.000000 27.000000 30.000000
-14.987000 -22.694000 0.938000 79.000000 78.000000 76.000000
-14.958000 -22.614000 0.918000 21.000000 22.000000 24.000000
-15.031000 -22.594000 0.935000 29.000000 29.000000 29.000000
-14.998000 -22.645000 0.934000 12.000000 12.000000 14.000000
-15.042000 -22.543000 0.930000 47.000000 52.000000 58.000000
-15.004000 -22.588000 0.927000 14.000000 14.000000 14.000000
-15.031000 -22.579000 0.933000 25.000000 26.000000 30.000000
-15.019000 -22.607000 0.934000 15.000000 15.000000 17.000000
-14.980000 -22.606000 0.923000 12.000000 13.000000 17.000000
-14.994000 -22.586000 0.924000 13.000000 14.000000 18.000000
-14.975000 -22.609000 0.922000 12.000000 11.000000 17.000000
-14.969000 -22.535000 0.910000 78.000000 81.000000 90.000000
-15.037000 -22.553000 0.931000 48.000000 52.000000 61.000000
-14.975000 -22.574000 0.917000 22.000000 25.000000 30.000000
-14.968000 -22.625000 0.923000 15.000000 15.000000 15.000000
-14.958000 -22.594000 0.916000 28.000000 31.000000 36.000000
-14.977000 -22.551000 0.914000 43.000000 47.000000 56.000000
-14.993000 -22.669000 0.936000 15.000000 15.000000 15.000000
-15.056000 -22.578000 0.939000 56.000000 59.000000 64.000000
-14.979000 -22.631000 0.926000 15.000000 13.000000 14.000000
-14.994000 -22.571000 0.922000 17.000000 20.000000 25.000000
-14.994000 -22.631000 0.930000 16.000000 16.000000 18.000000
-15.045000 -22.553000 0.933000 44.000000 49.000000 55.000000
-15.044000 -22.622000 0.943000 52.000000 56.000000 57.000000
-15.047000 -22.595000 0.939000 9.000000 11.000000 10.000000
-15.032000 -22.575000 0.932000 18.000000 19.000000 23.000000
-14.982000 -22.615000 0.925000 13.000000 12.000000 17.000000
-15.017000 -22.615000 0.934000 15.000000 15.000000 17.000000
-15.038000 -22.558000 0.931000 44.000000 48.000000 57.000000
-15.016000 -22.665000 0.941000 67.000000 69.000000 66.000000
-15.051000 -22.613000 0.943000 43.000000 44.000000 46.000000
-15.030000 -22.582000 0.933000 29.000000 30.000000 32.000000
-14.982000 -22.663000 0.932000 14.000000 14.000000 14.000000
-15.050000 -22.618000 0.943000 52.000000 53.000000 55.000000
-15.021000 -22.649000 0.940000 41.000000 41.000000 41.000000
-14.959000 -22.604000 0.917000 21.000000 22.000000 27.000000
-15.095000 -22.555000 0.946000 60.000000 67.000000 75.000000
-14.970000 -22.576000 0.916000 27.000000 30.000000 37.000000
-14.980000 -22.593000 0.921000 17.000000 18.000000 22.000000
-15.009000 -22.612000 0.932000 17.000000 17.000000 19.000000
-14.958000 -22.568000 0.912000 51.000000 56.000000 62.000000
-14.970000 -22.539000 0.911000 86.000000 89.000000 98.000000
-15.053000 -22.577000 0.938000 58.000000 61.000000 66.000000
-15.097000 -22.551000 0.946000 59.000000 66.000000 72.000000
-14.963000 -22.607000 0.919000 22.000000 23.000000 28.000000
-14.963000 -22.622000 0.921000 17.000000 17.000000 19.000000
-15.080000 -22.552000 0.942000 65.000000 72.000000 78.000000
-15.046000 -22.551000 0.933000 42.000000 47.000000 53.000000
-14.992000 -22.670000 0.936000 15.000000 15.000000 15.000000
-15.017000 -22.600000 0.932000 13.000000 13.000000 13.000000
-14.943000 -22.574000 0.909000 73.000000 78.000000 84.000000
-15.005000 -22.546000 0.921000 35.000000 38.000000 47.000000
-15.028000 -22.559000 0.929000 34.000000 37.000000 46.000000
-14.989000 -22.644000 0.931000 16.000000 16.000000 18.000000
-15.008000 -22.544000 0.922000 36.000000 39.000000 48.000000
-15.031000 -22.566000 0.931000 31.000000 34.000000 43.000000
-14.960000 -22.616000 0.919000 20.000000 21.000000 23.000000
-15.041000 -22.628000 0.943000 49.000000 53.000000 56.000000
-14.999000 -22.685000 0.940000 61.000000 61.000000 61.000000
-14.983000 -22.557000 0.917000 33.000000 37.000000 46.000000
-14.994000 -22.602000 0.926000 14.000000 15.000000 19.000000
-14.977000 -22.557000 0.915000 38.000000 43.000000 49.000000
-14.997000 -22.663000 0.936000 13.000000 13.000000 13.000000
-14.952000 -22.557000 0.909000 93.000000 96.000000 103.000000
-14.965000 -22.566000 0.913000 43.000000 48.000000 54.000000
-15.044000 -22.577000 0.936000 26.000000 27.000000 32.000000
-15.028000 -22.572000 0.931000 19.000000 20.000000 24.000000
-15.035000 -22.599000 0.937000 19.000000 19.000000 19.000000
-15.048000 -22.552000 0.933000 44.000000 49.000000 55.000000
-14.992000 -22.655000 0.934000 12.000000 12.000000 14.000000
-14.993000 -22.593000 0.925000 13.000000 14.000000 18.000000
-15.000000 -22.546000 0.920000 34.000000 37.000000 46.000000
-15.090000 -22.564000 0.946000 46.000000 53.000000 61.000000
-15.008000 -22.642000 0.936000 9.000000 9.000000 11.000000
-15.050000 -22.563000 0.936000 54.000000 59.000000 65.000000
-14.962000 -22.558000 0.911000 56.000000 61.000000 67.000000
-15.070000 -22.553000 0.939000 112.000000 119.000000 125.000000
-15.004000 -22.546000 0.921000 35.000000 38.000000 47.000000
-14.997000 -22.613000 0.929000 16.000000 16.000000 18.000000
-14.999000 -22.621000 0.930000 18.000000 18.000000 20.000000
-15.007000 -22.576000 0.926000 12.000000 14.000000 13.000000
-14.947000 -22.587000 0.912000 42.000000 47.000000 53.000000
-14.957000 -22.550000 0.909000 97.000000 101.000000 110.000000
-15.010000 -22.563000 0.925000 24.000000 26.000000 38.000000
-14.998000 -22.633000 0.932000 16.000000 16.000000 18.000000
-15.047000 -22.603000 0.941000 7.000000 9.000000 8.000000
-14.966000 -22.538000 0.909000 95.000000 98.000000 107.000000
-14.997000 -22.622000 0.930000 17.000000 17.000000 19.000000
-15.056000 -22.576000 0.939000 58.000000 61.000000 66.000000
-14.994000 -22.562000 0.920000 18.000000 21.000000 26.000000
-15.052000 -22.613000 0.943000 49.000000 50.000000 52.000000
-14.966000 -22.571000 0.914000 35.000000 40.000000 46.000000
-15.015000 -22.664000 0.941000 64.000000 64.000000 64.000000
-14.971000 -22.592000 0.919000 21.000000 22.000000 27.000000
-15.050000 -22.562000 0.935000 54.000000 59.000000 65.000000
-15.042000 -22.576000 0.935000 26.000000 27.000000 32.000000
-14.937000 -22.545000 0.903000 46.000000 49.000000 56.000000
-15.046000 -22.552000 0.933000 44.000000 49.000000 55.000000
-15.002000 -22.668000 0.938000 34.000000 34.000000 34.000000
-14.991000 -22.628000 0.929000 15.000000 15.000000 17.000000
-15.042000 -22.613000 0.941000 9.000000 10.000000 12.000000
-15.007000 -22.587000 0.928000 12.000000 12.000000 12.000000
-15.019000 -22.571000 0.928000 18.000000 19.000000 23.000000
-15.004000 -22.639000 0.935000 14.000000 14.000000 16.000000
-15.003000 -22.678000 0.940000 66.000000 66.000000 66.000000
-14.978000 -22.569000 0.917000 23.000000 26.000000 33.000000
-15.021000 -22.624000 0.937000 10.000000 10.000000 10.000000
-15.038000 -22.601000 0.938000 14.000000 14.000000 14.000000
-15.014000 -22.629000 0.936000 11.000000 11.000000 13.000000
-15.003000 -22.674000 0.939000 65.000000 65.000000 65.000000
-15.029000 -22.548000 0.928000 42.000000 46.000000 55.000000
-14.999000 -22.653000 0.935000 12.000000 12.000000 14.000000
-14.990000 -22.549000 0.918000 39.000000 43.000000 52.000000
-15.073000 -22.566000 0.942000 138.000000 143.000000 149.000000
-14.973000 -22.546000 0.913000 50.000000 53.000000 62.000000
-15.018000 -22.600000 0.932000 13.000000 13.000000 13.000000
-15.002000 -22.568000 0.923000 12.000000 15.000000 20.000000
-14.959000 -22.556000 0.910000 64.000000 67.000000 74.000000
-14.960000 -22.555000 0.911000 61.000000 66.000000 72.000000
-14.956000 -22.600000 0.916000 23.000000 26.000000 31.000000
-14.968000 -22.617000 0.922000 20.000000 20.000000 22.000000
-14.954000 -22.572000 0.911000 48.000000 53.000000 57.000000
-15.007000 -22.573000 0.925000 11.000000 12.000000 14.000000
-14.977000 -22.594000 0.921000 19.000000 20.000000 24.000000
-14.951000 -22.537000 0.905000 55.000000 58.000000 67.000000
-15.017000 -22.640000 0.938000 13.000000 13.000000 13.000000
-14.988000 -22.596000 0.924000 13.000000 14.000000 18.000000
-15.028000 -22.633000 0.940000 29.000000 29.000000 29.000000
-15.048000 -22.574000 0.936000 38.000000 39.000000 44.000000
-14.996000 -22.669000 0.937000 22.000000 22.000000 22.000000
-14.986000 -22.608000 0.925000 15.000000 14.000000 20.000000
-14.930000 -22.534000 0.900000 53.000000 56.000000 61.000000
-15.079000 -22.551000 0.941000 70.000000 77.000000 83.000000
-15.052000 -22.555000 0.935000 43.000000 48.000000 54.000000
-15.094000 -22.552000 0.945000 60.000000 67.000000 73.000000
-14.996000 -22.665000 0.936000 13.000000 13.000000 13.000000
-15.018000 -22.541000 0.924000 41.000000 43.000000 55.000000
-15.059000 -22.558000 0.937000 42.000000 47.000000 53.000000
-15.007000 -22.606000 0.930000 17.000000 17.000000 19.000000
-14.973000 -22.543000 0.912000 55.000000 58.000000 67.000000
-14.979000 -22.672000 0.933000 10.000000 8.000000 9.000000
-15.064000 -22.564000 0.939000 83.000000 88.000000 94.000000
-15.065000 -22.550000 0.937000 134.000000 141.000000 147.000000
-15.037000 -22.627000 0.941000 38.000000 42.000000 45.000000
-14.969000 -22.639000 0.925000 16.000000 14.000000 17.000000
-15.012000 -22.644000 0.937000 16.000000 16.000000 18.000000
-14.994000 -22.632000 0.931000 15.000000 15.000000 17.000000
-15.028000 -22.577000 0.932000 21.000000 22.000000 26.000000
-14.929000 -22.574000 0.909000 95.000000 99.000000 108.000000
-14.881000 -22.589000 0.914000 86.000000 91.000000 95.000000
-14.957000 -22.683000 0.936000 11.000000 11.000000 11.000000
-14.831000 -22.621000 0.925000 34.000000 37.000000 42.000000
-14.857000 -22.609000 0.920000 49.000000 52.000000 59.000000
-14.824000 -22.638000 0.929000 15.000000 19.000000 22.000000
-14.829000 -22.597000 0.918000 112.000000 117.000000 123.000000
-14.907000 -22.619000 0.921000 21.000000 22.000000 27.000000
-14.867000 -22.582000 0.913000 87.000000 91.000000 100.000000
-14.960000 -22.685000 0.936000 12.000000 12.000000 12.000000
-14.870000 -22.636000 0.927000 17.000000 18.000000 23.000000
-14.903000 -22.576000 0.910000 99.000000 107.000000 110.000000
-14.834000 -22.640000 0.929000 19.000000 18.000000 24.000000
-14.954000 -22.639000 0.925000 13.000000 13.000000 15.000000
-14.870000 -22.585000 0.914000 97.000000 102.000000 108.000000
-14.902000 -22.547000 0.903000 57.000000 60.000000 67.000000
-14.916000 -22.532000 0.898000 54.000000 58.000000 59.000000
-14.952000 -22.611000 0.918000 20.000000 21.000000 23.000000
-14.814000 -22.604000 0.921000 100.000000 105.000000 111.000000
-14.977000 -22.671000 0.932000 10.000000 8.000000 9.000000
-14.797000 -22.638000 0.930000 104.000000 105.000000 110.000000
-14.912000 -22.628000 0.923000 23.000000 22.000000 27.000000
-14.875000 -22.651000 0.931000 17.000000 14.000000 21.000000
-14.893000 -22.566000 0.908000 34.000000 38.000000 47.000000
-14.898000 -22.603000 0.918000 34.000000 37.000000 42.000000
-14.887000 -22.620000 0.922000 18.000000 21.000000 28.000000
-14.932000 -22.551000 0.903000 41.000000 44.000000 49.000000
-14.914000 -22.577000 0.910000 105.000000 110.000000 114.000000
-14.883000 -22.656000 0.932000 15.000000 15.000000 17.000000
-14.879000 -22.618000 0.922000 20.000000 23.000000 30.000000
-14.850000 -22.653000 0.932000 15.000000 15.000000 17.000000
-14.938000 -22.662000 0.931000 20.000000 19.000000 24.000000
-14.876000 -22.656000 0.932000 14.000000 12.000000 15.000000
-14.976000 -22.691000 0.937000 36.000000 35.000000 33.000000
-14.907000 -22.672000 0.935000 14.000000 14.000000 14.000000
-14.961000 -22.675000 0.934000 13.000000 12.000000 17.000000
-14.877000 -22.571000 0.910000 45.000000 50.000000 56.000000
-14.933000 -22.638000 0.925000 13.000000 11.000000 12.000000
-14.898000 -22.550000 0.904000 77.000000 82.000000 88.000000
-14.900000 -22.665000 0.933000 14.000000 14.000000 16.000000
-14.834000 -22.623000 0.925000 26.000000 29.000000 34.000000
-14.926000 -22.619000 0.920000 20.000000 21.000000 25.000000
-14.871000 -22.624000 0.924000 18.000000 21.000000 28.000000
-14.850000 -22.625000 0.925000 21.000000 26.000000 30.000000
-14.820000 -22.621000 0.925000 38.000000 43.000000 49.000000
-14.907000 -22.594000 0.915000 49.000000 54.000000 58.000000
-14.884000 -22.618000 0.922000 23.000000 26.000000 33.000000
-14.927000 -22.679000 0.936000 14.000000 14.000000 14.000000
-14.865000 -22.574000 0.911000 46.000000 50.000000 61.000000
-14.960000 -22.679000 0.935000 10.000000 10.000000 12.000000
-14.912000 -22.646000 0.928000 15.000000 15.000000 17.000000
-14.880000 -22.652000 0.931000 16.000000 15.000000 20.000000
-14.910000 -22.625000 0.923000 25.000000 24.000000 30.000000
-14.963000 -22.690000 0.938000 22.000000 22.000000 22.000000
-14.828000 -22.604000 0.920000 104.000000 109.000000 115.000000
-14.891000 -22.638000 0.927000 18.000000 18.000000 20.000000
-14.971000 -22.663000 0.930000 22.000000 22.000000 24.000000
-14.868000 -22.567000 0.909000 34.000000 37.000000 46.000000
-14.869000 -22.627000 0.925000 17.000000 20.000000 25.000000
-14.925000 -22.654000 0.930000 12.000000 12.000000 14.000000
-14.921000 -22.646000 0.928000 12.000000 12.000000 14.000000
-14.905000 -22.629000 0.924000 21.000000 20.000000 26.000000
-14.886000 -22.666000 0.934000 13.000000 13.000000 13.000000
-14.926000 -22.647000 0.928000 12.000000 12.000000 14.000000
-14.868000 -22.607000 0.919000 49.000000 52.000000 57.000000
-14.918000 -22.581000 0.911000 78.000000 83.000000 87.000000
-14.907000 -22.647000 0.929000 17.000000 17.000000 19.000000
-14.965000 -22.695000 0.939000 56.000000 56.000000 54.000000
-14.939000 -22.603000 0.916000 27.000000 30.000000 35.000000
-14.947000 -22.639000 0.925000 14.000000 14.000000 16.000000
-14.902000 -22.670000 0.935000 14.000000 14.000000 14.000000
-14.938000 -22.644000 0.927000 14.000000 14.000000 16.000000
-14.856000 -22.652000 0.932000 14.000000 12.000000 15.000000
-14.853000 -22.638000 0.928000 21.000000 20.000000 26.000000
-14.886000 -22.627000 0.924000 16.000000 19.000000 28.000000
-14.944000 -22.628000 0.922000 18.000000 18.000000 18.000000
-14.949000 -22.607000 0.917000 19.000000 20.000000 24.000000
-14.823000 -22.602000 0.920000 116.000000 121.000000 127.000000
-14.856000 -22.648000 0.931000 15.000000 13.000000 18.000000
-14.929000 -22.567000 0.907000 93.000000 97.000000 106.000000
-14.914000 -22.646000 0.928000 13.000000 13.000000 15.000000
-14.902000 -22.615000 0.920000 25.000000 26.000000 31.000000
-14.837000 -22.653000 0.933000 16.000000 16.000000 16.000000
-14.885000 -22.634000 0.926000 20.000000 23.000000 28.000000
-14.825000 -22.639000 0.929000 17.000000 18.000000 20.000000
-14.825000 -22.654000 0.933000 17.000000 19.000000 18.000000
-14.935000 -22.650000 0.928000 15.000000 15.000000 17.000000
-14.831000 -22.632000 0.927000 19.000000 23.000000 26.000000
-14.875000 -22.599000 0.917000 56.000000 60.000000 63.000000
-14.932000 -22.603000 0.916000 26.000000 29.000000 34.000000
-14.887000 -22.577000 0.911000 104.000000 109.000000 113.000000
-14.803000 -22.628000 0.927000 27.000000 32.000000 38.000000
-14.808000 -22.642000 0.931000 39.000000 40.000000 44.000000
-14.924000 -22.650000 0.929000 11.000000 11.000000 13.000000
-14.818000 -22.635000 0.929000 19.000000 23.000000 26.000000
-14.914000 -22.586000 0.912000 64.000000 69.000000 72.000000
-14.878000 -22.595000 0.916000 66.000000 71.000000 75.000000
-14.919000 -22.533000 0.899000 57.000000 58.000000 63.000000
-14.890000 -22.645000 0.929000 14.000000 13.000000 18.000000
-14.921000 -22.544000 0.901000 45.000000 49.000000 52.000000
-14.942000 -22.594000 0.914000 33.000000 38.000000 44.000000
-14.887000 -22.629000 0.925000 15.000000 18.000000 23.000000
-14.864000 -22.572000 0.911000 38.000000 41.000000 50.000000
-14.944000 -22.581000 0.910000 57.000000 62.000000 68.000000
-14.867000 -22.635000 0.927000 17.000000 18.000000 23.000000
-14.805000 -22.649000 0.933000 125.000000 126.000000 130.000000
-14.877000 -22.663000 0.934000 12.000000 12.000000 12.000000
-14.886000 -22.615000 0.921000 25.000000 28.000000 33.000000
-14.922000 -22.539000 0.900000 47.000000 50.000000 55.000000
-14.976000 -22.676000 0.933000 11.000000 9.000000 12.000000
-14.965000 -22.639000 0.924000 15.000000 13.000000 16.000000
-14.928000 -22.545000 0.901000 46.000000 50.000000 53.000000
-14.988000 -22.699000 0.939000 62.000000 61.000000 59.000000
-14.928000 -22.617000 0.920000 20.000000 21.000000 25.000000
-14.878000 -22.592000 0.915000 76.000000 81.000000 85.000000
-14.898000 -22.547000 0.903000 77.000000 82.000000 88.000000
-14.863000 -22.623000 0.924000 20.000000 25.000000 29.000000
-14.807000 -22.630000 0.928000 24.000000 29.000000 35.000000
-14.886000 -22.591000 0.915000 79.000000 84.000000 88.000000
-14.915000 -22.540000 0.900000 47.000000 53.000000 53.000000
-14.897000 -22.590000 0.914000 60.000000 65.000000 68.000000
-14.919000 -22.665000 0.933000 14.000000 13.000000 18.000000
-14.821000 -22.639000 0.930000 18.000000 22.000000 25.000000
-14.906000 -22.652000 0.930000 17.000000 16.000000 21.000000
-14.940000 -22.582000 0.910000 54.000000 59.000000 65.000000
-14.864000 -22.605000 0.919000 53.000000 56.000000 61.000000
-14.940000 -22.570000 0.907000 97.000000 102.000000 108.000000
-14.865000 -22.658000 0.933000 13.000000 11.000000 14.000000
-14.911000 -22.671000 0.935000 14.000000 14.000000 14.000000
-14.899000 -22.646000 0.929000 17.000000 17.000000 19.000000
-14.888000 -22.645000 0.929000 14.000000 13.000000 18.000000
-14.891000 -22.636000 0.926000 21.000000 21.000000 23.000000
-14.822000 -22.652000 0.933000 18.000000 19.000000 21.000000
-14.945000 -22.639000 0.925000 14.000000 14.000000 16.000000
-14.925000 -22.593000 0.914000 40.000000 43.000000 48.000000
-14.929000 -22.605000 0.917000 24.000000 27.000000 32.000000
-14.941000 -22.587000 0.912000 40.000000 45.000000 51.000000
-14.935000 -22.641000 0.926000 14.000000 14.000000 16.000000
-14.960000 -22.645000 0.926000 15.000000 13.000000 16.000000
-14.888000 -22.622000 0.923000 18.000000 21.000000 28.000000
-14.883000 -22.619000 0.922000 20.000000 23.000000 30.000000
-14.811000 -22.628000 0.927000 27.000000 30.000000 35.000000
-14.935000 -22.563000 0.906000 82.000000 85.000000 92.000000
-14.851000 -22.582000 0.914000 40.000000 43.000000 52.000000
-14.877000 -22.595000 0.916000 66.000000 71.000000 75.000000
-14.944000 -22.646000 0.927000 14.000000 14.000000 16.000000
-14.889000 -22.582000 0.912000 106.000000 111.000000 115.000000
-14.903000 -22.607000 0.918000 29.000000 32.000000 37.000000
-14.946000 -22.627000 0.922000 18.000000 18.000000 18.000000
-14.931000 -22.592000 0.913000 37.000000 42.000000 46.000000
-14.907000 -22.641000 0.927000 16.000000 16.000000 18.000000
-14.880000 -22.661000 0.933000 13.000000 13.000000 13.000000
-14.834000 -22.591000 0.917000 91.000000 96.000000 100.000000
-14.917000 -22.533000 0.899000 54.000000 58.000000 59.000000
-14.835000 -22.589000 0.916000 91.000000 96.000000 100.000000
-14.920000 -22.632000 0.924000 22.000000 22.000000 24.000000
-14.921000 -22.671000 0.934000 13.000000 13.000000 15.000000
-14.890000 -22.624000 0.923000 19.000000 19.000000 27.000000
-14.948000 -22.648000 0.927000 14.000000 14.000000 16.000000
-14.949000 -22.620000 0.920000 22.000000 24.000000 23.000000
-14.936000 -22.606000 0.917000 23.000000 26.000000 31.000000
-14.946000 -22.677000 0.935000 13.000000 13.000000 15.000000
-14.915000 -22.583000 0.912000 68.000000 73.000000 76.000000
-14.875000 -22.607000 0.919000 35.000000 38.000000 43.000000
-14.888000 -22.621000 0.923000 18.000000 21.000000 28.000000
-14.901000 -22.562000 0.907000 33.000000 37.000000 48.000000
-14.982000 -22.699000 0.939000 72.000000 71.000000 69.000000
-14.916000 -22.619000 0.921000 19.000000 20.000000 24.000000
-14.921000 -22.624000 0.922000 24.000000 23.000000 28.000000
-14.821000 -22.631000 0.928000 21.000000 25.000000 28.000000
-14.818000 -22.644000 0.931000 19.000000 20.000000 22.000000
-14.890000 -22.577000 0.911000 102.000000 110.000000 113.000000
-14.910000 -22.580000 0.911000 94.000000 99.000000 103.000000
-14.851000 -22.629000 0.926000 16.000000 19.000000 24.000000
-14.902000 -22.632000 0.925000 19.000000 18.000000 24.000000
-14.926000 -22.653000 0.929000 12.000000 12.000000 14.000000
-14.902000 -22.648000 0.929000 17.000000 17.000000 19.000000
-14.942000 -22.636000 0.924000 13.000000 13.000000 15.000000
-14.832000 -22.630000 0.927000 22.000000 26.000000 29.000000
-14.839000 -22.656000 0.933000 15.000000 15.000000 15.000000
-14.839000 -22.587000 0.915000 64.000000 67.000000 74.000000
-14.900000 -22.615000 0.921000 22.000000 23.000000 28.000000
-14.891000 -22.710000 0.890000 151.000000 154.000000 161.000000
-14.802000 -22.669000 0.907000 67.000000 70.000000 75.000000
-14.826000 -22.669000 0.916000 119.000000 122.000000 129.000000
-14.773000 -22.645000 0.925000 61.000000 64.000000 71.000000
-14.859000 -22.721000 0.864000 126.000000 136.000000 145.000000
-14.818000 -22.688000 0.889000 56.000000 65.000000 72.000000
-14.840000 -22.695000 0.888000 57.000000 65.000000 67.000000
-14.865000 -22.704000 0.887000 60.000000 63.000000 70.000000
-14.844000 -22.689000 0.898000 61.000000 64.000000 73.000000
-14.785000 -22.648000 0.925000 56.000000 59.000000 66.000000
-14.971000 -22.700000 0.935000 36.000000 34.000000 37.000000
-14.799000 -22.671000 0.902000 60.000000 67.000000 73.000000
-14.879000 -22.689000 0.912000 17.000000 20.000000 25.000000
-14.812000 -22.693000 0.880000 145.000000 158.000000 167.000000
-14.868000 -22.716000 0.873000 58.000000 66.000000 69.000000
-14.869000 -22.684000 0.914000 19.000000 22.000000 27.000000
-14.832000 -22.704000 0.874000 139.000000 152.000000 160.000000
-14.834000 -22.721000 0.853000 144.000000 159.000000 166.000000
-14.840000 -22.702000 0.880000 59.000000 69.000000 71.000000
-14.883000 -22.693000 0.909000 14.000000 17.000000 22.000000
-14.860000 -22.671000 0.927000 17.000000 16.000000 21.000000
-14.849000 -22.711000 0.872000 49.000000 60.000000 64.000000
-14.889000 -22.705000 0.896000 90.000000 93.000000 98.000000
-14.875000 -22.698000 0.899000 147.000000 150.000000 157.000000
-14.927000 -22.706000 0.910000 12.000000 12.000000 14.000000
-14.858000 -22.678000 0.918000 20.000000 23.000000 28.000000
-14.862000 -22.711000 0.877000 58.000000 66.000000 68.000000
-14.876000 -22.711000 0.883000 58.000000 61.000000 68.000000
-14.884000 -22.698000 0.902000 43.000000 46.000000 51.000000
-14.917000 -22.701000 0.913000 12.000000 12.000000 14.000000
-14.950000 -22.707000 0.919000 14.000000 14.000000 16.000000
-14.849000 -22.688000 0.902000 75.000000 78.000000 85.000000
-14.826000 -22.674000 0.909000 60.000000 63.000000 68.000000
-14.802000 -22.665000 0.911000 61.000000 64.000000 69.000000
-14.826000 -22.692000 0.886000 55.000000 65.000000 67.000000
-14.847000 -22.691000 0.897000 60.000000 63.000000 72.000000
-14.966000 -22.705000 0.927000 12.000000 10.000000 13.000000
-14.871000 -22.677000 0.924000 16.000000 15.000000 20.000000
-14.804000 -22.683000 0.889000 83.000000 93.000000 102.000000
-14.840000 -22.699000 0.883000 58.000000 66.000000 68.000000
-14.869000 -22.716000 0.874000 58.000000 66.000000 68.000000
-14.777000 -22.647000 0.923000 57.000000 60.000000 67.000000
-14.830000 -22.688000 0.893000 63.000000 68.000000 72.000000
-14.836000 -22.684000 0.900000 63.000000 65.000000 77.000000
-14.939000 -22.703000 0.918000 13.000000 13.000000 15.000000
-14.946000 -22.694000 0.933000 13.000000 13.000000 15.000000
-14.901000 -22.690000 0.920000 12.000000 12.000000 14.000000
-14.820000 -22.663000 0.921000 143.000000 146.000000 153.000000
-14.910000 -22.711000 0.897000 14.000000 17.000000 22.000000
-14.868000 -22.698000 0.896000 101.000000 104.000000 111.000000
-14.845000 -22.694000 0.892000 63.000000 66.000000 73.000000
-14.816000 -22.700000 0.872000 137.000000 150.000000 158.000000
-14.877000 -22.687000 0.914000 17.000000 20.000000 25.000000
-14.796000 -22.662000 0.912000 61.000000 64.000000 69.000000
-14.836000 -22.704000 0.876000 53.000000 64.000000 70.000000
-14.859000 -22.703000 0.886000 60.000000 63.000000 68.000000
-14.805000 -22.661000 0.917000 62.000000 65.000000 70.000000
-14.866000 -22.698000 0.895000 96.000000 99.000000 106.000000
-14.946000 -22.708000 0.916000 14.000000 14.000000 16.000000
-14.891000 -22.684000 0.924000 15.000000 13.000000 16.000000
-14.862000 -22.719000 0.868000 47.000000 56.000000 63.000000
-14.858000 -22.667000 0.931000 16.000000 15.000000 20.000000
-14.926000 -22.687000 0.934000 12.000000 12.000000 14.000000
-14.942000 -22.693000 0.933000 12.000000 12.000000 14.000000
-14.910000 -22.688000 0.926000 14.000000 14.000000 16.000000
-14.812000 -22.673000 0.905000 64.000000 67.000000 72.000000
-14.910000 -22.682000 0.934000 13.000000 13.000000 15.000000
-14.831000 -22.701000 0.878000 59.000000 70.000000 76.000000
-14.836000 -22.704000 0.876000 53.000000 64.000000 70.000000
-14.920000 -22.685000 0.934000 12.000000 12.000000 14.000000
-14.797000 -22.653000 0.925000 68.000000 71.000000 78.000000
-14.884000 -22.672000 0.935000 14.000000 14.000000 16.000000
-14.841000 -22.667000 0.925000 16.000000 17.000000 22.000000
-14.894000 -22.684000 0.925000 13.000000 11.000000 14.000000
-14.840000 -22.694000 0.890000 61.000000 66.000000 70.000000
-14.799000 -22.678000 0.893000 56.000000 67.000000 73.000000
-14.829000 -22.676000 0.908000 61.000000 64.000000 69.000000
-14.841000 -22.678000 0.911000 134.000000 137.000000 144.000000
-14.821000 -22.654000 0.933000 15.000000 16.000000 21.000000
-14.920000 -22.694000 0.923000 13.000000 13.000000 15.000000
-14.925000 -22.700000 0.917000 12.000000 12.000000 14.000000
-14.873000 -22.673000 0.930000 12.000000 10.000000 13.000000
-14.849000 -22.673000 0.921000 24.000000 27.000000 32.000000
-14.809000 -22.654000 0.928000 152.000000 155.000000 162.000000
-14.924000 -22.695000 0.923000 13.000000 13.000000 15.000000
-14.935000 -22.689000 0.935000 12.000000 12.000000 14.000000
-14.923000 -22.689000 0.930000 13.000000 13.000000 15.000000
-14.821000 -22.655000 0.932000 19.000000 20.000000 25.000000
-14.899000 -22.691000 0.918000 15.000000 15.000000 17.000000
-14.823000 -22.663000 0.922000 148.000000 151.000000 158.000000
-14.781000 -22.649000 0.922000 56.000000 59.000000 66.000000
-14.845000 -22.686000 0.901000 64.000000 67.000000 74.000000
-14.904000 -22.679000 0.935000 13.000000 13.000000 15.000000
-14.882000 -22.689000 0.914000 19.000000 20.000000 24.000000
-14.837000 -22.668000 0.922000 31.000000 34.000000 41.000000
-14.855000 -22.718000 0.866000 136.000000 146.000000 155.000000
-14.804000 -22.654000 0.926000 128.000000 131.000000 138.000000
-14.840000 -22.678000 0.910000 134.000000 137.000000 144.000000
-14.798000 -22.648000 0.931000 148.000000 153.000000 159.000000
-14.842000 -22.672000 0.919000 72.000000 75.000000 82.000000
-14.866000 -22.696000 0.898000 133.000000 136.000000 143.000000
-14.970000 -22.704000 0.930000 12.000000 10.000000 13.000000
-14.959000 -22.695000 0.937000 43.000000 43.000000 45.000000
-14.856000 -22.721000 0.862000 148.000000 161.000000 169.000000
-14.831000 -22.692000 0.889000 58.000000 66.000000 69.000000
-14.908000 -22.693000 0.919000 12.000000 12.000000 14.000000
-14.934000 -22.687000 0.937000 12.000000 12.000000 14.000000
-14.892000 -22.717000 0.883000 68.000000 71.000000 78.000000
-14.854000 -22.711000 0.874000 51.000000 62.000000 64.000000
-14.838000 -22.720000 0.856000 141.000000 155.000000 156.000000
-14.846000 -22.673000 0.919000 24.000000 27.000000 32.000000
-14.818000 -22.658000 0.926000 129.000000 132.000000 139.000000
-14.978000 -22.703000 0.934000 51.000000 49.000000 52.000000
-14.860000 -22.720000 0.865000 98.000000 108.000000 117.000000
-14.879000 -22.705000 0.893000 116.000000 119.000000 126.000000
-14.866000 -22.674000 0.926000 16.000000 15.000000 20.000000
-14.904000 -22.692000 0.919000 12.000000 12.000000 14.000000
-14.841000 -22.718000 0.860000 136.000000 150.000000 153.000000
-14.818000 -22.688000 0.888000 54.000000 64.000000 66.000000
-14.810000 -22.671000 0.907000 64.000000 67.000000 72.000000
-14.868000 -22.691000 0.905000 132.000000 135.000000 142.000000
-14.902000 -22.696000 0.912000 16.000000 16.000000 18.000000
-14.935000 -22.700000 0.921000 13.000000 13.000000 15.000000
-14.888000 -22.696000 0.907000 15.000000 16.000000 20.000000
-14.784000 -22.656000 0.915000 63.000000 66.000000 73.000000
-14.799000 -22.701000 0.810000 147.000000 160.000000 168.000000
-14.796000 -22.688000 0.819000 144.000000 158.000000 161.000000
-14.835000 -22.748000 0.822000 162.000000 176.000000 187.000000
-14.815000 -22.706000 0.834000 142.000000 155.000000 164.000000
-14.777000 -22.667000 0.808000 137.000000 148.000000 152.000000
-14.832000 -22.753000 0.809000 161.000000 174.000000 183.000000
-14.827000 -22.738000 0.819000 155.000000 169.000000 182.000000
-14.808000 -22.703000 0.823000 142.000000 155.000000 164.000000
-14.780000 -22.671000 0.807000 138.000000 149.000000 155.000000
-14.796000 -22.699000 0.807000 147.000000 157.000000 167.000000
-14.827000 -22.722000 0.837000 148.000000 162.000000 171.000000
-14.828000 -22.736000 0.822000 155.000000 169.000000 180.000000
-14.826000 -22.726000 0.832000 150.000000 164.000000 173.000000
-14.787000 -22.679000 0.813000 105.000000 118.000000 126.000000
-14.831000 -22.730000 0.836000 153.000000 167.000000 176.000000
-14.835000 -22.742000 0.829000 160.000000 177.000000 187.000000
-14.785000 -22.682000 0.806000 139.000000 152.000000 160.000000
-14.801000 -22.708000 0.805000 149.000000 162.000000 171.000000
-14.806000 -22.712000 0.808000 147.000000 160.000000 169.000000
-14.822000 -22.737000 0.810000 157.000000 170.000000 179.000000
-14.820000 -22.727000 0.817000 152.000000 166.000000 179.000000
-14.825000 -22.726000 0.828000 149.000000 163.000000 174.000000
-14.811000 -22.712000 0.819000 144.000000 156.000000 168.000000
-14.797000 -22.689000 0.820000 144.000000 158.000000 161.000000
-14.812000 -22.720000 0.811000 150.000000 164.000000 173.000000
-14.791000 -22.691000 0.805000 142.000000 155.000000 163.000000
-14.829000 -22.727000 0.836000 154.000000 168.000000 177.000000
-14.832000 -22.749000 0.814000 161.000000 173.000000 187.000000
-14.831000 -22.737000 0.828000 156.000000 173.000000 183.000000
-14.816000 -22.721000 0.817000 150.000000 164.000000 177.000000
-14.802000 -22.704000 0.812000 149.000000 162.000000 170.000000
-14.814000 -22.707000 0.831000 143.000000 156.000000 165.000000
-14.796000 -22.694000 0.811000 143.000000 153.000000 162.000000
-14.807000 -22.707000 0.817000 143.000000 155.000000 167.000000
-14.831000 -22.745000 0.817000 161.000000 173.000000 187.000000
-14.806000 -22.711000 0.809000 147.000000 160.000000 169.000000
-14.786000 -22.679000 0.811000 120.000000 133.000000 141.000000
-14.789000 -22.668000 0.900000 58.000000 65.000000 71.000000
-14.774000 -22.658000 0.846000 133.000000 144.000000 150.000000
-14.762000 -22.636000 0.910000 62.000000 70.000000 72.000000
-14.757000 -22.640000 0.831000 111.000000 123.000000 123.000000
-14.760000 -22.647000 0.809000 126.000000 137.000000 139.000000
-14.763000 -22.643000 0.863000 120.000000 130.000000 132.000000
-14.784000 -22.663000 0.889000 140.000000 154.000000 157.000000
-14.790000 -22.678000 0.824000 132.000000 146.000000 149.000000
-14.779000 -22.667000 0.815000 120.000000 131.000000 135.000000
-14.776000 -22.652000 0.905000 60.000000 68.000000 71.000000
-14.784000 -22.667000 0.866000 131.000000 142.000000 144.000000
-14.798000 -22.684000 0.850000 134.000000 147.000000 153.000000
-14.827000 -22.718000 0.844000 146.000000 161.000000 168.000000
-14.787000 -22.672000 0.853000 134.000000 147.000000 153.000000
-14.763000 -22.644000 0.862000 120.000000 130.000000 132.000000
-14.754000 -22.641000 0.804000 128.000000 138.000000 140.000000
-14.786000 -22.665000 0.894000 123.000000 134.000000 138.000000
-14.763000 -22.642000 0.871000 115.000000 125.000000 126.000000
-14.799000 -22.682000 0.873000 133.000000 146.000000 152.000000
-14.765000 -22.642000 0.890000 110.000000 122.000000 122.000000
-14.762000 -22.648000 0.825000 97.000000 111.000000 112.000000
-14.792000 -22.673000 0.882000 133.000000 146.000000 152.000000
-14.757000 -22.639000 0.847000 114.000000 126.000000 126.000000
-14.750000 -22.628000 0.868000 108.000000 116.000000 118.000000
-14.793000 -22.679000 0.845000 134.000000 147.000000 155.000000
-14.788000 -22.671000 0.864000 130.000000 144.000000 147.000000
-14.783000 -22.662000 0.890000 137.000000 151.000000 154.000000
-14.771000 -22.647000 0.895000 123.000000 134.000000 136.000000
-14.790000 -22.671000 0.887000 141.000000 154.000000 160.000000
-14.751000 -22.631000 0.851000 108.000000 118.000000 119.000000
-14.786000 -22.667000 0.879000 129.000000 143.000000 146.000000
-14.735000 -22.619000 0.805000 111.000000 119.000000 121.000000
-14.768000 -22.643000 0.899000 110.000000 120.000000 122.000000
-14.762000 -22.636000 0.910000 62.000000 70.000000 72.000000
-14.744000 -22.629000 0.808000 117.000000 125.000000 128.000000
-14.741000 -22.623000 0.832000 114.000000 126.000000 126.000000
-14.761000 -22.639000 0.880000 107.000000 117.000000 118.000000
-14.767000 -22.650000 0.842000 124.000000 138.000000 139.000000
-14.816000 -22.705000 0.844000 142.000000 155.000000 163.000000
-14.760000 -22.642000 0.841000 108.000000 119.000000 121.000000
-14.770000 -22.644000 0.913000 65.000000 70.000000 74.000000
-14.753000 -22.635000 0.836000 119.000000 131.000000 131.000000
-14.777000 -22.659000 0.856000 131.000000 142.000000 146.000000
-14.756000 -22.630000 0.899000 117.000000 127.000000 128.000000
-14.767000 -22.639000 0.925000 64.000000 67.000000 72.000000
-14.747000 -22.628000 0.843000 107.000000 119.000000 119.000000
-14.791000 -22.672000 0.888000 143.000000 156.000000 162.000000
-14.757000 -22.644000 0.807000 125.000000 136.000000 138.000000
-14.768000 -22.650000 0.854000 127.000000 138.000000 140.000000
-14.758000 -22.638000 0.864000 110.000000 120.000000 121.000000
-14.762000 -22.649000 0.806000 128.000000 139.000000 141.000000
-14.781000 -22.659000 0.895000 120.000000 131.000000 135.000000
-14.770000 -22.659000 0.809000 133.000000 144.000000 148.000000
-14.761000 -22.642000 0.850000 122.000000 133.000000 135.000000
-14.765000 -22.644000 0.876000 119.000000 131.000000 131.000000
-14.767000 -22.643000 0.895000 124.000000 136.000000 136.000000
-14.769000 -22.643000 0.914000 65.000000 70.000000 74.000000
-14.801000 -22.690000 0.834000 135.000000 148.000000 156.000000
-14.772000 -22.650000 0.887000 116.000000 130.000000 130.000000
-14.765000 -22.641000 0.894000 111.000000 123.000000 123.000000
-14.790000 -22.674000 0.860000 132.000000 146.000000 149.000000
-14.792000 -22.681000 0.824000 135.000000 149.000000 152.000000
-14.748000 -22.626000 0.863000 105.000000 115.000000 116.000000
-14.736000 -22.620000 0.809000 107.000000 115.000000 118.000000
-14.735000 -22.619000 0.809000 107.000000 115.000000 118.000000
-14.772000 -22.653000 0.864000 126.000000 137.000000 139.000000
-14.737000 -22.620000 0.817000 104.000000 114.000000 116.000000
-14.780000 -22.666000 0.836000 133.000000 144.000000 150.000000
-14.764000 -22.639000 0.902000 82.000000 92.000000 93.000000
-14.760000 -22.645000 0.824000 100.000000 114.000000 115.000000
-14.791000 -22.679000 0.830000 135.000000 148.000000 154.000000
-14.769000 -22.645000 0.899000 110.000000 120.000000 122.000000
-14.806000 -22.692000 0.863000 136.000000 150.000000 153.000000
-14.763000 -22.646000 0.846000 120.000000 131.000000 133.000000
-14.760000 -22.634000 0.907000 45.000000 53.000000 55.000000
-14.805000 -22.693000 0.843000 138.000000 151.000000 159.000000
-14.829000 -22.719000 0.847000 150.000000 165.000000 172.000000
-14.783000 -22.665000 0.870000 127.000000 141.000000 142.000000
-14.772000 -22.660000 0.810000 134.000000 145.000000 149.000000
-14.809000 -22.697000 0.847000 140.000000 153.000000 159.000000
-14.758000 -22.638000 0.861000 115.000000 125.000000 126.000000
-14.803000 -22.691000 0.842000 137.000000 150.000000 158.000000
-14.784000 -22.672000 0.829000 128.000000 142.000000 145.000000
-14.746000 -22.623000 0.870000 105.000000 113.000000 115.000000
-14.823000 -22.712000 0.852000 147.000000 162.000000 169.000000
-14.800000 -22.688000 0.836000 136.000000 149.000000 157.000000
-14.803000 -22.690000 0.843000 137.000000 150.000000 158.000000
-14.797000 -22.685000 0.837000 135.000000 148.000000 156.000000
-14.770000 -22.654000 0.840000 125.000000 139.000000 140.000000
-14.749000 -22.632000 0.829000 112.000000 124.000000 124.000000
-14.811000 -22.699000 0.843000 140.000000 153.000000 161.000000
-14.787000 -22.668000 0.876000 130.000000 144.000000 145.000000
-14.774000 -22.656000 0.861000 128.000000 139.000000 141.000000
-14.763000 -22.636000 0.922000 65.000000 68.000000 73.000000
-14.758000 -22.642000 0.833000 112.000000 123.000000 125.000000
-14.779000 -22.656000 0.899000 45.000000 55.000000 57.000000
-14.810000 -22.699000 0.833000 140.000000 153.000000 162.000000
-14.736000 -22.617000 0.835000 125.000000 135.000000 134.000000
-14.770000 -22.659000 0.806000 138.000000 149.000000 153.000000
-14.769000 -22.647000 0.890000 115.000000 127.000000 127.000000
-14.770000 -22.649000 0.874000 124.000000 136.000000 136.000000
-14.795000 -22.683000 0.837000 134.000000 147.000000 155.000000
-14.807000 -22.691000 0.874000 139.000000 152.000000 160.000000
-14.759000 -22.641000 0.843000 109.000000 121.000000 121.000000
-14.801000 -22.690000 0.835000 135.000000 148.000000 156.000000
-14.776000 -22.654000 0.887000 121.000000 135.000000 136.000000
-14.740000 -22.620000 0.846000 104.000000 114.000000 115.000000
-14.794000 -22.683000 0.829000 135.000000 148.000000 154.000000
-14.770000 -22.644000 0.919000 67.000000 70.000000 75.000000
-14.804000 -22.690000 0.854000 138.000000 151.000000 157.000000
