-15.229000 -19.918000 0.813000 81.000000 144.000000 177.000000
-15.229000 -19.881000 1.043000 205.000000 216.000000 212.000000
-15.226000 -20.028000 0.819000 74.000000 151.000000 171.000000
-15.226000 -20.023000 0.887000 104.000000 159.000000 140.000000
-15.230000 -19.866000 0.944000 200.000000 201.000000 205.000000
-15.228000 -19.929000 0.953000 97.000000 162.000000 154.000000
-15.229000 -19.910000 0.910000 165.000000 193.000000 205.000000
-15.228000 -19.967000 0.824000 83.000000 155.000000 177.000000
-15.227000 -19.973000 0.844000 82.000000 139.000000 150.000000
-15.230000 -19.879000 0.966000 198.000000 208.000000 220.000000
-15.230000 -19.865000 0.796000 213.000000 212.000000 220.000000
-15.227000 -20.006000 0.846000 81.000000 140.000000 144.000000
-15.230000 -19.876000 0.925000 199.000000 204.000000 226.000000
-15.227000 -19.986000 0.815000 67.000000 136.000000 201.000000
-15.228000 -19.953000 0.793000 192.000000 205.000000 221.000000
-15.228000 -19.939000 0.928000 126.000000 169.000000 160.000000
-15.229000 -19.913000 0.798000 189.000000 195.000000 207.000000
-15.225000 -20.083000 0.783000 177.000000 176.000000 174.000000
-15.228000 -19.948000 0.990000 204.000000 211.000000 217.000000
-15.228000 -19.951000 0.929000 107.000000 153.000000 177.000000
-15.229000 -19.903000 0.965000 200.000000 208.000000 221.000000
-15.225000 -20.066000 0.813000 93.000000 154.000000 201.000000
-15.229000 -19.886000 1.036000 208.000000 212.000000 224.000000
-15.228000 -19.949000 0.800000 135.000000 150.000000 181.000000
-15.226000 -20.044000 0.810000 75.000000 124.000000 167.000000
-15.227000 -20.001000 0.817000 72.000000 143.000000 197.000000
-15.227000 -19.969000 0.969000 140.000000 178.000000 181.000000
-15.226000 -20.024000 0.787000 174.000000 168.000000 178.000000
-15.228000 -19.945000 0.910000 172.000000 203.000000 205.000000
-15.226000 -20.030000 0.832000 81.000000 155.000000 168.000000
-15.230000 -19.859000 1.115000 206.000000 209.000000 218.000000
-15.230000 -19.884000 0.897000 156.000000 160.000000 143.000000
-15.226000 -20.006000 0.875000 126.000000 174.000000 178.000000
-15.230000 -19.874000 0.988000 175.000000 190.000000 187.000000
-15.229000 -19.903000 1.058000 205.000000 215.000000 216.000000
-15.229000 -19.897000 0.935000 199.000000 208.000000 225.000000
-15.228000 -19.925000 1.025000 201.000000 207.000000 207.000000
-15.230000 -19.887000 0.835000 190.000000 202.000000 214.000000
-15.229000 -19.900000 0.901000 195.000000 201.000000 213.000000
-15.229000 -19.896000 1.027000 202.000000 210.000000 213.000000
-15.227000 -19.966000 0.941000 107.000000 165.000000 153.000000
-15.230000 -19.856000 1.024000 204.000000 202.000000 203.000000
-15.230000 -19.878000 0.879000 187.000000 208.000000 209.000000
-15.230000 -19.864000 1.023000 201.000000 202.000000 206.000000
-15.229000 -19.928000 0.860000 170.000000 191.000000 196.000000
-15.230000 -19.855000 1.132000 211.000000 211.000000 209.000000
-15.229000 -19.921000 0.774000 145.000000 144.000000 142.000000
-15.227000 -20.001000 0.836000 70.000000 146.000000 169.000000
-15.229000 -19.879000 1.047000 204.000000 216.000000 216.000000
-15.229000 -19.920000 0.977000 201.000000 209.000000 220.000000
-15.225000 -20.078000 0.778000 173.000000 170.000000 165.000000
-15.230000 -19.875000 0.905000 204.000000 214.000000 216.000000
-15.229000 -19.907000 0.812000 190.000000 204.000000 230.000000
-15.227000 -20.013000 0.777000 157.000000 162.000000 155.000000
-15.228000 -19.928000 0.981000 198.000000 207.000000 224.000000
-15.229000 -19.913000 0.942000 102.000000 144.000000 158.000000
-15.229000 -19.886000 0.955000 192.000000 210.000000 220.000000
-15.229000 -19.927000 0.783000 189.000000 194.000000 198.000000
-15.227000 -20.000000 0.851000 142.000000 176.000000 185.000000
-15.225000 -20.056000 0.843000 89.000000 156.000000 149.000000
-15.230000 -19.872000 0.798000 195.000000 201.000000 213.000000
-15.227000 -19.994000 0.891000 95.000000 159.000000 169.000000
-15.229000 -19.911000 0.837000 127.000000 170.000000 176.000000
-15.228000 -19.946000 0.906000 107.000000 148.000000 150.000000
-15.229000 -19.898000 0.904000 201.000000 207.000000 221.000000
-15.228000 -19.945000 0.920000 158.000000 194.000000 228.000000
-15.229000 -19.902000 0.951000 203.000000 204.000000 224.000000
-15.229000 -19.894000 0.977000 199.000000 205.000000 219.000000
-15.230000 -19.859000 1.040000 203.000000 213.000000 223.000000
-15.227000 -19.998000 0.872000 104.000000 157.000000 188.000000
-15.230000 -19.865000 0.990000 152.000000 156.000000 157.000000
-15.226000 -20.024000 0.838000 79.000000 151.000000 150.000000
-15.230000 -19.888000 0.795000 193.000000 199.000000 211.000000
-15.227000 -20.002000 0.799000 121.000000 146.000000 177.000000
-15.228000 -19.959000 0.857000 191.000000 209.000000 233.000000
-15.230000 -19.859000 0.965000 99.000000 97.000000 98.000000
-15.228000 -19.958000 0.847000 92.000000 139.000000 149.000000
-15.227000 -19.966000 0.933000 134.000000 171.000000 179.000000
-15.228000 -19.922000 1.036000 206.000000 210.000000 221.000000
-15.229000 -19.887000 1.082000 176.000000 186.000000 213.000000
-15.229000 -19.933000 0.838000 86.000000 157.000000 159.000000
-15.229000 -19.919000 0.839000 89.000000 157.000000 158.000000
-15.230000 -19.855000 0.955000 113.000000 104.000000 95.000000
-15.229000 -19.912000 0.799000 186.000000 192.000000 204.000000
-15.229000 -19.891000 1.065000 201.000000 211.000000 213.000000
-15.224000 -20.103000 0.778000 172.000000 171.000000 167.000000
-15.229000 -19.915000 0.833000 85.000000 134.000000 141.000000
-15.230000 -19.872000 0.925000 202.000000 204.000000 227.000000
-15.230000 -19.863000 0.803000 219.000000 219.000000 227.000000
-15.228000 -19.931000 0.954000 93.000000 159.000000 157.000000
-15.229000 -19.931000 0.860000 177.000000 195.000000 205.000000
-15.228000 -19.946000 0.779000 195.000000 198.000000 207.000000
-15.227000 -20.011000 0.800000 133.000000 159.000000 186.000000
-15.228000 -19.944000 0.891000 95.000000 147.000000 124.000000
-15.225000 -20.078000 0.771000 167.000000 160.000000 152.000000
-15.228000 -19.944000 0.976000 195.000000 204.000000 221.000000
-15.229000 -19.901000 0.839000 199.000000 201.000000 214.000000
-15.226000 -20.007000 0.889000 102.000000 162.000000 173.000000
-15.228000 -19.935000 0.934000 151.000000 181.000000 129.000000
-15.229000 -19.903000 0.985000 195.000000 215.000000 216.000000
-15.226000 -20.008000 0.908000 95.000000 134.000000 141.000000
-15.226000 -20.023000 0.870000 92.000000 136.000000 173.000000
-15.226000 -20.009000 0.855000 174.000000 206.000000 221.000000
-15.229000 -19.881000 1.014000 183.000000 182.000000 177.000000
-15.230000 -19.860000 0.888000 208.000000 210.000000 222.000000
-15.230000 -19.857000 1.123000 211.000000 210.000000 215.000000
-15.228000 -19.919000 1.016000 182.000000 178.000000 175.000000
-15.228000 -19.953000 0.949000 90.000000 154.000000 156.000000
-15.228000 -19.948000 0.938000 150.000000 187.000000 144.000000
-15.229000 -19.889000 1.083000 157.000000 168.000000 200.000000
-15.228000 -19.932000 0.998000 172.000000 177.000000 170.000000
-15.228000 -19.947000 0.984000 195.000000 207.000000 223.000000
-15.228000 -19.921000 1.007000 184.000000 181.000000 176.000000
-15.229000 -19.921000 0.854000 185.000000 205.000000 230.000000
-15.230000 -19.873000 0.791000 197.000000 204.000000 214.000000
-15.227000 -19.961000 0.974000 190.000000 208.000000 208.000000
-15.229000 -19.920000 0.794000 180.000000 196.000000 212.000000
-15.225000 -20.056000 0.793000 172.000000 184.000000 200.000000
-15.229000 -19.907000 0.935000 187.000000 214.000000 231.000000
-15.227000 -19.987000 0.834000 65.000000 145.000000 170.000000
-15.227000 -19.974000 0.944000 92.000000 163.000000 167.000000
-15.227000 -20.004000 0.874000 124.000000 173.000000 180.000000
-15.230000 -19.857000 0.975000 106.000000 101.000000 97.000000
-15.229000 -19.916000 0.945000 88.000000 155.000000 161.000000
-15.229000 -19.889000 1.062000 201.000000 210.000000 207.000000
-15.231000 -19.856000 0.826000 197.000000 196.000000 202.000000
-15.229000 -19.882000 1.008000 183.000000 182.000000 177.000000
-15.227000 -20.006000 0.781000 184.000000 184.000000 186.000000
-15.229000 -19.939000 0.773000 153.000000 153.000000 153.000000
-15.228000 -19.967000 0.873000 114.000000 156.000000 154.000000
-15.226000 -20.016000 0.863000 154.000000 178.000000 212.000000
-15.229000 -19.887000 1.007000 183.000000 182.000000 178.000000
-15.228000 -19.931000 0.934000 157.000000 186.000000 138.000000
-15.230000 -19.882000 0.806000 198.000000 197.000000 213.000000
-15.226000 -20.016000 0.800000 134.000000 161.000000 182.000000
-15.226000 -20.034000 0.862000 157.000000 180.000000 212.000000
-15.230000 -19.883000 0.949000 198.000000 210.000000 226.000000
-15.227000 -19.997000 0.789000 194.000000 193.000000 201.000000
-15.227000 -19.982000 0.782000 196.000000 196.000000 204.000000
-15.228000 -19.947000 0.915000 180.000000 209.000000 215.000000
-15.230000 -19.867000 0.885000 200.000000 214.000000 214.000000
-15.227000 -19.996000 0.775000 134.000000 134.000000 136.000000
-15.226000 -20.041000 0.791000 174.000000 168.000000 180.000000
-15.227000 -19.988000 0.897000 101.000000 160.000000 156.000000
-15.229000 -19.896000 1.027000 202.000000 210.000000 213.000000
-15.229000 -19.886000 1.029000 201.000000 209.000000 212.000000
-15.229000 -19.933000 0.832000 78.000000 150.000000 165.000000
-15.230000 -19.893000 0.821000 189.000000 202.000000 208.000000
-15.229000 -19.901000 0.893000 193.000000 213.000000 224.000000
-15.230000 -19.857000 1.069000 197.000000 200.000000 205.000000
-15.227000 -19.984000 0.816000 68.000000 138.000000 200.000000
-15.227000 -20.009000 0.829000 80.000000 150.000000 175.000000
-15.229000 -19.903000 0.989000 182.000000 202.000000 201.000000
-15.229000 -19.881000 1.078000 187.000000 195.000000 206.000000
-15.231000 -19.856000 0.793000 92.000000 87.000000 81.000000
-15.230000 -19.879000 1.031000 205.000000 212.000000 218.000000
-15.228000 -19.960000 0.807000 75.000000 125.000000 188.000000
-15.229000 -19.903000 0.924000 189.000000 201.000000 223.000000
-15.230000 -19.877000 1.001000 183.000000 185.000000 180.000000
-15.228000 -19.950000 0.801000 135.000000 150.000000 181.000000
-15.229000 -19.913000 0.966000 185.000000 204.000000 218.000000
-15.228000 -19.957000 0.824000 88.000000 159.000000 163.000000
-15.229000 -19.897000 1.036000 191.000000 195.000000 207.000000
-15.230000 -19.881000 0.841000 199.000000 205.000000 227.000000
-15.229000 -19.912000 1.042000 207.000000 217.000000 218.000000
-15.230000 -19.864000 1.073000 214.000000 217.000000 226.000000
-15.228000 -19.944000 0.788000 185.000000 199.000000 202.000000
-15.229000 -19.899000 1.021000 204.000000 208.000000 207.000000
-15.229000 -19.935000 0.824000 83.000000 147.000000 157.000000
-15.225000 -20.073000 0.805000 93.000000 132.000000 191.000000
-15.229000 -19.899000 1.003000 180.000000 181.000000 176.000000
-15.231000 -19.856000 0.819000 189.000000 187.000000 192.000000
-15.229000 -19.896000 0.847000 197.000000 197.000000 223.000000
-15.226000 -20.007000 0.872000 104.000000 153.000000 170.000000
-15.228000 -19.971000 0.827000 81.000000 154.000000 173.000000
-15.229000 -19.885000 1.091000 158.000000 163.000000 201.000000
-15.225000 -20.050000 0.830000 95.000000 150.000000 157.000000
-15.230000 -19.868000 0.965000 208.000000 215.000000 225.000000
-15.226000 -20.025000 0.833000 69.000000 144.000000 165.000000
-15.230000 -19.859000 1.016000 168.000000 169.000000 171.000000
-15.228000 -19.943000 0.933000 144.000000 181.000000 163.000000
-15.226000 -20.047000 0.810000 75.000000 122.000000 166.000000
-15.231000 -19.857000 0.825000 191.000000 189.000000 194.000000
-15.229000 -19.923000 0.908000 113.000000 152.000000 147.000000
-15.227000 -20.001000 0.883000 104.000000 164.000000 174.000000
-15.230000 -19.898000 0.771000 145.000000 147.000000 142.000000
-15.229000 -19.921000 0.911000 177.000000 203.000000 204.000000
-15.229000 -19.905000 0.904000 191.000000 213.000000 227.000000
-15.229000 -19.892000 0.925000 201.000000 210.000000 227.000000
-15.230000 -19.879000 0.796000 197.000000 203.000000 215.000000
-15.226000 -20.037000 0.806000 69.000000 111.000000 159.000000
-15.231000 -19.860000 0.825000 204.000000 204.000000 214.000000
-15.230000 -19.873000 0.997000 179.000000 184.000000 178.000000
-15.229000 -19.903000 1.056000 207.000000 214.000000 220.000000
-15.227000 -19.999000 0.900000 107.000000 172.000000 168.000000
-15.229000 -19.897000 0.937000 200.000000 209.000000 226.000000
-15.230000 -19.871000 0.866000 190.000000 200.000000 227.000000
-15.227000 -20.004000 0.819000 73.000000 144.000000 196.000000
-15.229000 -19.910000 0.969000 197.000000 204.000000 222.000000
-15.229000 -19.921000 0.788000 184.000000 195.000000 197.000000
-15.228000 -19.962000 0.805000 77.000000 128.000000 194.000000
-15.228000 -19.929000 1.016000 178.000000 177.000000 172.000000
-15.225000 -20.079000 0.801000 156.000000 170.000000 196.000000
-15.228000 -19.942000 0.966000 180.000000 205.000000 212.000000
-15.226000 -20.023000 0.814000 60.000000 135.000000 175.000000
-15.227000 -19.972000 0.909000 107.000000 150.000000 141.000000
-15.228000 -19.939000 1.006000 182.000000 179.000000 172.000000
-15.229000 -19.928000 0.831000 83.000000 149.000000 173.000000
-15.227000 -19.984000 0.776000 141.000000 142.000000 147.000000
-15.228000 -19.929000 0.992000 155.000000 164.000000 159.000000
-15.229000 -19.911000 0.998000 175.000000 180.000000 174.000000
-15.227000 -19.993000 0.861000 174.000000 198.000000 236.000000
-15.226000 -20.004000 0.920000 177.000000 210.000000 241.000000
-15.228000 -19.926000 0.972000 197.000000 210.000000 216.000000
-15.227000 -19.970000 0.964000 101.000000 149.000000 149.000000
-15.227000 -19.976000 0.886000 97.000000 161.000000 160.000000
-15.225000 -20.062000 0.819000 88.000000 156.000000 191.000000
-15.227000 -19.998000 0.854000 179.000000 207.000000 218.000000
-15.228000 -19.966000 0.879000 142.000000 174.000000 137.000000
-15.229000 -19.889000 0.966000 193.000000 211.000000 221.000000
-15.230000 -19.861000 0.877000 204.000000 207.000000 222.000000
-15.230000 -19.862000 0.953000 135.000000 135.000000 143.000000
-15.227000 -19.980000 0.913000 190.000000 213.000000 219.000000
-15.230000 -19.897000 0.771000 144.000000 146.000000 141.000000
-15.229000 -19.905000 0.915000 187.000000 202.000000 223.000000
-15.226000 -20.011000 0.822000 83.000000 150.000000 193.000000
-15.227000 -19.997000 0.831000 78.000000 152.000000 179.000000
-15.230000 -19.883000 0.879000 108.000000 129.000000 112.000000
-15.230000 -19.880000 1.022000 204.000000 208.000000 207.000000
-15.229000 -19.913000 1.043000 207.000000 217.000000 218.000000
-15.227000 -19.971000 0.966000 101.000000 149.000000 149.000000
-15.227000 -19.969000 0.927000 114.000000 152.000000 188.000000
-15.225000 -20.051000 0.825000 117.000000 167.000000 168.000000
-15.226000 -20.027000 0.873000 115.000000 160.000000 183.000000
-15.225000 -20.082000 0.794000 171.000000 179.000000 198.000000
-15.228000 -19.941000 0.780000 198.000000 201.000000 208.000000
-15.228000 -19.948000 0.929000 102.000000 147.000000 166.000000
-15.229000 -19.899000 0.900000 195.000000 201.000000 213.000000
-15.227000 -19.981000 0.952000 97.000000 166.000000 182.000000
-15.230000 -19.868000 1.115000 203.000000 210.000000 216.000000
-15.231000 -19.856000 0.836000 207.000000 206.000000 212.000000
-15.230000 -19.873000 0.994000 172.000000 177.000000 171.000000
-15.226000 -20.035000 0.843000 90.000000 154.000000 156.000000
-15.229000 -19.903000 1.018000 196.000000 198.000000 193.000000
-15.227000 -19.986000 0.812000 70.000000 134.000000 205.000000
-15.227000 -20.007000 0.796000 172.000000 192.000000 216.000000
-15.228000 -19.928000 0.959000 94.000000 155.000000 156.000000
-15.230000 -19.898000 0.810000 192.000000 198.000000 212.000000
-15.226000 -20.009000 0.846000 79.000000 133.000000 133.000000
-15.226000 -20.021000 0.834000 70.000000 143.000000 162.000000
-15.230000 -19.864000 0.875000 200.000000 205.000000 225.000000
-15.227000 -20.001000 0.818000 72.000000 143.000000 197.000000
-15.229000 -19.908000 0.855000 179.000000 196.000000 222.000000
-15.230000 -19.861000 0.952000 135.000000 135.000000 143.000000
-15.230000 -19.873000 0.935000 198.000000 205.000000 221.000000
-15.225000 -20.081000 0.804000 69.000000 108.000000 167.000000
-15.229000 -19.896000 0.962000 198.000000 208.000000 217.000000
-15.226000 -20.028000 0.802000 80.000000 112.000000 153.000000
-15.230000 -19.885000 0.821000 195.000000 199.000000 211.000000
-15.227000 -20.002000 0.917000 186.000000 207.000000 226.000000
-15.228000 -19.948000 0.902000 101.000000 152.000000 153.000000
-15.228000 -19.932000 0.890000 103.000000 152.000000 131.000000
-15.226000 -20.005000 0.895000 100.000000 148.000000 148.000000
-15.229000 -19.876000 1.075000 203.000000 210.000000 202.000000
-15.229000 -19.918000 0.831000 77.000000 146.000000 162.000000
-15.230000 -19.879000 0.940000 198.000000 210.000000 222.000000
-15.225000 -20.048000 0.828000 109.000000 157.000000 159.000000
-15.227000 -19.993000 0.795000 188.000000 198.000000 223.000000
-15.229000 -19.914000 0.841000 87.000000 141.000000 141.000000
-15.228000 -19.935000 0.924000 107.000000 151.000000 160.000000
-15.226000 -20.025000 0.811000 66.000000 130.000000 176.000000
-15.228000 -19.931000 0.917000 193.000000 209.000000 232.000000
-15.230000 -19.879000 0.896000 210.000000 212.000000 209.000000
-15.230000 -19.890000 0.791000 190.000000 197.000000 207.000000
-15.230000 -19.879000 0.782000 199.000000 206.000000 212.000000
-15.229000 -19.886000 0.973000 193.000000 205.000000 221.000000
-15.230000 -19.853000 1.067000 203.000000 207.000000 208.000000
-15.229000 -19.910000 0.869000 130.000000 155.000000 152.000000
-15.228000 -19.954000 0.848000 100.000000 149.000000 156.000000
-15.229000 -19.885000 1.013000 183.000000 182.000000 177.000000
-15.226000 -20.038000 0.800000 140.000000 155.000000 176.000000
-15.227000 -19.977000 0.935000 145.000000 188.000000 195.000000
-15.230000 -19.859000 0.975000 104.000000 103.000000 101.000000
-15.225000 -20.060000 0.793000 169.000000 182.000000 198.000000
-15.230000 -19.873000 0.864000 195.000000 202.000000 230.000000
-15.228000 -19.942000 0.871000 137.000000 161.000000 145.000000
-15.229000 -19.892000 1.021000 208.000000 212.000000 211.000000
-15.225000 -20.047000 0.853000 174.000000 211.000000 219.000000
-15.230000 -19.878000 0.836000 201.000000 203.000000 216.000000
-15.228000 -19.937000 0.945000 102.000000 161.000000 143.000000
-15.228000 -19.941000 0.812000 94.000000 152.000000 176.000000
-15.228000 -19.954000 0.961000 85.000000 143.000000 145.000000
-15.230000 -19.858000 0.973000 104.000000 103.000000 101.000000
-15.226000 -20.029000 0.811000 67.000000 130.000000 173.000000
-15.229000 -19.901000 0.851000 196.000000 202.000000 226.000000
-15.225000 -20.064000 0.800000 133.000000 151.000000 173.000000
-15.228000 -19.970000 0.817000 71.000000 146.000000 186.000000
-15.229000 -19.901000 1.030000 206.000000 213.000000 219.000000
-15.230000 -19.876000 0.812000 196.000000 199.000000 216.000000
-15.229000 -19.921000 0.927000 114.000000 157.000000 164.000000
-15.231000 -19.854000 0.836000 140.000000 138.000000 139.000000
-15.227000 -19.982000 0.833000 67.000000 147.000000 172.000000
-15.230000 -19.862000 0.863000 197.000000 204.000000 220.000000
-15.229000 -19.925000 0.774000 150.000000 150.000000 150.000000
-15.228000 -19.934000 0.947000 106.000000 165.000000 147.000000
-15.230000 -19.873000 0.850000 201.000000 208.000000 218.000000
-15.230000 -19.864000 0.921000 212.000000 214.000000 229.000000
-15.230000 -19.858000 1.043000 204.000000 215.000000 219.000000
-15.225000 -20.070000 0.811000 97.000000 153.000000 204.000000
-15.227000 -19.985000 0.829000 76.000000 151.000000 180.000000
-15.227000 -19.995000 0.907000 102.000000 139.000000 147.000000
-15.227000 -20.009000 0.826000 83.000000 150.000000 177.000000
-15.230000 -19.872000 0.783000 200.000000 207.000000 213.000000
-15.230000 -19.873000 0.930000 200.000000 205.000000 225.000000
-15.228000 -19.948000 0.950000 96.000000 158.000000 153.000000
-15.227000 -19.985000 0.824000 73.000000 145.000000 183.000000
-15.229000 -19.902000 0.977000 198.000000 212.000000 221.000000
-15.229000 -19.928000 0.826000 87.000000 149.000000 172.000000
-15.228000 -19.954000 0.925000 81.000000 128.000000 180.000000
-15.225000 -20.063000 0.785000 173.000000 173.000000 171.000000
-15.230000 -19.858000 0.862000 200.000000 207.000000 215.000000
-15.230000 -19.873000 1.074000 194.000000 200.000000 188.000000
-15.228000 -19.942000 0.983000 197.000000 206.000000 223.000000
-15.229000 -19.916000 1.025000 209.000000 213.000000 214.000000
-15.229000 -19.903000 0.975000 201.000000 214.000000 223.000000
-15.229000 -19.926000 0.883000 117.000000 163.000000 126.000000
-15.229000 -19.907000 1.015000 178.000000 179.000000 173.000000
-15.230000 -19.869000 1.031000 203.000000 211.000000 214.000000
-15.227000 -20.009000 0.777000 116.000000 115.000000 113.000000
-15.229000 -19.893000 1.070000 180.000000 190.000000 199.000000
-15.227000 -19.984000 0.911000 165.000000 194.000000 192.000000
-15.230000 -19.872000 1.006000 182.000000 182.000000 174.000000
-15.229000 -19.893000 1.062000 200.000000 208.000000 210.000000
-15.227000 -19.980000 0.821000 76.000000 149.000000 190.000000
-15.229000 -19.931000 0.779000 190.000000 193.000000 200.000000
-15.227000 -19.996000 0.824000 88.000000 156.000000 193.000000
-15.230000 -19.874000 0.902000 201.000000 211.000000 212.000000
-15.228000 -19.978000 0.771000 153.000000 146.000000 140.000000
-15.230000 -19.863000 0.877000 196.000000 201.000000 220.000000
-15.230000 -19.863000 0.951000 131.000000 131.000000 139.000000
-15.227000 -19.996000 0.919000 173.000000 205.000000 243.000000
-15.230000 -19.889000 0.838000 189.000000 201.000000 217.000000
-15.225000 -20.053000 0.841000 90.000000 156.000000 152.000000
-15.229000 -19.912000 0.839000 125.000000 169.000000 172.000000
-15.229000 -19.918000 1.013000 183.000000 178.000000 174.000000
-15.230000 -19.862000 0.889000 202.000000 204.000000 217.000000
-15.229000 -19.905000 0.824000 192.000000 203.000000 221.000000
-15.229000 -19.932000 0.794000 186.000000 203.000000 219.000000
-15.227000 -19.975000 0.863000 119.000000 153.000000 198.000000
-15.227000 -19.978000 0.873000 103.000000 154.000000 171.000000
-15.229000 -19.881000 1.086000 155.000000 162.000000 190.000000
-15.229000 -19.912000 0.866000 132.000000 156.000000 156.000000
-15.227000 -19.968000 0.887000 93.000000 153.000000 143.000000
-15.228000 -19.961000 0.889000 88.000000 156.000000 135.000000
-15.227000 -19.988000 0.839000 72.000000 148.000000 171.000000
-15.228000 -19.929000 0.981000 199.000000 211.000000 223.000000
-15.227000 -19.980000 0.949000 101.000000 169.000000 190.000000
-15.226000 -20.015000 0.817000 78.000000 151.000000 184.000000
-15.229000 -19.917000 0.869000 140.000000 165.000000 159.000000
-15.229000 -19.919000 0.865000 122.000000 144.000000 142.000000
-15.228000 -19.951000 0.937000 143.000000 181.000000 144.000000
-15.230000 -19.856000 1.008000 181.000000 183.000000 182.000000
-15.225000 -20.075000 0.818000 97.000000 153.000000 204.000000
-15.228000 -19.961000 0.805000 77.000000 128.000000 194.000000
-15.229000 -19.887000 1.064000 197.000000 207.000000 199.000000
-15.229000 -19.913000 0.785000 187.000000 194.000000 202.000000
-15.228000 -19.952000 0.926000 81.000000 128.000000 180.000000
-15.229000 -19.912000 0.899000 127.000000 166.000000 171.000000
-15.229000 -19.902000 1.021000 205.000000 209.000000 208.000000
-15.229000 -19.902000 0.892000 193.000000 213.000000 224.000000
-15.229000 -19.919000 0.808000 92.000000 147.000000 178.000000
-15.230000 -19.876000 0.836000 198.000000 200.000000 213.000000
-15.230000 -19.880000 1.022000 204.000000 208.000000 207.000000
-15.226000 -20.034000 0.830000 85.000000 151.000000 163.000000
-15.226000 -20.032000 0.790000 175.000000 169.000000 183.000000
-15.225000 -20.058000 0.811000 101.000000 150.000000 183.000000
-15.228000 -19.946000 0.787000 187.000000 198.000000 202.000000
-15.230000 -19.863000 0.959000 145.000000 146.000000 151.000000
-15.230000 -19.856000 0.952000 105.000000 100.000000 97.000000
-15.228000 -19.971000 0.796000 182.000000 200.000000 224.000000
-15.228000 -19.956000 0.781000 194.000000 197.000000 206.000000
-15.228000 -19.936000 0.942000 150.000000 191.000000 135.000000
-15.227000 -20.000000 0.827000 86.000000 155.000000 186.000000
-15.230000 -19.860000 0.867000 201.000000 207.000000 221.000000
-15.229000 -19.923000 0.810000 96.000000 149.000000 181.000000
-15.228000 -19.926000 0.936000 143.000000 176.000000 147.000000
-15.229000 -19.914000 0.886000 106.000000 145.000000 162.000000
-15.227000 -19.969000 0.949000 94.000000 163.000000 170.000000
-15.225000 -20.059000 0.781000 167.000000 164.000000 157.000000
-15.228000 -19.964000 0.795000 195.000000 204.000000 219.000000
-15.228000 -19.960000 0.876000 150.000000 175.000000 154.000000
-15.229000 -19.889000 0.998000 174.000000 179.000000 175.000000
-15.230000 -19.853000 0.953000 113.000000 104.000000 97.000000
-15.228000 -19.948000 0.922000 93.000000 140.000000 184.000000
-15.227000 -19.980000 0.884000 94.000000 153.000000 151.000000
-15.230000 -19.883000 0.819000 197.000000 201.000000 213.000000
-15.228000 -19.957000 0.892000 89.000000 150.000000 142.000000
-15.230000 -19.899000 0.806000 183.000000 189.000000 203.000000
-15.229000 -19.904000 0.777000 165.000000 171.000000 171.000000
-15.229000 -19.923000 0.855000 185.000000 209.000000 219.000000
-15.227000 -19.988000 0.805000 82.000000 130.000000 202.000000
-15.228000 -19.943000 0.805000 107.000000 148.000000 180.000000
-15.228000 -19.950000 0.996000 169.000000 174.000000 170.000000
-15.229000 -19.893000 0.885000 194.000000 205.000000 201.000000
-15.228000 -19.957000 0.956000 97.000000 168.000000 174.000000
-15.227000 -19.988000 0.862000 119.000000 152.000000 205.000000
-15.229000 -19.892000 0.896000 213.000000 210.000000 203.000000
-15.230000 -19.857000 1.113000 207.000000 206.000000 211.000000
-15.230000 -19.884000 0.883000 133.000000 149.000000 123.000000
-15.226000 -20.014000 0.874000 128.000000 178.000000 175.000000
-15.230000 -19.891000 0.846000 172.000000 182.000000 207.000000
-15.228000 -19.965000 0.886000 98.000000 156.000000 144.000000
-15.228000 -19.940000 0.983000 197.000000 206.000000 223.000000
-15.228000 -19.937000 0.845000 81.000000 138.000000 145.000000
-15.228000 -19.962000 0.772000 149.000000 144.000000 150.000000
-15.230000 -19.874000 1.046000 201.000000 214.000000 220.000000
-15.229000 -19.880000 1.066000 203.000000 214.000000 200.000000
-15.226000 -20.020000 0.772000 111.000000 107.000000 96.000000
-15.229000 -19.894000 1.004000 181.000000 182.000000 177.000000
-15.229000 -19.910000 1.025000 203.000000 209.000000 207.000000
-15.229000 -19.905000 0.822000 192.000000 203.000000 221.000000
-15.229000 -19.906000 0.988000 183.000000 203.000000 202.000000
-15.230000 -19.888000 0.828000 190.000000 201.000000 205.000000
-15.230000 -19.864000 0.797000 213.000000 212.000000 220.000000
-15.226000 -20.012000 0.872000 104.000000 155.000000 176.000000
-15.228000 -19.967000 0.832000 72.000000 149.000000 167.000000
-15.225000 -20.083000 0.774000 165.000000 161.000000 152.000000
-15.227000 -19.993000 0.825000 88.000000 157.000000 196.000000
-15.229000 -19.897000 0.908000 208.000000 212.000000 223.000000
-15.227000 -19.969000 0.867000 99.000000 146.000000 166.000000
-15.227000 -20.005000 0.830000 74.000000 144.000000 170.000000
-15.229000 -19.911000 0.933000 148.000000 177.000000 195.000000
-15.230000 -19.868000 0.871000 194.000000 205.000000 223.000000
-15.225000 -20.086000 0.797000 175.000000 186.000000 208.000000
-15.229000 -19.883000 1.017000 192.000000 194.000000 191.000000
-15.225000 -20.071000 0.778000 166.000000 162.000000 153.000000
-15.229000 -19.911000 0.876000 125.000000 154.000000 152.000000
-15.229000 -19.917000 0.923000 109.000000 145.000000 171.000000
-15.229000 -19.908000 0.855000 179.000000 196.000000 222.000000
-15.228000 -19.937000 0.948000 102.000000 161.000000 143.000000
-15.231000 -19.859000 0.798000 168.000000 166.000000 167.000000
-15.228000 -19.958000 0.827000 86.000000 155.000000 170.000000
-15.230000 -19.860000 0.843000 204.000000 208.000000 217.000000
-15.227000 -19.982000 0.887000 89.000000 156.000000 164.000000
-15.228000 -19.964000 0.896000 99.000000 165.000000 163.000000
-15.230000 -19.897000 0.787000 194.000000 201.000000 211.000000
-15.227000 -19.995000 0.772000 120.000000 115.000000 112.000000
-15.230000 -19.882000 0.801000 195.000000 201.000000 213.000000
-15.226000 -20.040000 0.842000 89.000000 154.000000 156.000000
-15.228000 -19.953000 0.786000 189.000000 196.000000 202.000000
-15.228000 -19.944000 0.805000 107.000000 148.000000 180.000000
-15.228000 -19.971000 0.820000 74.000000 149.000000 180.000000
-15.227000 -19.971000 0.864000 121.000000 154.000000 197.000000
-15.227000 -19.970000 0.870000 97.000000 145.000000 168.000000
-15.228000 -19.945000 0.840000 83.000000 158.000000 151.000000
-15.229000 -19.916000 0.835000 80.000000 151.000000 157.000000
-15.229000 -19.922000 0.944000 109.000000 171.000000 158.000000
-15.230000 -19.862000 1.083000 207.000000 208.000000 213.000000
-15.229000 -19.905000 1.039000 213.000000 215.000000 228.000000
-15.227000 -19.972000 0.876000 137.000000 176.000000 158.000000
-15.228000 -19.939000 0.976000 196.000000 203.000000 221.000000
-15.229000 -19.898000 0.844000 196.000000 193.000000 214.000000
-15.230000 -19.876000 0.866000 184.000000 200.000000 226.000000
-15.229000 -19.910000 0.847000 126.000000 170.000000 171.000000
-15.226000 -20.007000 0.892000 95.000000 148.000000 154.000000
-15.229000 -19.901000 1.035000 210.000000 214.000000 225.000000
-15.229000 -19.905000 0.826000 191.000000 204.000000 220.000000
-15.230000 -19.871000 1.007000 182.000000 182.000000 174.000000
-15.230000 -19.880000 0.996000 177.000000 182.000000 178.000000
-15.228000 -19.944000 0.877000 178.000000 187.000000 122.000000
-15.230000 -19.861000 0.824000 204.000000 204.000000 214.000000
-15.228000 -19.919000 1.020000 197.000000 198.000000 193.000000
-15.225000 -20.070000 0.794000 167.000000 179.000000 195.000000
-15.228000 -19.968000 0.811000 78.000000 145.000000 197.000000
-15.228000 -19.968000 0.866000 92.000000 135.000000 170.000000
-15.228000 -19.967000 0.854000 184.000000 211.000000 230.000000
-15.230000 -19.878000 0.785000 196.000000 203.000000 211.000000
-15.228000 -19.952000 0.937000 144.000000 184.000000 150.000000
-15.230000 -19.892000 0.814000 188.000000 201.000000 209.000000
-15.231000 -19.854000 0.885000 169.000000 170.000000 174.000000
-15.226000 -20.023000 0.833000 70.000000 143.000000 162.000000
-15.229000 -19.915000 0.849000 106.000000 161.000000 158.000000
-15.228000 -19.947000 0.894000 98.000000 153.000000 147.000000
-15.228000 -19.936000 0.835000 77.000000 152.000000 157.000000
-15.228000 -19.949000 0.777000 172.000000 171.000000 179.000000
-15.228000 -19.951000 0.867000 85.000000 130.000000 161.000000
-15.228000 -19.943000 0.898000 112.000000 162.000000 163.000000
-15.229000 -19.888000 1.075000 210.000000 220.000000 232.000000
-15.228000 -19.946000 0.981000 195.000000 207.000000 223.000000
-15.230000 -19.878000 0.783000 199.000000 206.000000 212.000000
-15.226000 -20.034000 0.864000 157.000000 180.000000 212.000000
-15.227000 -19.979000 0.896000 92.000000 154.000000 151.000000
-15.229000 -19.907000 1.045000 205.000000 212.000000 220.000000
-15.228000 -19.970000 0.844000 89.000000 143.000000 155.000000
-15.227000 -19.968000 0.940000 97.000000 157.000000 147.000000
-15.226000 -20.043000 0.812000 74.000000 125.000000 156.000000
-15.226000 -20.030000 0.792000 175.000000 169.000000 183.000000
-15.227000 -19.978000 0.774000 137.000000 135.000000 136.000000
-15.228000 -19.941000 0.891000 98.000000 148.000000 123.000000
-15.230000 -19.874000 0.916000 205.000000 210.000000 229.000000
-15.226000 -20.031000 0.865000 96.000000 130.000000 168.000000
-15.230000 -19.876000 0.829000 202.000000 204.000000 216.000000
-15.227000 -20.010000 0.794000 175.000000 187.000000 203.000000
-15.227000 -19.970000 0.908000 108.000000 151.000000 144.000000
-15.231000 -19.855000 0.858000 187.000000 193.000000 193.000000
-15.230000 -19.859000 1.087000 211.000000 212.000000 214.000000
-15.231000 -20.069000 1.198000 195.000000 202.000000 194.000000
-15.230000 -19.927000 1.132000 206.000000 212.000000 212.000000
-15.230000 -20.012000 1.130000 179.000000 188.000000 193.000000
-15.230000 -19.917000 1.133000 204.000000 211.000000 203.000000
-15.227000 -20.101000 0.943000 192.000000 203.000000 221.000000
-15.230000 -19.885000 1.171000 203.000000 213.000000 222.000000
-15.227000 -20.113000 0.990000 184.000000 192.000000 203.000000
-15.230000 -19.857000 1.156000 215.000000 213.000000 214.000000
-15.231000 -19.934000 1.200000 199.000000 210.000000 214.000000
-15.229000 -19.918000 1.071000 204.000000 205.000000 200.000000
-15.231000 -19.861000 1.175000 199.000000 202.000000 207.000000
-15.230000 -20.099000 1.165000 189.000000 195.000000 195.000000
-15.229000 -20.058000 1.114000 191.000000 201.000000 202.000000
-15.230000 -19.923000 1.129000 202.000000 208.000000 206.000000
-15.229000 -19.962000 1.110000 200.000000 207.000000 225.000000
-15.228000 -20.056000 0.997000 167.000000 172.000000 168.000000
-15.226000 -20.056000 0.906000 101.000000 157.000000 156.000000
-15.227000 -20.086000 0.942000 92.000000 144.000000 191.000000
-15.229000 -20.083000 1.092000 191.000000 197.000000 197.000000
-15.228000 -19.935000 1.036000 203.000000 209.000000 225.000000
-15.226000 -20.033000 0.889000 103.000000 155.000000 133.000000
-15.231000 -19.888000 1.207000 203.000000 211.000000 213.000000
-15.229000 -20.026000 1.095000 193.000000 201.000000 203.000000
-15.230000 -19.922000 1.141000 203.000000 211.000000 213.000000
-15.229000 -20.073000 1.068000 187.000000 195.000000 198.000000
-15.229000 -20.078000 1.098000 192.000000 197.000000 200.000000
-15.227000 -20.100000 0.970000 187.000000 203.000000 218.000000
-15.230000 -19.854000 1.161000 190.000000 182.000000 179.000000
-15.227000 -20.010000 0.946000 104.000000 169.000000 175.000000
-15.229000 -19.910000 1.096000 191.000000 203.000000 203.000000
-15.227000 -19.997000 0.945000 99.000000 167.000000 186.000000
-15.230000 -20.033000 1.176000 183.000000 184.000000 186.000000
-15.226000 -20.053000 0.908000 97.000000 146.000000 142.000000
-15.226000 -20.072000 0.908000 108.000000 149.000000 155.000000
-15.228000 -20.063000 1.012000 193.000000 194.000000 186.000000
-15.228000 -20.023000 1.048000 195.000000 201.000000 201.000000
-15.229000 -19.983000 1.061000 148.000000 153.000000 147.000000
-15.228000 -19.946000 1.050000 203.000000 212.000000 217.000000
-15.226000 -20.074000 0.906000 112.000000 161.000000 168.000000
-15.227000 -19.986000 0.947000 95.000000 162.000000 191.000000
-15.229000 -20.107000 1.129000 190.000000 174.000000 184.000000
-15.231000 -19.974000 1.203000 169.000000 180.000000 184.000000
-15.226000 -20.063000 0.915000 192.000000 215.000000 223.000000
-15.227000 -20.082000 0.982000 196.000000 204.000000 215.000000
-15.230000 -19.978000 1.178000 199.000000 208.000000 213.000000
-15.230000 -20.043000 1.189000 190.000000 201.000000 197.000000
-15.230000 -20.053000 1.157000 185.000000 192.000000 200.000000
-15.227000 -20.104000 0.956000 201.000000 211.000000 221.000000
-15.230000 -19.896000 1.178000 201.000000 210.000000 215.000000
-15.231000 -19.908000 1.185000 208.000000 204.000000 218.000000
-15.231000 -20.081000 1.207000 194.000000 199.000000 192.000000
-15.229000 -19.951000 1.085000 197.000000 206.000000 201.000000
-15.227000 -20.086000 0.941000 92.000000 144.000000 191.000000
-15.228000 -20.003000 1.037000 197.000000 201.000000 200.000000
-15.229000 -20.002000 1.072000 185.000000 199.000000 212.000000
-15.230000 -20.072000 1.171000 189.000000 196.000000 180.000000
-15.228000 -20.088000 1.055000 186.000000 194.000000 197.000000
-15.227000 -20.012000 0.966000 97.000000 157.000000 158.000000
-15.226000 -20.061000 0.887000 92.000000 158.000000 180.000000
-15.230000 -19.884000 1.119000 201.000000 206.000000 210.000000
-15.228000 -19.974000 0.995000 169.000000 180.000000 182.000000
-15.229000 -20.042000 1.069000 191.000000 190.000000 195.000000
-15.227000 -20.100000 0.988000 192.000000 198.000000 212.000000
-15.229000 -19.920000 1.105000 202.000000 206.000000 209.000000
-15.231000 -19.855000 1.188000 111.000000 104.000000 96.000000
-15.229000 -19.964000 1.070000 199.000000 208.000000 217.000000
-15.230000 -19.999000 1.181000 194.000000 201.000000 194.000000
-15.226000 -20.046000 0.925000 103.000000 145.000000 203.000000
-15.231000 -20.006000 1.194000 189.000000 200.000000 196.000000
-15.226000 -20.093000 0.922000 192.000000 209.000000 229.000000
-15.230000 -19.880000 1.144000 198.000000 208.000000 218.000000
-15.226000 -20.076000 0.898000 108.000000 167.000000 171.000000
-15.230000 -19.908000 1.135000 202.000000 214.000000 200.000000
-15.228000 -20.112000 1.039000 193.000000 199.000000 199.000000
-15.229000 -20.016000 1.125000 191.000000 200.000000 205.000000
-15.231000 -19.868000 1.180000 206.000000 216.000000 228.000000
-15.228000 -20.008000 0.993000 194.000000 207.000000 215.000000
-15.228000 -19.996000 1.026000 199.000000 204.000000 200.000000
-15.229000 -20.025000 1.095000 193.000000 201.000000 203.000000
-15.231000 -19.893000 1.207000 200.000000 208.000000 210.000000
-15.228000 -20.099000 1.003000 180.000000 182.000000 181.000000
-15.230000 -19.891000 1.169000 200.000000 211.000000 217.000000
-15.231000 -19.939000 1.189000 206.000000 209.000000 216.000000
-15.226000 -20.039000 0.871000 117.000000 158.000000 178.000000
-15.225000 -20.105000 0.840000 140.000000 142.000000 139.000000
-15.224000 -20.100000 0.793000 174.000000 181.000000 197.000000
-15.229000 -19.972000 1.074000 201.000000 208.000000 216.000000
-15.230000 -19.952000 1.134000 202.000000 209.000000 217.000000
-15.231000 -19.991000 1.190000 195.000000 204.000000 199.000000
-15.230000 -20.050000 1.188000 192.000000 201.000000 198.000000
-15.230000 -19.911000 1.177000 209.000000 207.000000 218.000000
-15.230000 -20.091000 1.142000 192.000000 190.000000 204.000000
-15.229000 -19.933000 1.081000 215.000000 216.000000 210.000000
-15.230000 -20.007000 1.153000 197.000000 206.000000 211.000000
-15.226000 -20.088000 0.869000 114.000000 153.000000 196.000000
-15.227000 -20.048000 0.978000 193.000000 203.000000 213.000000
-15.230000 -20.004000 1.177000 198.000000 205.000000 198.000000
-15.227000 -20.090000 0.955000 126.000000 159.000000 174.000000
-15.228000 -19.982000 1.021000 201.000000 203.000000 198.000000
-15.228000 -19.999000 0.996000 171.000000 176.000000 180.000000
-15.231000 -19.917000 1.203000 198.000000 208.000000 218.000000
-15.229000 -19.939000 1.082000 205.000000 207.000000 196.000000
-15.228000 -19.986000 1.055000 158.000000 163.000000 156.000000
-15.229000 -20.082000 1.126000 188.000000 186.000000 197.000000
-15.231000 -20.025000 1.194000 197.000000 197.000000 195.000000
-15.229000 -19.972000 1.102000 206.000000 214.000000 216.000000
-15.229000 -20.025000 1.121000 181.000000 193.000000 193.000000
-15.227000 -20.042000 0.939000 145.000000 187.000000 151.000000
-15.231000 -19.876000 1.204000 204.000000 211.000000 219.000000
-15.230000 -19.946000 1.143000 200.000000 209.000000 218.000000
-15.228000 -20.047000 1.046000 197.000000 200.000000 205.000000
-15.229000 -19.920000 1.103000 201.000000 205.000000 208.000000
-15.229000 -20.087000 1.086000 190.000000 199.000000 198.000000
-15.226000 -20.087000 0.889000 115.000000 153.000000 164.000000
-15.228000 -19.952000 1.009000 181.000000 178.000000 171.000000
-15.230000 -20.013000 1.151000 187.000000 191.000000 200.000000
-15.229000 -19.955000 1.073000 200.000000 209.000000 192.000000
-15.229000 -19.947000 1.091000 207.000000 216.000000 225.000000
-15.230000 -20.082000 1.189000 196.000000 201.000000 194.000000
-15.228000 -20.066000 1.027000 199.000000 205.000000 201.000000
-15.230000 -19.973000 1.163000 196.000000 206.000000 215.000000
-15.230000 -19.910000 1.175000 207.000000 207.000000 217.000000
-15.227000 -20.012000 0.975000 186.000000 210.000000 220.000000
-15.230000 -19.872000 1.145000 199.000000 211.000000 225.000000
-15.227000 -20.111000 0.990000 175.000000 181.000000 193.000000
-15.230000 -19.993000 1.145000 201.000000 211.000000 210.000000
-15.230000 -19.894000 1.122000 207.000000 210.000000 219.000000
-15.229000 -20.001000 1.097000 179.000000 188.000000 195.000000
-15.229000 -19.881000 1.107000 204.000000 213.000000 228.000000
-15.230000 -20.023000 1.165000 182.000000 182.000000 190.000000
-15.230000 -19.910000 1.134000 197.000000 208.000000 191.000000
-15.230000 -20.097000 1.193000 197.000000 202.000000 196.000000
-15.230000 -20.044000 1.130000 188.000000 196.000000 207.000000
-15.231000 -20.024000 1.195000 197.000000 197.000000 195.000000
-15.227000 -20.103000 0.959000 194.000000 204.000000 214.000000
-15.229000 -20.061000 1.099000 184.000000 193.000000 200.000000
-15.228000 -19.971000 0.989000 197.000000 211.000000 222.000000
-15.226000 -20.101000 0.902000 176.000000 186.000000 195.000000
-15.230000 -19.917000 1.141000 204.000000 208.000000 211.000000
-15.229000 -19.969000 1.112000 204.000000 214.000000 226.000000
-15.229000 -19.996000 1.079000 193.000000 202.000000 209.000000
-15.231000 -20.013000 1.195000 193.000000 203.000000 195.000000
-15.228000 -20.049000 1.039000 197.000000 203.000000 203.000000
-15.229000 -20.038000 1.063000 196.000000 196.000000 198.000000
-15.228000 -20.007000 1.049000 195.000000 203.000000 205.000000
-15.229000 -20.071000 1.126000 182.000000 189.000000 195.000000
-15.229000 -19.928000 1.083000 205.000000 206.000000 208.000000
-15.230000 -19.917000 1.162000 206.000000 211.000000 217.000000
-15.229000 -20.072000 1.105000 195.000000 200.000000 204.000000
-15.229000 -19.973000 1.085000 204.000000 208.000000 209.000000
-15.230000 -20.096000 1.142000 201.000000 195.000000 205.000000
-15.225000 -20.082000 0.816000 94.000000 151.000000 206.000000
-15.229000 -20.073000 1.090000 192.000000 201.000000 206.000000
-15.226000 -20.036000 0.875000 146.000000 182.000000 178.000000
-15.227000 -20.079000 0.980000 193.000000 201.000000 214.000000
-15.229000 -19.968000 1.073000 201.000000 208.000000 218.000000
-15.228000 -19.957000 1.019000 202.000000 205.000000 196.000000
-15.230000 -19.914000 1.119000 189.000000 185.000000 186.000000
-15.228000 -20.007000 1.020000 197.000000 203.000000 199.000000
-15.231000 -19.906000 1.200000 200.000000 208.000000 219.000000
-15.230000 -19.953000 1.154000 207.000000 206.000000 220.000000
-15.228000 -19.994000 1.001000 175.000000 179.000000 180.000000
-15.228000 -20.076000 1.023000 203.000000 208.000000 202.000000
-15.229000 -19.918000 1.113000 177.000000 181.000000 182.000000
-15.225000 -20.111000 0.854000 135.000000 131.000000 128.000000
-15.229000 -19.958000 1.053000 202.000000 210.000000 223.000000
-15.231000 -19.901000 1.195000 198.000000 206.000000 217.000000
-15.229000 -20.078000 1.093000 191.000000 199.000000 201.000000
-15.230000 -19.966000 1.124000 197.000000 207.000000 219.000000
-15.227000 -19.992000 0.941000 101.000000 164.000000 195.000000
-15.228000 -20.093000 1.041000 194.000000 199.000000 202.000000
-15.230000 -20.010000 1.130000 190.000000 204.000000 207.000000
-15.229000 -19.933000 1.097000 165.000000 169.000000 181.000000
-15.229000 -19.933000 1.059000 209.000000 212.000000 219.000000
-15.225000 -20.085000 0.863000 167.000000 198.000000 229.000000
-15.228000 -20.077000 1.056000 189.000000 196.000000 202.000000
-15.228000 -19.952000 0.996000 146.000000 152.000000 150.000000
-15.227000 -20.004000 0.953000 102.000000 169.000000 177.000000
-15.227000 -20.110000 0.953000 205.000000 214.000000 231.000000
-15.228000 -20.052000 1.046000 198.000000 199.000000 204.000000
-15.230000 -19.925000 1.141000 202.000000 212.000000 213.000000
-15.228000 -20.030000 1.060000 194.000000 195.000000 197.000000
-15.229000 -20.097000 1.080000 190.000000 198.000000 200.000000
-15.230000 -19.892000 1.145000 204.000000 213.000000 218.000000
-15.228000 -20.046000 1.050000 191.000000 198.000000 204.000000
-15.229000 -19.917000 1.054000 180.000000 183.000000 188.000000
-15.226000 -20.040000 0.895000 106.000000 159.000000 139.000000
-15.228000 -19.938000 1.047000 203.000000 212.000000 227.000000
-15.226000 -20.085000 0.869000 102.000000 148.000000 197.000000
-15.231000 -19.897000 1.197000 201.000000 208.000000 218.000000
-15.227000 -19.987000 0.947000 95.000000 162.000000 191.000000
-15.229000 -20.033000 1.098000 192.000000 201.000000 206.000000
-15.225000 -20.108000 0.861000 132.000000 131.000000 127.000000
-15.231000 -19.936000 1.192000 204.000000 209.000000 215.000000
-15.227000 -20.093000 0.966000 167.000000 191.000000 203.000000
-15.226000 -20.046000 0.915000 197.000000 217.000000 241.000000
-15.229000 -19.917000 1.099000 199.000000 203.000000 206.000000
-15.228000 -19.967000 0.989000 195.000000 212.000000 220.000000
-15.228000 -20.091000 1.048000 186.000000 194.000000 197.000000
-15.226000 -20.101000 0.927000 187.000000 199.000000 215.000000
-15.226000 -20.069000 0.929000 96.000000 155.000000 197.000000
-15.230000 -19.902000 1.142000 202.000000 210.000000 212.000000
-15.229000 -19.916000 1.088000 198.000000 203.000000 209.000000
-15.230000 -19.884000 1.121000 201.000000 206.000000 210.000000
-15.229000 -19.974000 1.114000 208.000000 216.000000 219.000000
-15.227000 -20.053000 0.932000 123.000000 170.000000 216.000000
-15.231000 -19.932000 1.200000 200.000000 209.000000 214.000000
-15.224000 -20.113000 0.775000 169.000000 165.000000 164.000000
-15.229000 -20.031000 1.114000 192.000000 202.000000 203.000000
-15.229000 -20.072000 1.116000 192.000000 195.000000 200.000000
-15.228000 -19.938000 1.030000 203.000000 210.000000 220.000000
-15.229000 -20.106000 1.113000 183.000000 171.000000 183.000000
-15.230000 -20.069000 1.137000 184.000000 191.000000 199.000000
-15.226000 -20.052000 0.916000 197.000000 217.000000 228.000000
-15.229000 -20.097000 1.088000 189.000000 197.000000 199.000000
-15.229000 -20.066000 1.124000 184.000000 191.000000 197.000000
-15.229000 -19.982000 1.100000 172.000000 173.000000 165.000000
-15.227000 -20.006000 0.934000 123.000000 168.000000 199.000000
-15.231000 -20.036000 1.205000 198.000000 200.000000 195.000000
-15.230000 -19.895000 1.145000 203.000000 212.000000 217.000000
-15.231000 -19.911000 1.181000 209.000000 205.000000 219.000000
-15.230000 -19.908000 1.143000 201.000000 209.000000 211.000000
-15.230000 -19.858000 1.165000 203.000000 203.000000 211.000000
-15.231000 -19.997000 1.203000 153.000000 169.000000 185.000000
-15.229000 -20.102000 1.079000 191.000000 199.000000 201.000000
-15.230000 -19.876000 1.157000 180.000000 182.000000 205.000000
-15.230000 -20.088000 1.134000 194.000000 188.000000 200.000000
-15.229000 -19.882000 1.108000 204.000000 213.000000 228.000000
-15.230000 -20.094000 1.190000 195.000000 200.000000 194.000000
-15.228000 -20.060000 1.003000 178.000000 177.000000 172.000000
-15.230000 -19.946000 1.175000 195.000000 207.000000 219.000000
-15.229000 -19.934000 1.065000 203.000000 204.000000 186.000000
-15.227000 -20.070000 0.978000 197.000000 205.000000 218.000000
-15.228000 -19.999000 1.040000 200.000000 200.000000 198.000000
-15.228000 -20.071000 1.032000 195.000000 204.000000 203.000000
-15.231000 -19.915000 1.188000 196.000000 207.000000 227.000000
-15.230000 -20.032000 1.167000 172.000000 171.000000 177.000000
-15.229000 -19.992000 1.109000 206.000000 210.000000 211.000000
-15.226000 -20.019000 0.925000 98.000000 143.000000 200.000000
-15.226000 -20.014000 0.915000 188.000000 209.000000 230.000000
-15.228000 -20.018000 1.042000 193.000000 201.000000 203.000000
-15.228000 -20.053000 1.061000 189.000000 200.000000 206.000000
-15.226000 -20.031000 0.890000 101.000000 152.000000 137.000000
-15.230000 -20.047000 1.129000 185.000000 195.000000 205.000000
-15.230000 -20.008000 1.171000 194.000000 198.000000 197.000000
-15.230000 -20.079000 1.169000 181.000000 189.000000 166.000000
-15.230000 -20.108000 1.181000 196.000000 204.000000 193.000000
-15.230000 -20.045000 1.160000 192.000000 197.000000 203.000000
-15.227000 -20.021000 0.943000 111.000000 164.000000 156.000000
-15.230000 -20.054000 1.153000 187.000000 196.000000 205.000000
-15.230000 -20.043000 1.176000 193.000000 197.000000 198.000000
-15.230000 -19.974000 1.187000 201.000000 204.000000 213.000000
-15.230000 -20.018000 1.189000 195.000000 200.000000 196.000000
-15.227000 -20.093000 1.001000 170.000000 176.000000 176.000000
-15.226000 -20.104000 0.906000 180.000000 190.000000 199.000000
-15.229000 -19.933000 1.067000 191.000000 191.000000 179.000000
-15.229000 -20.021000 1.123000 187.000000 197.000000 199.000000
-15.227000 -20.103000 0.999000 181.000000 183.000000 182.000000
-15.227000 -19.983000 0.960000 100.000000 165.000000 171.000000
-15.230000 -20.010000 1.164000 196.000000 200.000000 203.000000
-15.230000 -19.969000 1.168000 194.000000 204.000000 214.000000
-15.227000 -19.992000 0.963000 104.000000 164.000000 165.000000
-15.226000 -20.112000 0.892000 119.000000 123.000000 126.000000
-15.227000 -20.103000 0.947000 194.000000 208.000000 221.000000
-15.230000 -19.948000 1.176000 200.000000 206.000000 220.000000
-15.229000 -20.097000 1.100000 195.000000 194.000000 199.000000
-15.230000 -20.098000 1.174000 194.000000 196.000000 193.000000
-15.229000 -19.914000 1.069000 204.000000 215.000000 221.000000
-15.230000 -19.960000 1.124000 201.000000 208.000000 224.000000
-15.229000 -20.080000 1.082000 190.000000 198.000000 200.000000
-15.230000 -20.062000 1.189000 197.000000 202.000000 196.000000
-15.227000 -20.015000 0.929000 106.000000 152.000000 211.000000
-15.225000 -20.095000 0.825000 156.000000 177.000000 208.000000
-15.228000 -20.022000 1.053000 193.000000 199.000000 197.000000
-15.228000 -19.939000 1.035000 204.000000 210.000000 226.000000
-15.228000 -20.053000 1.056000 191.000000 202.000000 208.000000
-15.226000 -20.021000 0.914000 192.000000 215.000000 229.000000
-15.230000 -19.928000 1.155000 201.000000 212.000000 216.000000
-15.229000 -19.941000 1.103000 195.000000 201.000000 213.000000
-15.229000 -20.015000 1.088000 197.000000 204.000000 214.000000
-15.228000 -20.062000 1.007000 180.000000 180.000000 172.000000
-15.231000 -19.872000 1.201000 204.000000 211.000000 221.000000
-15.229000 -19.974000 1.099000 204.000000 212.000000 214.000000
-15.231000 -19.882000 1.181000 202.000000 215.000000 223.000000
-15.230000 -20.085000 1.145000 192.000000 192.000000 202.000000
-15.227000 -20.070000 0.972000 172.000000 201.000000 207.000000
-15.230000 -19.907000 1.120000 204.000000 202.000000 203.000000
-15.226000 -20.098000 0.913000 192.000000 201.000000 218.000000
-15.229000 -19.927000 1.056000 210.000000 213.000000 222.000000
-15.227000 -20.029000 0.949000 100.000000 160.000000 148.000000
-15.226000 -20.070000 0.889000 82.000000 154.000000 178.000000
-15.230000 -19.892000 1.138000 202.000000 212.000000 213.000000
-15.228000 -19.998000 1.001000 171.000000 175.000000 176.000000
-15.228000 -20.108000 1.061000 192.000000 198.000000 198.000000
-15.230000 -19.888000 1.126000 193.000000 202.000000 201.000000
-15.227000 -20.077000 0.973000 190.000000 208.000000 218.000000
-15.225000 -20.068000 0.852000 187.000000 215.000000 227.000000
-15.229000 -20.108000 1.098000 199.000000 198.000000 203.000000
-15.230000 -19.918000 1.149000 199.000000 211.000000 223.000000
-15.227000 -20.009000 0.971000 156.000000 188.000000 203.000000
-15.227000 -20.081000 0.939000 97.000000 157.000000 207.000000
-15.227000 -20.028000 0.931000 118.000000 157.000000 196.000000
-15.230000 -20.080000 1.194000 196.000000 201.000000 194.000000
-15.228000 -20.085000 1.037000 199.000000 204.000000 207.000000
-15.229000 -19.924000 1.103000 207.000000 210.000000 217.000000
-15.227000 -20.091000 0.986000 191.000000 205.000000 214.000000
-15.227000 -20.031000 0.951000 100.000000 161.000000 145.000000
-15.229000 -19.975000 1.082000 204.000000 208.000000 211.000000
-15.227000 -20.104000 0.996000 179.000000 180.000000 182.000000
-15.228000 -19.977000 1.033000 197.000000 207.000000 208.000000
-15.227000 -20.080000 0.954000 77.000000 153.000000 169.000000
-15.229000 -20.008000 1.098000 145.000000 158.000000 167.000000
-15.230000 -19.922000 1.139000 203.000000 212.000000 209.000000
-15.230000 -19.993000 1.173000 175.000000 185.000000 184.000000
-15.230000 -19.984000 1.130000 188.000000 195.000000 188.000000
-15.225000 -20.105000 0.849000 138.000000 132.000000 136.000000
-15.228000 -20.061000 1.003000 178.000000 177.000000 172.000000
-15.228000 -20.078000 1.025000 199.000000 204.000000 200.000000
-15.227000 -20.088000 0.995000 172.000000 180.000000 182.000000
-15.230000 -19.933000 1.164000 167.000000 127.000000 127.000000
-15.225000 -20.104000 0.842000 160.000000 166.000000 164.000000
-15.230000 -19.922000 1.176000 192.000000 146.000000 148.000000
-15.230000 -20.078000 1.149000 194.000000 198.000000 197.000000
-15.227000 -20.025000 0.989000 188.000000 202.000000 211.000000
-15.229000 -19.909000 1.072000 205.000000 215.000000 227.000000
-15.229000 -19.918000 1.069000 213.000000 214.000000 209.000000
-15.230000 -19.901000 1.166000 199.000000 210.000000 216.000000
-15.229000 -19.947000 1.081000 202.000000 209.000000 193.000000
-15.230000 -19.957000 1.136000 201.000000 208.000000 218.000000
-15.230000 -19.995000 1.159000 202.000000 210.000000 212.000000
-15.227000 -20.002000 0.941000 101.000000 160.000000 174.000000
-15.230000 -20.104000 1.169000 183.000000 187.000000 186.000000
-15.230000 -20.096000 1.174000 197.000000 199.000000 196.000000
-15.226000 -20.049000 0.869000 109.000000 148.000000 189.000000
-15.228000 -19.965000 0.989000 196.000000 213.000000 221.000000
-15.231000 -19.879000 1.203000 204.000000 211.000000 219.000000
-15.229000 -19.956000 1.113000 200.000000 208.000000 221.000000
-15.228000 -20.074000 1.025000 200.000000 205.000000 201.000000
-15.229000 -19.985000 1.062000 128.000000 133.000000 127.000000
-15.227000 -20.022000 0.936000 141.000000 186.000000 179.000000
-15.229000 -20.084000 1.098000 193.000000 198.000000 201.000000
-15.228000 -20.071000 1.040000 191.000000 199.000000 201.000000
-15.229000 -20.061000 1.122000 186.000000 194.000000 197.000000
-15.229000 -19.985000 1.093000 136.000000 137.000000 129.000000
-15.228000 -20.056000 1.001000 177.000000 182.000000 178.000000
-15.227000 -20.111000 0.940000 177.000000 181.000000 192.000000
-15.227000 -20.011000 0.972000 156.000000 188.000000 203.000000
-15.229000 -20.059000 1.089000 186.000000 201.000000 208.000000
-15.229000 -20.047000 1.087000 183.000000 196.000000 204.000000
-15.229000 -19.964000 1.097000 197.000000 207.000000 217.000000
-15.227000 -20.064000 0.968000 113.000000 154.000000 156.000000
-15.231000 -19.955000 1.191000 200.000000 207.000000 217.000000
-15.226000 -20.064000 0.895000 94.000000 164.000000 156.000000
-15.229000 -19.960000 1.112000 203.000000 210.000000 226.000000
-15.225000 -20.085000 0.825000 104.000000 148.000000 193.000000
-15.230000 -20.010000 1.165000 196.000000 200.000000 203.000000
-15.227000 -19.992000 0.947000 99.000000 166.000000 193.000000
-15.228000 -19.993000 0.996000 167.000000 175.000000 178.000000
-15.228000 -20.084000 1.060000 190.000000 198.000000 201.000000
-15.227000 -20.096000 0.997000 179.000000 183.000000 184.000000
-15.228000 -20.048000 1.015000 206.000000 209.000000 202.000000
-15.228000 -20.009000 1.011000 178.000000 177.000000 172.000000
-15.227000 -20.016000 0.965000 90.000000 150.000000 151.000000
-15.225000 -20.093000 0.864000 173.000000 188.000000 211.000000
-15.230000 -19.997000 1.187000 194.000000 205.000000 191.000000
-15.229000 -20.076000 1.128000 191.000000 194.000000 203.000000
-15.226000 -20.077000 0.920000 184.000000 219.000000 241.000000
-15.229000 -20.004000 1.104000 153.000000 163.000000 173.000000
-15.228000 -20.055000 1.042000 201.000000 199.000000 204.000000
-15.227000 -20.057000 0.953000 88.000000 156.000000 167.000000
-15.226000 -20.094000 0.883000 171.000000 189.000000 203.000000
-15.229000 -20.017000 1.081000 142.000000 155.000000 172.000000
-15.229000 -20.106000 1.106000 182.000000 176.000000 186.000000
-15.227000 -20.088000 0.946000 91.000000 135.000000 160.000000
-15.228000 -20.094000 1.025000 202.000000 204.000000 201.000000
-15.230000 -19.859000 1.154000 205.000000 208.000000 213.000000
-15.231000 -19.887000 1.194000 208.000000 212.000000 223.000000
-15.231000 -20.081000 1.207000 194.000000 199.000000 192.000000
-15.228000 -20.020000 1.047000 196.000000 202.000000 202.000000
-15.225000 -20.105000 0.825000 165.000000 155.000000 163.000000
-15.230000 -19.869000 1.137000 202.000000 214.000000 226.000000
-15.227000 -20.040000 0.959000 86.000000 152.000000 142.000000
-15.229000 -19.961000 1.053000 202.000000 209.000000 225.000000
-15.228000 -20.013000 1.052000 197.000000 203.000000 201.000000
-15.227000 -19.991000 0.974000 194.000000 214.000000 223.000000
-15.225000 -20.085000 0.808000 97.000000 148.000000 203.000000
-15.231000 -20.014000 1.194000 193.000000 203.000000 195.000000
-15.229000 -19.916000 1.112000 161.000000 165.000000 166.000000
-15.229000 -19.967000 1.113000 204.000000 214.000000 226.000000
-15.228000 -19.955000 1.043000 202.000000 212.000000 222.000000
-15.225000 -20.086000 0.845000 104.000000 150.000000 150.000000
-15.224000 -20.108000 0.782000 182.000000 183.000000 188.000000
-15.229000 -20.081000 1.120000 191.000000 190.000000 198.000000
-15.227000 -19.969000 0.981000 198.000000 207.000000 222.000000
-15.230000 -19.967000 1.127000 201.000000 210.000000 219.000000
-15.229000 -19.933000 1.093000 175.000000 179.000000 191.000000
-15.229000 -20.110000 1.108000 159.000000 156.000000 165.000000
-15.230000 -19.938000 1.161000 209.000000 213.000000 212.000000
-15.230000 -19.906000 1.130000 202.000000 208.000000 204.000000
-15.226000 -20.105000 0.898000 149.000000 160.000000 162.000000
-15.227000 -20.092000 0.956000 126.000000 159.000000 174.000000
-15.230000 -19.920000 1.151000 200.000000 212.000000 228.000000
-15.226000 -20.020000 0.925000 98.000000 143.000000 200.000000
-15.229000 -20.083000 1.109000 192.000000 193.000000 198.000000
-15.229000 -19.968000 1.063000 197.000000 206.000000 211.000000
-15.231000 -19.990000 1.194000 194.000000 205.000000 201.000000
-15.230000 -20.072000 1.136000 189.000000 193.000000 204.000000
-15.231000 -19.928000 1.203000 198.000000 209.000000 213.000000
-15.227000 -20.048000 0.932000 109.000000 153.000000 188.000000
-15.230000 -20.044000 1.187000 189.000000 201.000000 197.000000
-15.230000 -20.053000 1.178000 189.000000 198.000000 197.000000
-15.230000 -20.053000 1.193000 195.000000 199.000000 198.000000
-15.230000 -19.911000 1.161000 199.000000 209.000000 219.000000
-15.231000 -19.937000 1.188000 208.000000 211.000000 218.000000
-15.229000 -19.995000 1.060000 187.000000 196.000000 193.000000
-15.227000 -20.076000 0.964000 92.000000 147.000000 150.000000
-15.228000 -20.070000 1.011000 178.000000 179.000000 173.000000
-15.231000 -19.884000 1.200000 205.000000 212.000000 220.000000
-15.229000 -20.043000 1.095000 177.000000 189.000000 201.000000
-15.228000 -20.112000 1.033000 198.000000 204.000000 202.000000
-15.228000 -19.987000 1.038000 201.000000 203.000000 200.000000
-15.229000 -20.049000 1.095000 159.000000 171.000000 187.000000
-15.231000 -19.865000 1.206000 207.000000 209.000000 208.000000
-15.228000 -20.100000 1.062000 191.000000 200.000000 199.000000
-15.226000 -20.025000 0.910000 149.000000 183.000000 192.000000
-15.227000 -20.051000 0.958000 88.000000 156.000000 157.000000
-15.225000 -20.095000 0.804000 71.000000 103.000000 141.000000
-15.228000 -19.968000 1.050000 199.000000 209.000000 218.000000
-15.230000 -20.074000 1.175000 191.000000 197.000000 183.000000
-15.228000 -20.020000 1.030000 196.000000 203.000000 196.000000
-15.230000 -20.045000 1.181000 190.000000 196.000000 196.000000
-15.225000 -20.107000 0.842000 140.000000 142.000000 139.000000
-15.227000 -20.057000 0.987000 194.000000 203.000000 212.000000
-15.226000 -20.042000 0.905000 94.000000 150.000000 137.000000
-15.227000 -19.990000 0.959000 104.000000 169.000000 175.000000
-15.227000 -20.103000 0.957000 202.000000 215.000000 224.000000
-15.225000 -20.098000 0.816000 164.000000 194.000000 222.000000
-15.230000 -20.074000 1.190000 197.000000 202.000000 195.000000
-15.231000 -19.983000 1.197000 196.000000 208.000000 206.000000
-15.227000 -19.981000 0.963000 105.000000 155.000000 154.000000
-15.229000 -20.054000 1.065000 191.000000 201.000000 210.000000
-15.228000 -20.050000 1.055000 192.000000 201.000000 206.000000
-15.229000 -20.101000 1.117000 207.000000 195.000000 207.000000
-15.230000 -19.864000 1.137000 205.000000 210.000000 214.000000
-15.228000 -20.000000 1.008000 179.000000 179.000000 171.000000
-15.227000 -19.999000 0.983000 188.000000 195.000000 211.000000
-15.230000 -20.074000 1.133000 190.000000 194.000000 203.000000
-15.230000 -20.069000 1.175000 190.000000 196.000000 186.000000
-15.230000 -19.921000 1.161000 206.000000 210.000000 221.000000
-15.227000 -20.016000 0.938000 123.000000 175.000000 162.000000
-15.229000 -20.094000 1.100000 193.000000 194.000000 198.000000
-15.229000 -20.017000 1.096000 194.000000 198.000000 207.000000
-15.231000 -20.025000 1.199000 197.000000 198.000000 193.000000
-15.228000 -19.944000 1.038000 202.000000 208.000000 224.000000
-15.228000 -19.968000 1.014000 176.000000 177.000000 171.000000
-15.229000 -19.925000 1.087000 209.000000 209.000000 219.000000
-15.229000 -19.906000 1.079000 202.000000 210.000000 223.000000
-15.230000 -20.105000 1.177000 201.000000 202.000000 197.000000
-15.229000 -20.046000 1.106000 180.000000 190.000000 199.000000
-15.230000 -19.964000 1.147000 201.000000 211.000000 220.000000
-15.229000 -19.992000 1.100000 214.000000 216.000000 215.000000
-15.230000 -19.862000 1.156000 208.000000 214.000000 226.000000
-15.231000 -20.043000 1.198000 193.000000 202.000000 197.000000
-15.230000 -19.930000 1.143000 202.000000 210.000000 213.000000
-15.227000 -20.093000 0.995000 173.000000 178.000000 181.000000
-15.230000 -19.981000 1.148000 194.000000 204.000000 203.000000
-15.227000 -20.107000 0.962000 197.000000 207.000000 217.000000
-15.226000 -20.103000 0.888000 146.000000 157.000000 161.000000
-15.225000 -20.076000 0.820000 97.000000 151.000000 197.000000
-15.230000 -20.030000 1.180000 197.000000 198.000000 200.000000
-15.229000 -19.930000 1.101000 182.000000 186.000000 198.000000
-15.231000 -20.019000 1.206000 195.000000 200.000000 193.000000
-15.226000 -20.049000 0.893000 95.000000 156.000000 141.000000
-15.227000 -20.032000 0.943000 112.000000 151.000000 132.000000
-15.226000 -20.036000 0.882000 141.000000 176.000000 134.000000
-15.231000 -19.866000 1.194000 201.000000 208.000000 214.000000
-15.228000 -20.024000 1.008000 172.000000 174.000000 171.000000
-15.228000 -20.093000 1.013000 204.000000 206.000000 201.000000
-15.229000 -19.946000 1.054000 204.000000 213.000000 210.000000
-15.230000 -20.014000 1.139000 162.000000 169.000000 177.000000
-15.228000 -20.030000 1.001000 175.000000 179.000000 178.000000
-15.230000 -19.957000 1.159000 196.000000 209.000000 218.000000
-15.230000 -19.876000 1.156000 172.000000 177.000000 197.000000
-15.225000 -20.094000 0.816000 128.000000 166.000000 203.000000
-15.229000 -20.074000 1.084000 187.000000 195.000000 198.000000
-15.227000 -19.979000 0.966000 105.000000 155.000000 154.000000
-15.224000 -20.096000 0.802000 89.000000 108.000000 140.000000
-15.226000 -20.036000 0.896000 108.000000 161.000000 145.000000
-15.230000 -19.975000 1.134000 200.000000 209.000000 206.000000
-15.230000 -20.087000 1.136000 198.000000 192.000000 204.000000
-15.230000 -19.994000 1.189000 196.000000 206.000000 198.000000
-15.229000 -19.975000 1.102000 206.000000 214.000000 216.000000
-15.228000 -19.933000 1.033000 205.000000 211.000000 223.000000
-15.230000 -20.024000 1.163000 182.000000 182.000000 190.000000
-15.225000 -20.078000 0.816000 90.000000 147.000000 202.000000
-15.226000 -20.050000 0.913000 189.000000 214.000000 221.000000
-15.227000 -20.074000 0.978000 197.000000 205.000000 218.000000
-15.228000 -19.976000 1.045000 198.000000 206.000000 208.000000
-15.228000 -20.111000 1.020000 205.000000 208.000000 201.000000
-15.230000 -20.046000 1.132000 174.000000 184.000000 194.000000
-15.229000 -19.976000 1.059000 206.000000 212.000000 210.000000
-15.230000 -20.064000 1.149000 190.000000 198.000000 200.000000
-15.230000 -20.028000 1.153000 167.000000 169.000000 181.000000
-15.230000 -19.910000 1.133000 201.000000 212.000000 196.000000
-15.227000 -20.076000 0.964000 92.000000 147.000000 150.000000
-15.228000 -20.000000 0.994000 189.000000 194.000000 200.000000
-15.229000 -19.934000 1.051000 206.000000 212.000000 226.000000
-15.230000 -20.047000 1.165000 191.000000 194.000000 199.000000
-15.229000 -19.919000 1.098000 203.000000 207.000000 210.000000
-15.230000 -19.883000 1.171000 203.000000 213.000000 222.000000
-15.230000 -19.919000 1.179000 213.000000 197.000000 198.000000
-15.230000 -20.000000 1.177000 196.000000 202.000000 198.000000
-15.230000 -19.976000 1.165000 197.000000 208.000000 214.000000
-15.226000 -20.052000 0.877000 144.000000 180.000000 168.000000
-15.228000 -20.029000 1.045000 191.000000 201.000000 203.000000
-15.228000 -20.052000 1.001000 175.000000 180.000000 176.000000
-15.225000 -20.076000 0.864000 154.000000 196.000000 220.000000
-15.230000 -20.001000 1.156000 196.000000 204.000000 207.000000
-15.227000 -20.026000 0.964000 84.000000 138.000000 138.000000
-15.229000 -19.947000 1.091000 207.000000 216.000000 225.000000
-15.231000 -19.966000 1.193000 201.000000 203.000000 224.000000
-15.230000 -20.035000 1.177000 189.000000 190.000000 192.000000
-15.227000 -20.070000 0.949000 75.000000 156.000000 175.000000
-15.227000 -20.054000 0.969000 114.000000 155.000000 159.000000
-15.227000 -20.057000 0.971000 166.000000 195.000000 201.000000
-15.231000 -19.901000 1.190000 200.000000 207.000000 223.000000
-15.230000 -19.979000 1.170000 204.000000 215.000000 217.000000
-15.230000 -19.875000 1.130000 204.000000 213.000000 218.000000
-15.226000 -20.034000 0.884000 114.000000 155.000000 115.000000
-15.229000 -19.915000 1.064000 200.000000 215.000000 210.000000
-15.230000 -20.022000 1.181000 194.000000 196.000000 195.000000
-15.229000 -20.092000 1.133000 189.000000 181.000000 192.000000
-15.226000 -20.022000 0.917000 195.000000 216.000000 233.000000
-15.225000 -20.112000 0.864000 124.000000 123.000000 121.000000
-15.228000 -20.020000 0.993000 185.000000 199.000000 210.000000
-15.230000 -19.929000 1.170000 181.000000 110.000000 114.000000
-15.230000 -19.951000 1.133000 199.000000 206.000000 212.000000
-15.228000 -20.068000 1.013000 194.000000 195.000000 187.000000
-15.231000 -19.917000 1.191000 207.000000 205.000000 216.000000
-15.227000 -19.988000 0.988000 186.000000 194.000000 207.000000
-15.230000 -20.073000 1.154000 178.000000 186.000000 173.000000
-15.226000 -20.016000 0.923000 133.000000 167.000000 212.000000
-15.228000 -20.074000 1.023000 203.000000 208.000000 202.000000
-15.230000 -19.980000 1.163000 203.000000 214.000000 218.000000
-15.231000 -20.004000 1.191000 190.000000 201.000000 185.000000
-15.226000 -20.034000 0.905000 95.000000 148.000000 140.000000
-15.226000 -20.038000 0.907000 100.000000 149.000000 146.000000
-15.229000 -20.045000 1.072000 188.000000 189.000000 194.000000
-15.229000 -20.050000 1.122000 174.000000 183.000000 190.000000
-15.230000 -19.900000 1.129000 205.000000 213.000000 215.000000
-15.229000 -20.111000 1.073000 189.000000 197.000000 199.000000
-15.230000 -19.996000 1.177000 195.000000 204.000000 199.000000
-15.231000 -19.964000 1.192000 201.000000 203.000000 224.000000
-15.230000 -19.965000 1.176000 200.000000 207.000000 217.000000
-15.231000 -19.921000 1.189000 209.000000 209.000000 217.000000
-15.228000 -20.091000 1.028000 199.000000 203.000000 202.000000
-15.229000 -20.060000 1.096000 188.000000 199.000000 205.000000
-15.230000 -20.054000 1.139000 173.000000 185.000000 201.000000
-15.227000 -20.052000 0.992000 179.000000 194.000000 199.000000
-15.227000 -20.062000 0.978000 191.000000 201.000000 213.000000
-15.229000 -19.950000 1.069000 198.000000 208.000000 174.000000
-15.227000 -20.020000 0.961000 83.000000 149.000000 148.000000
-15.230000 -19.895000 1.136000 200.000000 214.000000 214.000000
-15.231000 -19.958000 1.202000 195.000000 206.000000 212.000000
-15.229000 -19.904000 1.102000 199.000000 210.000000 214.000000
-15.230000 -19.928000 1.128000 209.000000 214.000000 218.000000
-15.227000 -20.006000 0.967000 107.000000 147.000000 157.000000
-15.228000 -20.040000 1.028000 199.000000 204.000000 198.000000
-15.228000 -20.013000 1.039000 194.000000 200.000000 196.000000
-15.230000 -20.029000 1.185000 198.000000 200.000000 199.000000
-15.230000 -19.970000 1.178000 200.000000 207.000000 215.000000
-15.230000 -19.856000 1.145000 212.000000 214.000000 211.000000
-15.228000 -20.014000 0.998000 165.000000 169.000000 170.000000
-15.226000 -20.071000 0.880000 111.000000 164.000000 180.000000
-15.230000 -19.896000 1.172000 202.000000 213.000000 217.000000
-15.227000 -20.047000 0.930000 114.000000 157.000000 189.000000
-15.227000 -20.067000 0.974000 198.000000 215.000000 223.000000
-15.226000 -20.030000 0.889000 101.000000 152.000000 137.000000
-15.230000 -20.072000 1.187000 197.000000 202.000000 195.000000
-15.228000 -20.028000 1.025000 198.000000 203.000000 196.000000
-15.231000 -19.933000 1.183000 189.000000 161.000000 149.000000
-15.226000 -20.036000 0.928000 117.000000 160.000000 213.000000
-15.229000 -19.877000 1.103000 195.000000 206.000000 224.000000
-15.229000 -19.912000 1.065000 205.000000 220.000000 217.000000
-15.228000 -20.023000 1.030000 196.000000 203.000000 196.000000
-15.230000 -20.039000 1.156000 193.000000 196.000000 205.000000
-15.230000 -20.060000 1.159000 189.000000 196.000000 189.000000
-15.228000 -19.933000 1.029000 200.000000 208.000000 211.000000
-15.226000 -20.044000 0.891000 106.000000 161.000000 129.000000
-15.228000 -19.978000 1.011000 179.000000 178.000000 173.000000
-15.230000 -19.871000 1.126000 204.000000 211.000000 221.000000
-15.231000 -20.097000 1.206000 196.000000 201.000000 195.000000
-15.227000 -20.018000 0.928000 102.000000 148.000000 207.000000
-15.229000 -19.960000 1.066000 207.000000 213.000000 209.000000
-15.228000 -20.057000 1.040000 198.000000 204.000000 204.000000
-15.226000 -20.042000 0.878000 152.000000 186.000000 161.000000
-15.227000 -19.973000 0.983000 201.000000 211.000000 223.000000
-15.226000 -20.064000 0.890000 87.000000 158.000000 178.000000
-15.228000 -19.988000 1.024000 199.000000 204.000000 198.000000
-15.230000 -20.002000 1.170000 195.000000 201.000000 199.000000
-15.229000 -20.037000 1.080000 186.000000 193.000000 201.000000
-15.230000 -20.085000 1.187000 197.000000 202.000000 195.000000
-15.229000 -20.113000 1.103000 184.000000 183.000000 189.000000
-15.229000 -19.943000 1.083000 207.000000 211.000000 194.000000
-15.226000 -20.019000 0.909000 97.000000 145.000000 149.000000
-15.231000 -19.953000 1.191000 200.000000 207.000000 217.000000
-15.229000 -19.994000 1.107000 205.000000 209.000000 212.000000
-15.227000 -20.024000 0.929000 106.000000 151.000000 208.000000
-15.226000 -20.081000 0.930000 103.000000 154.000000 199.000000
-15.228000 -20.092000 1.066000 189.000000 197.000000 199.000000
-15.231000 -20.026000 1.201000 195.000000 196.000000 191.000000
-15.230000 -19.887000 1.139000 205.000000 216.000000 218.000000
-15.226000 -20.039000 0.887000 116.000000 164.000000 124.000000
-15.230000 -20.095000 1.153000 186.000000 190.000000 191.000000
-15.226000 -20.078000 0.897000 115.000000 170.000000 165.000000
-15.229000 -20.017000 1.069000 94.000000 117.000000 148.000000
-15.227000 -20.075000 0.991000 204.000000 208.000000 217.000000
-15.229000 -20.111000 1.081000 187.000000 199.000000 199.000000
-15.227000 -20.097000 0.995000 176.000000 180.000000 181.000000
-15.228000 -20.013000 1.041000 194.000000 200.000000 196.000000
-15.228000 -19.998000 0.997000 171.000000 176.000000 180.000000
-15.226000 -20.100000 0.893000 173.000000 181.000000 192.000000
-15.230000 -20.103000 1.174000 195.000000 197.000000 194.000000
-15.227000 -20.049000 0.955000 84.000000 153.000000 150.000000
-15.225000 -20.101000 0.826000 182.000000 177.000000 183.000000
-15.227000 -20.094000 0.953000 176.000000 202.000000 219.000000
-15.226000 -20.101000 0.874000 168.000000 172.000000 183.000000
-15.225000 -20.102000 0.812000 175.000000 187.000000 203.000000
-15.230000 -19.888000 1.151000 207.000000 215.000000 228.000000
-15.225000 -20.094000 0.864000 173.000000 188.000000 211.000000
-15.229000 -20.110000 1.081000 189.000000 201.000000 201.000000
-15.225000 -20.061000 0.839000 88.000000 155.000000 161.000000
-15.227000 -20.026000 0.980000 189.000000 199.000000 211.000000
-15.229000 -20.037000 1.108000 193.000000 202.000000 207.000000
-15.228000 -19.929000 1.036000 202.000000 208.000000 222.000000
-15.230000 -19.863000 1.145000 203.000000 214.000000 220.000000
-15.230000 -19.891000 1.156000 204.000000 214.000000 226.000000
-15.228000 -19.962000 1.013000 173.000000 173.000000 163.000000
-15.229000 -19.918000 1.058000 187.000000 190.000000 197.000000
-15.228000 -19.961000 1.030000 204.000000 213.000000 218.000000
-15.227000 -20.024000 0.960000 91.000000 158.000000 151.000000
-15.230000 -19.858000 1.155000 215.000000 213.000000 214.000000
-15.231000 -19.998000 1.200000 182.000000 196.000000 209.000000
-15.227000 -20.017000 0.964000 90.000000 150.000000 151.000000
-15.228000 -19.933000 1.044000 203.000000 212.000000 227.000000
-15.230000 -19.978000 1.153000 203.000000 213.000000 215.000000
-15.230000 -19.951000 1.145000 202.000000 210.000000 221.000000
-15.228000 -20.105000 1.005000 181.000000 181.000000 181.000000
-15.230000 -20.101000 1.150000 184.000000 183.000000 188.000000
-15.230000 -20.074000 1.180000 195.000000 200.000000 194.000000
-15.229000 -19.978000 1.100000 202.000000 207.000000 203.000000
-15.226000 -20.012000 0.915000 191.000000 209.000000 233.000000
-15.230000 -19.930000 1.172000 198.000000 113.000000 118.000000
-15.230000 -19.912000 1.167000 201.000000 210.000000 219.000000
-15.226000 -20.023000 0.895000 103.000000 157.000000 167.000000
-15.229000 -19.935000 1.062000 208.000000 210.000000 205.000000
-15.230000 -19.939000 1.118000 202.000000 208.000000 220.000000
-15.227000 -20.040000 0.955000 87.000000 153.000000 139.000000
-15.229000 -19.955000 1.054000 203.000000 210.000000 218.000000
-15.229000 -20.101000 1.092000 197.000000 201.000000 204.000000
-15.227000 -20.058000 0.948000 88.000000 154.000000 168.000000
-15.228000 -19.937000 1.046000 203.000000 212.000000 227.000000
-15.230000 -20.078000 1.152000 190.000000 197.000000 189.000000
-15.231000 -20.055000 1.204000 199.000000 201.000000 198.000000
-15.227000 -20.107000 1.000000 182.000000 184.000000 183.000000
-15.230000 -20.093000 1.179000 199.000000 201.000000 200.000000
-15.225000 -20.076000 0.841000 95.000000 166.000000 162.000000
-15.230000 -19.882000 1.141000 199.000000 212.000000 220.000000
-15.230000 -20.014000 1.167000 194.000000 194.000000 202.000000
-15.231000 -20.036000 1.196000 194.000000 200.000000 196.000000
-15.230000 -20.066000 1.138000 185.000000 192.000000 200.000000
-15.231000 -19.909000 1.186000 197.000000 208.000000 228.000000
-15.229000 -20.095000 1.076000 187.000000 195.000000 197.000000
