-14.668000 -20.997000 0.090000 49.000000 48.000000 43.000000
-14.599000 -20.928000 0.060000 47.000000 47.000000 37.000000
-14.616000 -20.949000 0.086000 46.000000 45.000000 41.000000
-14.703000 -21.020000 0.054000 53.000000 50.000000 35.000000
-14.611000 -20.995000 0.290000 39.000000 39.000000 37.000000
-14.615000 -20.938000 0.043000 47.000000 47.000000 39.000000
-14.578000 -20.905000 0.043000 45.000000 44.000000 49.000000
-14.610000 -20.956000 0.136000 47.000000 47.000000 39.000000
-14.592000 -21.004000 0.398000 47.000000 47.000000 49.000000
-14.579000 -20.939000 0.181000 45.000000 45.000000 37.000000
-14.575000 -20.901000 0.037000 57.000000 55.000000 58.000000
-14.649000 -20.971000 0.056000 32.000000 30.000000 31.000000
-14.597000 -20.942000 0.128000 51.000000 48.000000 39.000000
-14.589000 -20.957000 0.216000 34.000000 33.000000 31.000000
-14.650000 -20.968000 0.038000 31.000000 31.000000 31.000000
-14.621000 -20.975000 0.176000 33.000000 31.000000 32.000000
-14.584000 -20.958000 0.238000 32.000000 32.000000 30.000000
-14.678000 -21.007000 0.095000 55.000000 52.000000 45.000000
-14.585000 -20.970000 0.285000 41.000000 39.000000 42.000000
-14.583000 -20.913000 0.060000 42.000000 39.000000 34.000000
-14.599000 -20.960000 0.191000 29.000000 28.000000 26.000000
-14.655000 -20.975000 0.049000 40.000000 38.000000 39.000000
-14.666000 -21.010000 0.153000 52.000000 50.000000 38.000000
-14.612000 -20.944000 0.080000 50.000000 49.000000 45.000000
-14.598000 -20.963000 0.211000 34.000000 30.000000 29.000000
-14.622000 -20.967000 0.139000 55.000000 56.000000 50.000000
-14.634000 -20.963000 0.079000 27.000000 27.000000 27.000000
-14.635000 -21.008000 0.256000 41.000000 40.000000 36.000000
-14.574000 -20.899000 0.035000 39.000000 35.000000 36.000000
-14.580000 -20.917000 0.087000 41.000000 40.000000 35.000000
-14.693000 -21.003000 0.028000 55.000000 49.000000 33.000000
-14.591000 -20.981000 0.308000 21.000000 22.000000 24.000000
-14.636000 -20.980000 0.140000 40.000000 36.000000 33.000000
-14.601000 -20.977000 0.254000 42.000000 40.000000 41.000000
-14.655000 -20.970000 0.032000 34.000000 36.000000 35.000000
-14.589000 -20.932000 0.115000 45.000000 45.000000 37.000000
-14.594000 -20.939000 0.128000 48.000000 45.000000 36.000000
-14.607000 -20.987000 0.276000 45.000000 46.000000 41.000000
-14.610000 -20.953000 0.124000 49.000000 49.000000 41.000000
-14.578000 -20.922000 0.117000 41.000000 42.000000 37.000000
-14.596000 -20.957000 0.194000 33.000000 32.000000 30.000000
-14.613000 -20.972000 0.192000 38.000000 37.000000 35.000000
-14.651000 -20.996000 0.149000 45.000000 46.000000 41.000000
-14.639000 -21.012000 0.260000 47.000000 46.000000 41.000000
-14.654000 -20.988000 0.108000 50.000000 46.000000 45.000000
-14.599000 -20.975000 0.255000 40.000000 38.000000 39.000000
-14.651000 -20.984000 0.100000 43.000000 42.000000 38.000000
-14.603000 -21.007000 0.370000 41.000000 41.000000 39.000000
-14.627000 -20.967000 0.118000 55.000000 54.000000 49.000000
-14.666000 -20.984000 0.045000 49.000000 46.000000 41.000000
-14.612000 -20.989000 0.264000 35.000000 34.000000 32.000000
-14.591000 -20.963000 0.237000 30.000000 30.000000 30.000000
-14.661000 -20.984000 0.067000 45.000000 44.000000 40.000000
-14.597000 -20.929000 0.073000 44.000000 44.000000 34.000000
-14.641000 -20.976000 0.106000 37.000000 36.000000 32.000000
-14.650000 -20.993000 0.139000 45.000000 44.000000 40.000000
-14.625000 -20.969000 0.135000 55.000000 56.000000 51.000000
-14.634000 -20.978000 0.139000 38.000000 34.000000 31.000000
-14.697000 -21.018000 0.070000 60.000000 54.000000 40.000000
-14.605000 -20.995000 0.313000 42.000000 42.000000 40.000000
-14.661000 -20.995000 0.107000 51.000000 47.000000 46.000000
-14.635000 -20.977000 0.130000 37.000000 36.000000 32.000000
-14.625000 -20.979000 0.177000 35.000000 31.000000 30.000000
-14.586000 -20.981000 0.328000 42.000000 40.000000 43.000000
-14.631000 -20.976000 0.139000 24.000000 23.000000 18.000000
-14.641000 -20.967000 0.065000 32.000000 30.000000 31.000000
-14.688000 -21.014000 0.086000 57.000000 55.000000 43.000000
-14.639000 -20.987000 0.155000 41.000000 40.000000 38.000000
-14.645000 -20.986000 0.132000 44.000000 40.000000 37.000000
-14.648000 -20.970000 0.055000 33.000000 31.000000 32.000000
-14.645000 -20.989000 0.143000 47.000000 46.000000 42.000000
-14.612000 -20.989000 0.266000 33.000000 32.000000 30.000000
-14.585000 -20.947000 0.194000 64.000000 63.000000 58.000000
-14.605000 -20.977000 0.242000 37.000000 36.000000 34.000000
-14.633000 -20.976000 0.133000 34.000000 33.000000 29.000000
-14.592000 -21.001000 0.391000 42.000000 42.000000 44.000000
-14.604000 -20.954000 0.152000 49.000000 49.000000 39.000000
-14.602000 -20.930000 0.059000 47.000000 47.000000 39.000000
-14.681000 -21.001000 0.059000 55.000000 53.000000 41.000000
-14.596000 -20.992000 0.337000 41.000000 41.000000 41.000000
-14.624000 -20.944000 0.035000 25.000000 25.000000 27.000000
-14.685000 -21.007000 0.070000 56.000000 54.000000 42.000000
-14.654000 -20.993000 0.128000 54.000000 51.000000 44.000000
-14.594000 -20.972000 0.263000 35.000000 35.000000 35.000000
-14.608000 -20.998000 0.317000 44.000000 45.000000 40.000000
-14.634000 -20.964000 0.081000 26.000000 26.000000 26.000000
-14.642000 -21.011000 0.245000 50.000000 49.000000 44.000000
-14.635000 -21.011000 0.270000 48.000000 45.000000 38.000000
-14.585000 -20.935000 0.143000 83.000000 80.000000 63.000000
-14.597000 -20.979000 0.278000 44.000000 40.000000 39.000000
-14.622000 -20.942000 0.036000 29.000000 29.000000 31.000000
-14.622000 -20.961000 0.113000 48.000000 49.000000 44.000000
-14.604000 -20.941000 0.096000 48.000000 49.000000 44.000000
-14.692000 -21.012000 0.064000 53.000000 49.000000 37.000000
-14.629000 -21.001000 0.250000 43.000000 42.000000 37.000000
-14.624000 -21.002000 0.271000 45.000000 45.000000 37.000000
-14.626000 -20.966000 0.121000 55.000000 54.000000 49.000000
-14.653000 -20.987000 0.105000 49.000000 45.000000 44.000000
-14.652000 -20.969000 0.037000 33.000000 35.000000 34.000000
-14.625000 -20.949000 0.053000 51.000000 50.000000 46.000000
-14.631000 -21.006000 0.261000 41.000000 41.000000 33.000000
-14.643000 -20.992000 0.163000 47.000000 47.000000 45.000000
-14.615000 -21.002000 0.308000 42.000000 41.000000 37.000000
-14.628000 -20.956000 0.070000 50.000000 48.000000 49.000000
-14.662000 -21.006000 0.152000 49.000000 50.000000 44.000000
-14.681000 -21.013000 0.109000 55.000000 52.000000 43.000000
-14.642000 -21.004000 0.213000 43.000000 43.000000 35.000000
-14.622000 -21.005000 0.295000 41.000000 40.000000 36.000000
-14.620000 -20.942000 0.044000 50.000000 49.000000 44.000000
-14.614000 -21.008000 0.335000 44.000000 42.000000 43.000000
-14.633000 -20.971000 0.110000 26.000000 25.000000 21.000000
-14.646000 -20.985000 0.125000 45.000000 41.000000 38.000000
-14.633000 -21.011000 0.278000 46.000000 45.000000 40.000000
-14.611000 -20.997000 0.300000 44.000000 44.000000 44.000000
-14.692000 -21.011000 0.062000 54.000000 52.000000 39.000000
-14.628000 -20.970000 0.127000 53.000000 52.000000 47.000000
-14.622000 -20.996000 0.258000 43.000000 42.000000 37.000000
-14.596000 -20.940000 0.122000 49.000000 46.000000 37.000000
-14.602000 -20.928000 0.053000 45.000000 45.000000 37.000000
-14.608000 -20.955000 0.140000 49.000000 49.000000 41.000000
-14.625000 -21.008000 0.296000 39.000000 38.000000 34.000000
-14.603000 -20.932000 0.061000 45.000000 45.000000 37.000000
-14.662000 -21.005000 0.145000 51.000000 52.000000 44.000000
-14.582000 -20.943000 0.186000 43.000000 40.000000 33.000000
-14.599000 -20.967000 0.221000 33.000000 32.000000 30.000000
-14.636000 -20.969000 0.095000 25.000000 25.000000 23.000000
-14.577000 -20.910000 0.069000 36.000000 37.000000 31.000000
-14.590000 -20.977000 0.295000 35.000000 35.000000 37.000000
-14.689000 -21.014000 0.084000 59.000000 57.000000 45.000000
-14.643000 -20.971000 0.074000 36.000000 36.000000 36.000000
-14.612000 -20.981000 0.230000 38.000000 37.000000 35.000000
-14.656000 -20.974000 0.040000 39.000000 39.000000 39.000000
-14.625000 -20.957000 0.084000 50.000000 52.000000 51.000000
-14.613000 -20.954000 0.118000 48.000000 47.000000 42.000000
-14.594000 -20.951000 0.176000 49.000000 50.000000 44.000000
-14.571000 -20.901000 0.054000 41.000000 41.000000 43.000000
-14.690000 -21.001000 0.027000 55.000000 49.000000 35.000000
-14.581000 -20.927000 0.128000 45.000000 47.000000 36.000000
-14.608000 -20.958000 0.151000 45.000000 45.000000 35.000000
-14.594000 -20.983000 0.306000 18.000000 19.000000 21.000000
-14.584000 -20.943000 0.179000 42.000000 39.000000 32.000000
-14.641000 -20.960000 0.039000 34.000000 36.000000 33.000000
-14.607000 -20.963000 0.176000 65.000000 66.000000 61.000000
-14.651000 -21.011000 0.214000 48.000000 48.000000 40.000000
-14.611000 -20.997000 0.303000 43.000000 43.000000 43.000000
-14.644000 -20.962000 0.035000 34.000000 36.000000 33.000000
-14.614000 -20.982000 0.230000 34.000000 33.000000 29.000000
-14.629000 -20.979000 0.160000 32.000000 31.000000 27.000000
-14.648000 -20.998000 0.172000 46.000000 45.000000 41.000000
-14.629000 -21.005000 0.267000 40.000000 40.000000 32.000000
-14.583000 -20.907000 0.036000 38.000000 36.000000 37.000000
-14.620000 -20.976000 0.181000 30.000000 26.000000 25.000000
-14.608000 -20.961000 0.163000 48.000000 48.000000 40.000000
-14.616000 -20.968000 0.166000 68.000000 67.000000 63.000000
-14.679000 -20.993000 0.034000 53.000000 49.000000 38.000000
-14.618000 -20.954000 0.096000 50.000000 50.000000 48.000000
-14.663000 -21.005000 0.141000 52.000000 53.000000 45.000000
-14.590000 -20.967000 0.252000 34.000000 34.000000 34.000000
-14.589000 -20.992000 0.363000 33.000000 35.000000 34.000000
-14.638000 -20.963000 0.062000 29.000000 27.000000 28.000000
-14.588000 -20.934000 0.127000 47.000000 45.000000 30.000000
-14.635000 -20.970000 0.103000 30.000000 30.000000 28.000000
-14.643000 -20.967000 0.062000 30.000000 28.000000 29.000000
-14.603000 -20.976000 0.246000 38.000000 37.000000 35.000000
-14.658000 -20.975000 0.040000 39.000000 39.000000 39.000000
-14.694000 -21.018000 0.083000 62.000000 58.000000 46.000000
-14.634000 -20.957000 0.053000 28.000000 27.000000 25.000000
-14.646000 -20.983000 0.114000 41.000000 37.000000 34.000000
-14.616000 -20.989000 0.248000 34.000000 33.000000 29.000000
-14.657000 -21.010000 0.185000 50.000000 50.000000 42.000000
-14.598000 -20.962000 0.206000 33.000000 29.000000 28.000000
-14.630000 -20.964000 0.096000 48.000000 48.000000 46.000000
-14.628000 -20.973000 0.139000 34.000000 33.000000 28.000000
-14.596000 -20.942000 0.130000 50.000000 47.000000 38.000000
-14.688000 -21.012000 0.079000 58.000000 56.000000 44.000000
-14.624000 -20.958000 0.091000 51.000000 53.000000 52.000000
-14.651000 -21.001000 0.169000 50.000000 49.000000 44.000000
-14.646000 -20.971000 0.065000 32.000000 30.000000 31.000000
-14.628000 -21.010000 0.293000 39.000000 38.000000 34.000000
-14.621000 -20.980000 0.194000 37.000000 36.000000 34.000000
-14.619000 -20.968000 0.151000 55.000000 55.000000 45.000000
-14.645000 -20.967000 0.054000 31.000000 29.000000 30.000000
-14.582000 -20.913000 0.060000 39.000000 38.000000 34.000000
-14.604000 -21.005000 0.362000 42.000000 44.000000 43.000000
-14.607000 -20.974000 0.221000 34.000000 33.000000 31.000000
-14.616000 -20.958000 0.123000 46.000000 45.000000 40.000000
-14.584000 -20.951000 0.212000 31.000000 30.000000 26.000000
-14.676000 -20.998000 0.065000 53.000000 53.000000 45.000000
-14.600000 -20.998000 0.345000 43.000000 41.000000 42.000000
-14.623000 -20.974000 0.164000 29.000000 28.000000 24.000000
-14.631000 -20.958000 0.068000 42.000000 40.000000 41.000000
-14.679000 -20.992000 0.031000 51.000000 47.000000 38.000000
-14.665000 -20.995000 0.095000 52.000000 51.000000 47.000000
-14.590000 -21.000000 0.388000 42.000000 42.000000 44.000000
-14.613000 -21.005000 0.328000 47.000000 46.000000 44.000000
-14.673000 -21.001000 0.092000 52.000000 49.000000 44.000000
-14.624000 -20.950000 0.060000 52.000000 51.000000 49.000000
-14.626000 -20.968000 0.125000 56.000000 55.000000 50.000000
-14.599000 -20.957000 0.180000 61.000000 62.000000 56.000000
-14.617000 -20.945000 0.066000 47.000000 46.000000 42.000000
-14.642000 -20.963000 0.049000 32.000000 31.000000 29.000000
-14.615000 -21.005000 0.319000 45.000000 44.000000 40.000000
-14.633000 -21.010000 0.277000 46.000000 45.000000 40.000000
-14.590000 -20.916000 0.048000 41.000000 40.000000 35.000000
-14.630000 -20.986000 0.184000 39.000000 38.000000 36.000000
-14.660000 -20.985000 0.073000 42.000000 41.000000 37.000000
-14.580000 -20.906000 0.039000 39.000000 39.000000 41.000000
-14.626000 -20.967000 0.123000 57.000000 56.000000 51.000000
-14.667000 -21.014000 0.165000 53.000000 53.000000 43.000000
-14.665000 -20.981000 0.037000 46.000000 45.000000 43.000000
-14.664000 -21.000000 0.116000 50.000000 49.000000 45.000000
-14.633000 -20.973000 0.123000 28.000000 27.000000 22.000000
-14.605000 -20.940000 0.089000 49.000000 48.000000 44.000000
-14.584000 -20.962000 0.256000 31.000000 31.000000 29.000000
-14.611000 -20.988000 0.265000 35.000000 34.000000 32.000000
-14.585000 -20.948000 0.198000 42.000000 41.000000 36.000000
-14.611000 -20.963000 0.160000 48.000000 48.000000 40.000000
-14.575000 -20.906000 0.060000 36.000000 36.000000 36.000000
-14.650000 -20.972000 0.056000 36.000000 34.000000 35.000000
-14.584000 -20.956000 0.234000 31.000000 29.000000 30.000000
-14.617000 -20.959000 0.124000 47.000000 46.000000 41.000000
-14.593000 -20.968000 0.250000 32.000000 32.000000 32.000000
-14.648000 -21.009000 0.215000 49.000000 49.000000 41.000000
-14.592000 -20.929000 0.090000 43.000000 42.000000 40.000000
-14.614000 -20.964000 0.154000 48.000000 48.000000 38.000000
-14.588000 -20.971000 0.278000 34.000000 34.000000 32.000000
-14.604000 -20.945000 0.114000 54.000000 54.000000 46.000000
-14.652000 -20.993000 0.135000 45.000000 44.000000 39.000000
-14.626000 -20.963000 0.106000 58.000000 59.000000 54.000000
-14.582000 -20.918000 0.082000 43.000000 40.000000 31.000000
-14.583000 -20.939000 0.168000 42.000000 42.000000 34.000000
-14.594000 -20.980000 0.293000 33.000000 33.000000 33.000000
-14.651000 -21.002000 0.175000 50.000000 49.000000 44.000000
-14.616000 -21.008000 0.329000 43.000000 42.000000 40.000000
-14.575000 -20.912000 0.083000 40.000000 39.000000 34.000000
-14.676000 -21.007000 0.100000 54.000000 51.000000 44.000000
-14.615000 -20.951000 0.098000 47.000000 47.000000 45.000000
-14.620000 -21.003000 0.290000 44.000000 43.000000 39.000000
-14.621000 -20.990000 0.235000 44.000000 43.000000 39.000000
-14.601000 -20.938000 0.097000 45.000000 46.000000 41.000000
-14.589000 -20.972000 0.279000 36.000000 36.000000 36.000000
-14.629000 -20.977000 0.153000 25.000000 21.000000 18.000000
-14.617000 -21.002000 0.302000 42.000000 41.000000 39.000000
-14.642000 -21.012000 0.247000 51.000000 50.000000 45.000000
-14.684000 -21.006000 0.070000 56.000000 53.000000 44.000000
-14.626000 -20.989000 0.213000 37.000000 36.000000 31.000000
-14.623000 -20.992000 0.239000 42.000000 41.000000 37.000000
-14.603000 -20.949000 0.133000 52.000000 49.000000 40.000000
-14.572000 -20.902000 0.053000 41.000000 41.000000 43.000000
-14.621000 -20.980000 0.195000 36.000000 37.000000 32.000000
-14.667000 -21.011000 0.153000 52.000000 50.000000 38.000000
-14.648000 -20.988000 0.127000 48.000000 44.000000 41.000000
-14.576000 -20.910000 0.074000 35.000000 36.000000 30.000000
-14.642000 -21.000000 0.198000 45.000000 44.000000 39.000000
-14.628000 -20.968000 0.120000 45.000000 44.000000 39.000000
-14.604000 -20.953000 0.146000 49.000000 49.000000 39.000000
-14.622000 -20.951000 0.069000 48.000000 47.000000 43.000000
-14.595000 -20.954000 0.186000 63.000000 63.000000 61.000000
-14.652000 -21.013000 0.217000 52.000000 52.000000 42.000000
-14.643000 -20.969000 0.067000 35.000000 33.000000 34.000000
-14.629000 -20.968000 0.114000 45.000000 44.000000 39.000000
-14.622000 -20.954000 0.084000 46.000000 48.000000 47.000000
-14.575000 -20.912000 0.083000 39.000000 38.000000 33.000000
-14.616000 -21.005000 0.314000 45.000000 44.000000 40.000000
-14.699000 -21.015000 0.050000 60.000000 57.000000 42.000000
-14.658000 -21.001000 0.144000 48.000000 49.000000 43.000000
-14.634000 -21.010000 0.270000 44.000000 44.000000 36.000000
-14.635000 -20.952000 0.030000 30.000000 31.000000 35.000000
-14.694000 -21.013000 0.063000 53.000000 49.000000 37.000000
-14.629000 -20.955000 0.061000 48.000000 47.000000 45.000000
-14.641000 -20.998000 0.195000 44.000000 43.000000 38.000000
-14.583000 -20.956000 0.233000 31.000000 30.000000 28.000000
-14.600000 -20.962000 0.198000 32.000000 31.000000 29.000000
-14.602000 -20.967000 0.208000 36.000000 32.000000 31.000000
-14.627000 -20.991000 0.220000 42.000000 39.000000 32.000000
-14.584000 -20.943000 0.176000 41.000000 41.000000 33.000000
-14.647000 -20.969000 0.054000 31.000000 29.000000 30.000000
-14.684000 -20.998000 0.036000 56.000000 50.000000 36.000000
-14.597000 -21.003000 0.379000 43.000000 43.000000 45.000000
-14.682000 -20.997000 0.039000 56.000000 50.000000 38.000000
-14.593000 -21.000000 0.378000 38.000000 37.000000 42.000000
-14.601000 -20.925000 0.044000 47.000000 46.000000 41.000000
-14.660000 -20.999000 0.127000 54.000000 51.000000 44.000000
-14.593000 -20.995000 0.362000 35.000000 36.000000 40.000000
-14.662000 -20.988000 0.077000 46.000000 45.000000 41.000000
-14.591000 -20.939000 0.137000 48.000000 46.000000 34.000000
-14.617000 -20.940000 0.048000 48.000000 47.000000 42.000000
-14.588000 -20.972000 0.282000 39.000000 34.000000 40.000000
-14.664000 -20.988000 0.070000 49.000000 48.000000 44.000000
-14.602000 -20.928000 0.054000 45.000000 45.000000 37.000000
-14.589000 -20.981000 0.314000 26.000000 25.000000 30.000000
-14.604000 -21.000000 0.338000 47.000000 47.000000 47.000000
-14.627000 -20.959000 0.088000 52.000000 54.000000 53.000000
-14.632000 -20.991000 0.200000 40.000000 39.000000 35.000000
-14.661000 -20.996000 0.115000 52.000000 48.000000 47.000000
-14.623000 -20.964000 0.119000 58.000000 57.000000 52.000000
-14.607000 -20.944000 0.100000 47.000000 48.000000 43.000000
-14.693000 -21.006000 0.037000 57.000000 50.000000 34.000000
-14.651000 -21.003000 0.178000 50.000000 49.000000 44.000000
-14.582000 -20.938000 0.163000 38.000000 38.000000 28.000000
-14.646000 -21.009000 0.222000 50.000000 50.000000 42.000000
-14.636000 -20.964000 0.075000 23.000000 23.000000 23.000000
-14.594000 -20.974000 0.268000 36.000000 36.000000 36.000000
-14.600000 -20.944000 0.123000 50.000000 47.000000 38.000000
-14.630000 -20.998000 0.239000 45.000000 44.000000 40.000000
-14.586000 -20.976000 0.306000 27.000000 27.000000 29.000000
-14.591000 -20.913000 0.033000 40.000000 41.000000 43.000000
-14.622000 -20.956000 0.092000 46.000000 48.000000 47.000000
-14.600000 -20.935000 0.089000 43.000000 42.000000 38.000000
-14.692000 -21.014000 0.075000 58.000000 54.000000 43.000000
-14.617000 -20.954000 0.102000 45.000000 45.000000 43.000000
-14.628000 -21.000000 0.250000 46.000000 45.000000 40.000000
-14.576000 -20.928000 0.147000 125.000000 119.000000 105.000000
-14.592000 -20.983000 0.313000 27.000000 28.000000 30.000000
-14.615000 -20.993000 0.269000 35.000000 34.000000 32.000000
-14.639000 -21.000000 0.213000 44.000000 44.000000 36.000000
-14.657000 -20.985000 0.085000 44.000000 43.000000 39.000000
-14.588000 -20.928000 0.105000 45.000000 40.000000 34.000000
-14.646000 -20.973000 0.072000 35.000000 35.000000 35.000000
-14.609000 -20.997000 0.307000 43.000000 43.000000 43.000000
-14.600000 -20.983000 0.284000 35.000000 35.000000 33.000000
-14.588000 -20.973000 0.286000 41.000000 39.000000 44.000000
-14.642000 -20.996000 0.184000 44.000000 43.000000 39.000000
-14.620000 -20.954000 0.092000 46.000000 48.000000 47.000000
-14.672000 -21.012000 0.139000 55.000000 52.000000 45.000000
-14.576000 -20.919000 0.110000 38.000000 37.000000 32.000000
-14.694000 -21.005000 0.030000 55.000000 49.000000 33.000000
-14.579000 -20.909000 0.056000 36.000000 36.000000 34.000000
-14.680000 -20.993000 0.033000 53.000000 49.000000 38.000000
-14.651000 -20.984000 0.103000 44.000000 43.000000 39.000000
-14.668000 -20.995000 0.084000 45.000000 44.000000 39.000000
-14.632000 -20.988000 0.187000 40.000000 39.000000 37.000000
-14.657000 -20.973000 0.036000 38.000000 38.000000 38.000000
-14.617000 -20.969000 0.164000 71.000000 70.000000 65.000000
-14.604000 -20.994000 0.317000 43.000000 43.000000 41.000000
-14.619000 -20.967000 0.150000 55.000000 55.000000 45.000000
-14.604000 -20.928000 0.043000 47.000000 46.000000 41.000000
-14.603000 -20.967000 0.207000 36.000000 32.000000 31.000000
-14.592000 -20.967000 0.249000 32.000000 32.000000 32.000000
-14.603000 -20.931000 0.059000 47.000000 47.000000 39.000000
-14.626000 -20.999000 0.254000 43.000000 42.000000 37.000000
-14.612000 -21.006000 0.335000 46.000000 44.000000 45.000000
-14.590000 -20.958000 0.219000 35.000000 34.000000 32.000000
-14.603000 -20.970000 0.218000 33.000000 32.000000 30.000000
-14.647000 -20.991000 0.145000 49.000000 48.000000 44.000000
-14.626000 -20.994000 0.233000 41.000000 40.000000 36.000000
-14.650000 -20.994000 0.147000 48.000000 47.000000 43.000000
-14.595000 -20.994000 0.347000 39.000000 37.000000 40.000000
-14.705000 -21.017000 0.041000 70.000000 65.000000 45.000000
-14.602000 -20.991000 0.310000 36.000000 36.000000 36.000000
-14.594000 -20.930000 0.088000 42.000000 41.000000 37.000000
-14.660000 -20.991000 0.099000 48.000000 44.000000 43.000000
-14.584000 -20.930000 0.125000 47.000000 49.000000 38.000000
-14.619000 -20.945000 0.057000 49.000000 48.000000 43.000000
-14.597000 -20.929000 0.075000 45.000000 45.000000 37.000000
-14.651000 -20.994000 0.141000 46.000000 45.000000 41.000000
-14.647000 -20.992000 0.148000 50.000000 49.000000 47.000000
-14.599000 -20.927000 0.058000 47.000000 47.000000 39.000000
-14.678000 -21.017000 0.136000 53.000000 50.000000 41.000000
-14.628000 -20.950000 0.049000 38.000000 39.000000 34.000000
-14.638000 -20.991000 0.178000 40.000000 39.000000 37.000000
-14.615000 -20.987000 0.244000 35.000000 34.000000 30.000000
-14.572000 -20.909000 0.084000 39.000000 36.000000 31.000000
-14.618000 -20.974000 0.179000 32.000000 28.000000 27.000000
-14.676000 -21.007000 0.100000 54.000000 51.000000 44.000000
-14.590000 -20.949000 0.182000 45.000000 42.000000 35.000000
-14.581000 -20.951000 0.225000 31.000000 30.000000 28.000000
-14.596000 -20.929000 0.078000 45.000000 45.000000 37.000000
-14.649000 -21.004000 0.192000 49.000000 48.000000 43.000000
-14.635000 -20.965000 0.084000 26.000000 26.000000 26.000000
-14.697000 -21.014000 0.052000 55.000000 52.000000 37.000000
-14.631000 -20.965000 0.098000 48.000000 48.000000 46.000000
-14.647000 -20.998000 0.176000 46.000000 45.000000 41.000000
-14.596000 -20.932000 0.089000 41.000000 40.000000 38.000000
-14.679000 -21.019000 0.156000 55.000000 53.000000 41.000000
-14.684000 -21.022000 0.165000 54.000000 54.000000 46.000000
-14.688000 -21.019000 0.113000 58.000000 54.000000 43.000000
-14.646000 -21.015000 0.261000 48.000000 47.000000 42.000000
-14.624000 -21.010000 0.310000 40.000000 39.000000 34.000000
-14.658000 -21.016000 0.223000 48.000000 48.000000 38.000000
-14.684000 -21.021000 0.158000 51.000000 49.000000 37.000000
-14.708000 -21.022000 0.055000 58.000000 52.000000 38.000000
-14.665000 -21.017000 0.205000 50.000000 49.000000 44.000000
-14.675000 -21.019000 0.177000 55.000000 52.000000 43.000000
-14.603000 -21.008000 0.377000 42.000000 44.000000 43.000000
-14.664000 -21.016000 0.186000 53.000000 53.000000 45.000000
-14.701000 -21.021000 0.077000 60.000000 54.000000 40.000000
-14.638000 -21.013000 0.271000 48.000000 45.000000 38.000000
-14.628000 -21.011000 0.301000 43.000000 42.000000 38.000000
-14.612000 -21.010000 0.356000 38.000000 38.000000 40.000000
-14.634000 -21.012000 0.283000 45.000000 44.000000 39.000000
-14.699000 -21.024000 0.118000 63.000000 57.000000 45.000000
-14.663000 -21.017000 0.210000 50.000000 49.000000 44.000000
-14.672000 -21.017000 0.166000 52.000000 52.000000 42.000000
-14.692000 -21.022000 0.132000 60.000000 56.000000 44.000000
-14.683000 -21.019000 0.138000 57.000000 54.000000 45.000000
-14.650000 -21.014000 0.237000 49.000000 49.000000 39.000000
-14.638000 -21.014000 0.286000 45.000000 42.000000 37.000000
-14.599000 -21.007000 0.388000 44.000000 44.000000 46.000000
-14.634000 -21.012000 0.283000 45.000000 44.000000 39.000000
-14.683000 -21.019000 0.138000 58.000000 56.000000 44.000000
-14.643000 -21.015000 0.275000 49.000000 46.000000 39.000000
-14.696000 -21.019000 0.081000 61.000000 57.000000 45.000000
-14.662000 -21.018000 0.222000 49.000000 49.000000 41.000000
-14.707000 -21.021000 0.054000 58.000000 52.000000 38.000000
-14.662000 -21.016000 0.201000 49.000000 49.000000 41.000000
-14.706000 -21.021000 0.058000 61.000000 55.000000 41.000000
-14.651000 -21.015000 0.234000 49.000000 49.000000 39.000000
-14.663000 -21.018000 0.217000 50.000000 50.000000 42.000000
-14.633000 -21.013000 0.294000 43.000000 42.000000 38.000000
-14.646000 -21.014000 0.249000 51.000000 51.000000 43.000000
-14.659000 -21.017000 0.224000 49.000000 49.000000 41.000000
-14.638000 -21.012000 0.268000 47.000000 44.000000 37.000000
-14.609000 -20.848000 0.221000 45.000000 42.000000 33.000000
-14.621000 -20.833000 0.148000 43.000000 39.000000 28.000000
-14.613000 -20.840000 0.045000 30.000000 30.000000 20.000000
-14.624000 -20.829000 0.111000 44.000000 39.000000 35.000000
-14.606000 -20.851000 0.171000 58.000000 55.000000 48.000000
-14.608000 -20.849000 0.213000 44.000000 44.000000 36.000000
-14.621000 -20.836000 0.321000 58.000000 56.000000 59.000000
-14.577000 -20.884000 0.076000 35.000000 37.000000 36.000000
-14.615000 -20.839000 0.105000 37.000000 34.000000 29.000000
-14.617000 -20.837000 0.160000 40.000000 37.000000 28.000000
-14.601000 -20.856000 0.092000 35.000000 34.000000 29.000000
-14.595000 -20.864000 0.148000 41.000000 40.000000 35.000000
-14.604000 -20.852000 0.038000 30.000000 27.000000 22.000000
-14.614000 -20.841000 0.120000 35.000000 32.000000 25.000000
-14.604000 -20.854000 0.155000 51.000000 48.000000 41.000000
-14.591000 -20.869000 0.083000 28.000000 27.000000 23.000000
-14.589000 -20.870000 0.061000 32.000000 33.000000 28.000000
-14.607000 -20.851000 0.255000 44.000000 41.000000 36.000000
-14.616000 -20.838000 0.090000 35.000000 31.000000 28.000000
-14.580000 -20.881000 0.066000 42.000000 42.000000 42.000000
-14.597000 -20.862000 0.150000 45.000000 44.000000 39.000000
-14.596000 -20.862000 0.099000 37.000000 37.000000 29.000000
-14.576000 -20.886000 0.072000 37.000000 39.000000 38.000000
-14.589000 -20.869000 0.032000 26.000000 25.000000 21.000000
-14.611000 -20.845000 0.162000 51.000000 48.000000 39.000000
-14.613000 -20.842000 0.156000 47.000000 45.000000 33.000000
-14.613000 -20.845000 0.284000 51.000000 46.000000 42.000000
-14.614000 -20.840000 0.098000 36.000000 33.000000 28.000000
-14.597000 -20.860000 0.080000 30.000000 31.000000 23.000000
-14.610000 -20.847000 0.236000 50.000000 45.000000 39.000000
-14.596000 -20.862000 0.121000 38.000000 38.000000 30.000000
-14.609000 -20.847000 0.122000 36.000000 33.000000 28.000000
-14.613000 -20.843000 0.198000 39.000000 38.000000 34.000000
-14.591000 -20.868000 0.100000 33.000000 32.000000 27.000000
-14.607000 -20.852000 0.240000 46.000000 43.000000 38.000000
-14.598000 -20.859000 0.045000 27.000000 26.000000 22.000000
-14.587000 -20.872000 0.043000 27.000000 26.000000 22.000000
-14.602000 -20.857000 0.178000 60.000000 56.000000 47.000000
-14.586000 -20.874000 0.080000 38.000000 39.000000 33.000000
-14.613000 -20.844000 0.249000 48.000000 43.000000 37.000000
-14.574000 -20.888000 0.036000 33.000000 28.000000 22.000000
-14.595000 -20.864000 0.139000 45.000000 42.000000 35.000000
-14.599000 -20.859000 0.157000 49.000000 46.000000 39.000000
-14.586000 -20.875000 0.120000 41.000000 41.000000 31.000000
-14.623000 -20.830000 0.173000 46.000000 42.000000 39.000000
-14.624000 -20.831000 0.228000 51.000000 44.000000 36.000000
-14.603000 -20.855000 0.128000 40.000000 36.000000 33.000000
-14.617000 -20.839000 0.275000 48.000000 43.000000 39.000000
-14.589000 -20.871000 0.100000 35.000000 34.000000 29.000000
-14.614000 -20.842000 0.200000 42.000000 41.000000 36.000000
-14.585000 -20.876000 0.113000 37.000000 37.000000 27.000000
-14.613000 -20.844000 0.282000 52.000000 47.000000 43.000000
-14.604000 -20.854000 0.171000 52.000000 48.000000 39.000000
-14.622000 -20.833000 0.207000 46.000000 42.000000 33.000000
-14.596000 -20.861000 0.057000 25.000000 24.000000 19.000000
-14.624000 -20.830000 0.194000 50.000000 46.000000 37.000000
-14.622000 -20.832000 0.135000 48.000000 44.000000 33.000000
-14.612000 -20.845000 0.273000 51.000000 43.000000 40.000000
-14.620000 -20.836000 0.294000 47.000000 44.000000 37.000000
-14.617000 -20.837000 0.092000 37.000000 34.000000 29.000000
-14.603000 -20.855000 0.158000 53.000000 50.000000 43.000000
-14.620000 -20.836000 0.280000 46.000000 41.000000 37.000000
-14.619000 -20.834000 0.059000 30.000000 30.000000 22.000000
-14.606000 -20.850000 0.081000 31.000000 30.000000 25.000000
-14.592000 -20.868000 0.169000 46.000000 46.000000 38.000000
-14.613000 -20.842000 0.104000 36.000000 33.000000 28.000000
-14.614000 -20.840000 0.078000 30.000000 30.000000 22.000000
-14.610000 -20.845000 0.123000 35.000000 32.000000 25.000000
-14.618000 -20.838000 0.233000 43.000000 36.000000 28.000000
-14.611000 -20.843000 0.044000 35.000000 32.000000 23.000000
-14.620000 -20.834000 0.150000 43.000000 39.000000 28.000000
-14.616000 -20.839000 0.174000 42.000000 38.000000 35.000000
-14.597000 -20.861000 0.145000 43.000000 40.000000 35.000000
-14.589000 -20.871000 0.145000 40.000000 40.000000 32.000000
-14.607000 -20.847000 0.048000 32.000000 29.000000 22.000000
-14.592000 -20.868000 0.109000 39.000000 39.000000 31.000000
-14.625000 -20.831000 0.327000 51.000000 47.000000 48.000000
-14.582000 -20.879000 0.051000 37.000000 37.000000 35.000000
-14.612000 -20.844000 0.188000 45.000000 41.000000 38.000000
-14.607000 -20.849000 0.129000 42.000000 39.000000 34.000000
-14.582000 -20.880000 0.092000 34.000000 35.000000 29.000000
-14.602000 -20.855000 0.057000 28.000000 27.000000 22.000000
-14.615000 -20.841000 0.235000 46.000000 38.000000 35.000000
-14.613000 -20.841000 0.073000 31.000000 31.000000 23.000000
-14.619000 -20.834000 0.095000 38.000000 35.000000 30.000000
-14.590000 -20.869000 0.120000 38.000000 38.000000 28.000000
-14.624000 -20.830000 0.155000 53.000000 48.000000 42.000000
-14.591000 -20.869000 0.138000 49.000000 46.000000 39.000000
-14.614000 -20.841000 0.139000 33.000000 30.000000 23.000000
-14.623000 -20.831000 0.188000 44.000000 43.000000 41.000000
-14.594000 -20.866000 0.179000 53.000000 49.000000 38.000000
-14.612000 -20.843000 0.089000 32.000000 28.000000 25.000000
-14.622000 -20.831000 0.169000 45.000000 42.000000 37.000000
-14.605000 -20.853000 0.229000 40.000000 40.000000 30.000000
-14.623000 -20.831000 0.198000 49.000000 45.000000 36.000000
-14.586000 -20.874000 0.054000 33.000000 34.000000 29.000000
-14.617000 -20.838000 0.196000 40.000000 39.000000 35.000000
-14.608000 -20.849000 0.169000 54.000000 51.000000 42.000000
-14.589000 -20.870000 0.060000 32.000000 33.000000 28.000000
-14.586000 -20.875000 0.094000 32.000000 31.000000 26.000000
-14.587000 -20.873000 0.086000 32.000000 31.000000 27.000000
-14.603000 -20.853000 0.070000 33.000000 33.000000 25.000000
-14.587000 -20.874000 0.129000 38.000000 38.000000 28.000000
-14.621000 -20.833000 0.154000 48.000000 44.000000 35.000000
-14.595000 -20.865000 0.173000 52.000000 48.000000 37.000000
-14.598000 -20.860000 0.115000 37.000000 37.000000 27.000000
-14.607000 -20.850000 0.125000 39.000000 36.000000 31.000000
-14.620000 -20.832000 0.032000 39.000000 32.000000 22.000000
-14.596000 -20.861000 0.035000 32.000000 31.000000 29.000000
-14.600000 -20.858000 0.165000 53.000000 49.000000 40.000000
-14.600000 -20.858000 0.135000 44.000000 43.000000 41.000000
-14.618000 -20.835000 0.090000 37.000000 34.000000 29.000000
-14.617000 -20.836000 0.082000 33.000000 33.000000 25.000000
-14.623000 -20.832000 0.259000 48.000000 43.000000 39.000000
-14.621000 -20.831000 0.074000 33.000000 30.000000 23.000000
-14.589000 -20.870000 0.110000 39.000000 39.000000 29.000000
-14.619000 -20.834000 0.049000 29.000000 29.000000 19.000000
-14.593000 -20.866000 0.121000 38.000000 38.000000 30.000000
-14.615000 -20.839000 0.069000 31.000000 31.000000 23.000000
-14.585000 -20.876000 0.117000 39.000000 39.000000 29.000000
-14.618000 -20.835000 0.031000 39.000000 32.000000 22.000000
-14.601000 -20.856000 0.129000 41.000000 37.000000 34.000000
-14.614000 -20.839000 0.054000 28.000000 28.000000 18.000000
-14.614000 -20.841000 0.117000 35.000000 32.000000 25.000000
-14.611000 -20.844000 0.073000 32.000000 32.000000 24.000000
-14.588000 -20.872000 0.143000 40.000000 40.000000 32.000000
-14.600000 -20.857000 0.085000 31.000000 30.000000 25.000000
-14.604000 -20.852000 0.056000 27.000000 27.000000 19.000000
-14.622000 -20.831000 0.165000 47.000000 44.000000 39.000000
-14.593000 -20.866000 0.132000 40.000000 39.000000 34.000000
-14.601000 -20.858000 0.205000 36.000000 37.000000 32.000000
-14.605000 -20.852000 0.204000 35.000000 36.000000 31.000000
-14.581000 -20.881000 0.101000 34.000000 35.000000 29.000000
-14.604000 -20.855000 0.216000 40.000000 41.000000 33.000000
-14.571000 -20.892000 0.042000 31.000000 30.000000 28.000000
-14.618000 -20.837000 0.240000 46.000000 41.000000 35.000000
-14.603000 -20.855000 0.199000 39.000000 39.000000 37.000000
-14.611000 -20.846000 0.242000 45.000000 42.000000 35.000000
-14.609000 -20.847000 0.161000 52.000000 49.000000 40.000000
-14.589000 -20.871000 0.146000 40.000000 40.000000 32.000000
-14.577000 -20.885000 0.065000 36.000000 38.000000 37.000000
-14.604000 -20.852000 0.105000 35.000000 32.000000 25.000000
-14.588000 -20.871000 0.049000 29.000000 28.000000 24.000000
-14.624000 -20.831000 0.283000 42.000000 39.000000 34.000000
-14.581000 -20.897000 0.135000 40.000000 41.000000 27.000000
-14.591000 -20.955000 0.324000 34.000000 35.000000 39.000000
-14.584000 -20.923000 0.208000 30.000000 29.000000 27.000000
-14.602000 -20.880000 0.273000 42.000000 42.000000 40.000000
-14.603000 -20.942000 0.393000 41.000000 41.000000 49.000000
-14.578000 -20.913000 0.143000 111.000000 112.000000 94.000000
-14.575000 -20.903000 0.101000 40.000000 35.000000 29.000000
-14.600000 -20.898000 0.283000 39.000000 40.000000 44.000000
-14.591000 -20.889000 0.195000 32.000000 31.000000 26.000000
-14.591000 -20.903000 0.223000 81.000000 79.000000 80.000000
-14.595000 -20.886000 0.223000 29.000000 30.000000 25.000000
-14.577000 -20.918000 0.140000 91.000000 92.000000 74.000000
-14.578000 -20.901000 0.117000 35.000000 38.000000 31.000000
-14.594000 -20.949000 0.337000 49.000000 50.000000 54.000000
-14.594000 -20.964000 0.359000 43.000000 44.000000 49.000000
-14.620000 -20.845000 0.342000 49.000000 47.000000 50.000000
-14.571000 -20.903000 0.066000 37.000000 33.000000 30.000000
-14.608000 -20.852000 0.261000 48.000000 45.000000 40.000000
-14.589000 -20.986000 0.368000 47.000000 48.000000 53.000000
-14.600000 -20.918000 0.323000 36.000000 39.000000 44.000000
-14.596000 -20.945000 0.340000 31.000000 32.000000 36.000000
-14.600000 -20.915000 0.318000 34.000000 34.000000 36.000000
-14.600000 -20.890000 0.274000 36.000000 36.000000 36.000000
-14.588000 -20.930000 0.247000 27.000000 27.000000 27.000000
-14.592000 -20.873000 0.178000 47.000000 43.000000 32.000000
-14.605000 -20.905000 0.343000 32.000000 33.000000 37.000000
-14.617000 -20.856000 0.346000 50.000000 51.000000 53.000000
-14.601000 -20.914000 0.322000 38.000000 41.000000 46.000000
-14.582000 -20.896000 0.139000 42.000000 40.000000 27.000000
-14.607000 -20.892000 0.332000 22.000000 23.000000 27.000000
-14.614000 -20.849000 0.302000 48.000000 51.000000 44.000000
-14.582000 -20.890000 0.132000 40.000000 40.000000 28.000000
-14.576000 -20.887000 0.076000 26.000000 28.000000 23.000000
-14.597000 -20.965000 0.385000 35.000000 36.000000 40.000000
-14.610000 -20.908000 0.383000 41.000000 42.000000 47.000000
-14.604000 -20.910000 0.345000 32.000000 33.000000 37.000000
-14.595000 -20.926000 0.297000 32.000000 33.000000 35.000000
-14.588000 -20.961000 0.310000 28.000000 29.000000 31.000000
-14.604000 -20.934000 0.389000 43.000000 44.000000 49.000000
-14.573000 -20.896000 0.070000 35.000000 35.000000 33.000000
-14.614000 -20.857000 0.322000 47.000000 49.000000 48.000000
-14.605000 -20.899000 0.330000 28.000000 29.000000 33.000000
-14.588000 -20.974000 0.338000 46.000000 47.000000 49.000000
-14.606000 -20.864000 0.267000 42.000000 38.000000 35.000000
-14.583000 -20.893000 0.144000 41.000000 39.000000 26.000000
-14.606000 -20.912000 0.355000 42.000000 46.000000 49.000000
-14.587000 -20.899000 0.184000 44.000000 41.000000 34.000000
-14.594000 -20.881000 0.210000 35.000000 34.000000 32.000000
-14.602000 -20.859000 0.228000 37.000000 38.000000 30.000000
-14.588000 -20.966000 0.315000 37.000000 38.000000 40.000000
-14.593000 -20.917000 0.267000 26.000000 26.000000 26.000000
-14.593000 -20.882000 0.202000 33.000000 32.000000 28.000000
-14.608000 -20.851000 0.260000 47.000000 44.000000 39.000000
-14.595000 -20.945000 0.338000 31.000000 32.000000 36.000000
-14.584000 -20.971000 0.294000 41.000000 41.000000 43.000000
-14.609000 -20.909000 0.382000 41.000000 42.000000 47.000000
-14.581000 -20.928000 0.191000 43.000000 42.000000 38.000000
-14.571000 -20.892000 0.048000 43.000000 41.000000 42.000000
-14.593000 -20.952000 0.337000 50.000000 51.000000 53.000000
-14.621000 -20.853000 0.366000 31.000000 30.000000 35.000000
-14.592000 -20.993000 0.396000 23.000000 25.000000 24.000000
-14.595000 -20.939000 0.324000 35.000000 36.000000 38.000000
-14.592000 -20.946000 0.313000 34.000000 33.000000 39.000000
-14.599000 -20.943000 0.360000 36.000000 36.000000 44.000000
-14.605000 -20.922000 0.371000 34.000000 38.000000 41.000000
-14.602000 -20.918000 0.344000 35.000000 36.000000 41.000000
-14.610000 -20.886000 0.340000 41.000000 42.000000 44.000000
-14.581000 -20.939000 0.211000 29.000000 28.000000 26.000000
-14.596000 -20.937000 0.326000 38.000000 39.000000 41.000000
-14.579000 -20.890000 0.104000 35.000000 36.000000 30.000000
-14.592000 -20.885000 0.196000 22.000000 21.000000 17.000000
-14.589000 -20.997000 0.383000 36.000000 37.000000 39.000000
-14.613000 -20.849000 0.299000 53.000000 54.000000 48.000000
-14.595000 -20.865000 0.188000 50.000000 47.000000 42.000000
-14.593000 -20.980000 0.383000 47.000000 48.000000 52.000000
-14.595000 -20.875000 0.202000 33.000000 32.000000 28.000000
-14.616000 -20.855000 0.335000 42.000000 42.000000 44.000000
-14.593000 -20.941000 0.313000 35.000000 36.000000 40.000000
-14.593000 -20.888000 0.213000 31.000000 30.000000 26.000000
-14.615000 -20.876000 0.365000 49.000000 53.000000 54.000000
-14.595000 -20.894000 0.240000 27.000000 25.000000 26.000000
-14.602000 -20.882000 0.269000 43.000000 43.000000 43.000000
-14.577000 -20.891000 0.095000 37.000000 38.000000 32.000000
-14.599000 -20.910000 0.302000 32.000000 33.000000 35.000000
-14.584000 -20.943000 0.247000 30.000000 29.000000 25.000000
-14.594000 -20.942000 0.323000 34.000000 35.000000 39.000000
-14.606000 -20.915000 0.367000 40.000000 44.000000 47.000000
-14.608000 -20.901000 0.352000 33.000000 34.000000 38.000000
-14.586000 -20.924000 0.223000 63.000000 62.000000 60.000000
-14.586000 -20.964000 0.303000 26.000000 27.000000 29.000000
-14.597000 -20.881000 0.233000 32.000000 32.000000 30.000000
-14.582000 -20.884000 0.119000 37.000000 39.000000 28.000000
-14.596000 -20.970000 0.390000 28.000000 29.000000 31.000000
-14.586000 -20.930000 0.238000 29.000000 29.000000 29.000000
-14.599000 -20.942000 0.357000 32.000000 32.000000 40.000000
-14.595000 -20.918000 0.280000 29.000000 33.000000 34.000000
-14.591000 -20.983000 0.373000 40.000000 41.000000 46.000000
-14.595000 -20.906000 0.259000 25.000000 25.000000 25.000000
-14.595000 -20.956000 0.353000 36.000000 40.000000 41.000000
-14.589000 -20.897000 0.197000 25.000000 24.000000 19.000000
-14.597000 -20.910000 0.283000 30.000000 34.000000 35.000000
-14.584000 -20.964000 0.280000 33.000000 33.000000 35.000000
-14.602000 -20.883000 0.273000 42.000000 42.000000 42.000000
-14.598000 -20.931000 0.331000 39.000000 40.000000 44.000000
-14.602000 -20.872000 0.251000 35.000000 35.000000 33.000000
-14.594000 -20.873000 0.190000 49.000000 46.000000 39.000000
-14.591000 -20.971000 0.349000 24.000000 25.000000 27.000000
-14.580000 -20.949000 0.225000 29.000000 28.000000 24.000000
-14.594000 -20.930000 0.300000 33.000000 34.000000 36.000000
-14.612000 -20.875000 0.338000 45.000000 46.000000 48.000000
-14.592000 -20.914000 0.253000 23.000000 23.000000 23.000000
-14.600000 -20.899000 0.286000 40.000000 41.000000 45.000000
-14.572000 -20.903000 0.076000 34.000000 36.000000 31.000000
-14.572000 -20.905000 0.081000 35.000000 37.000000 32.000000
-14.608000 -20.871000 0.296000 39.000000 39.000000 37.000000
-14.607000 -20.894000 0.333000 20.000000 21.000000 25.000000
-14.581000 -20.938000 0.211000 33.000000 32.000000 30.000000
-14.581000 -20.956000 0.248000 34.000000 33.000000 31.000000
-14.608000 -20.889000 0.331000 32.000000 31.000000 36.000000
-14.611000 -20.881000 0.339000 42.000000 43.000000 45.000000
-14.609000 -20.914000 0.384000 38.000000 41.000000 46.000000
-14.593000 -20.876000 0.187000 55.000000 52.000000 43.000000
-14.617000 -20.848000 0.327000 30.000000 29.000000 34.000000
-14.578000 -20.909000 0.136000 59.000000 60.000000 46.000000
-14.592000 -20.982000 0.378000 44.000000 45.000000 49.000000
-14.583000 -20.915000 0.185000 38.000000 38.000000 30.000000
-14.598000 -20.926000 0.327000 35.000000 39.000000 42.000000
-14.602000 -20.907000 0.315000 31.000000 33.000000 32.000000
-14.608000 -20.886000 0.327000 29.000000 29.000000 31.000000
-14.598000 -20.907000 0.286000 36.000000 40.000000 41.000000
-14.578000 -20.939000 0.188000 38.000000 37.000000 33.000000
-14.607000 -20.898000 0.341000 32.000000 33.000000 37.000000
-14.617000 -20.853000 0.333000 28.000000 27.000000 32.000000
-14.583000 -20.949000 0.249000 32.000000 31.000000 29.000000
-14.599000 -20.920000 0.320000 36.000000 40.000000 43.000000
-14.588000 -20.954000 0.294000 33.000000 34.000000 36.000000
-14.597000 -20.907000 0.282000 33.000000 34.000000 36.000000
-14.589000 -20.896000 0.198000 25.000000 24.000000 19.000000
-14.581000 -20.932000 0.198000 60.000000 59.000000 57.000000
-14.596000 -20.865000 0.192000 34.000000 30.000000 27.000000
-14.597000 -20.903000 0.273000 31.000000 32.000000 34.000000
-14.607000 -20.877000 0.305000 32.000000 34.000000 31.000000
-14.612000 -20.856000 0.307000 50.000000 55.000000 48.000000
-14.593000 -20.976000 0.377000 43.000000 44.000000 49.000000
-14.584000 -20.957000 0.268000 33.000000 33.000000 35.000000
-14.598000 -20.898000 0.271000 32.000000 32.000000 30.000000
-14.576000 -20.928000 0.155000 99.000000 100.000000 82.000000
-14.586000 -20.983000 0.339000 41.000000 41.000000 43.000000
-14.590000 -20.915000 0.238000 44.000000 42.000000 43.000000
-14.592000 -20.885000 0.201000 30.000000 29.000000 25.000000
-14.607000 -20.876000 0.299000 36.000000 38.000000 35.000000
-14.581000 -20.947000 0.229000 32.000000 31.000000 27.000000
-14.588000 -20.887000 0.172000 41.000000 38.000000 29.000000
-14.576000 -20.899000 0.101000 40.000000 35.000000 29.000000
-14.588000 -20.945000 0.278000 32.000000 36.000000 37.000000
-14.609000 -20.864000 0.293000 29.000000 29.000000 29.000000
-14.619000 -20.853000 0.350000 53.000000 53.000000 55.000000
-14.592000 -20.919000 0.259000 26.000000 26.000000 26.000000
-14.609000 -20.883000 0.328000 26.000000 26.000000 28.000000
-14.601000 -20.899000 0.295000 29.000000 30.000000 34.000000
-14.601000 -20.918000 0.330000 26.000000 29.000000 34.000000
-14.586000 -20.927000 0.226000 82.000000 81.000000 79.000000
-14.590000 -20.947000 0.298000 29.000000 29.000000 31.000000
-14.594000 -20.928000 0.291000 36.000000 40.000000 41.000000
-14.601000 -20.922000 0.338000 24.000000 25.000000 30.000000
-14.578000 -20.917000 0.148000 90.000000 91.000000 73.000000
-14.573000 -20.897000 0.076000 32.000000 34.000000 29.000000
-14.578000 -20.909000 0.133000 47.000000 47.000000 35.000000
-14.587000 -20.969000 0.315000 33.000000 34.000000 36.000000
-14.599000 -20.877000 0.236000 31.000000 31.000000 29.000000
-14.602000 -20.869000 0.248000 38.000000 37.000000 33.000000
-14.584000 -20.896000 0.157000 42.000000 40.000000 28.000000
-14.595000 -20.888000 0.228000 39.000000 37.000000 40.000000
-14.599000 -20.961000 0.394000 45.000000 46.000000 50.000000
-14.586000 -20.956000 0.288000 36.000000 37.000000 39.000000
-14.610000 -20.854000 0.282000 64.000000 61.000000 56.000000
-14.607000 -20.875000 0.297000 35.000000 37.000000 34.000000
-14.603000 -20.939000 0.387000 44.000000 45.000000 50.000000
-14.580000 -20.906000 0.144000 103.000000 100.000000 85.000000
-14.589000 -20.908000 0.214000 119.000000 119.000000 117.000000
-14.601000 -20.894000 0.290000 31.000000 32.000000 36.000000
-14.581000 -20.883000 0.109000 36.000000 37.000000 31.000000
-14.606000 -20.888000 0.314000 45.000000 47.000000 46.000000
-14.621000 -20.837000 0.339000 49.000000 43.000000 47.000000
-14.621000 -20.839000 0.339000 52.000000 48.000000 49.000000
-14.616000 -20.857000 0.336000 40.000000 40.000000 40.000000
-14.583000 -20.937000 0.223000 26.000000 25.000000 23.000000
-14.597000 -20.884000 0.235000 33.000000 33.000000 31.000000
-14.593000 -20.907000 0.244000 33.000000 33.000000 33.000000
-14.584000 -20.947000 0.251000 32.000000 31.000000 29.000000
-14.603000 -20.904000 0.319000 48.000000 50.000000 49.000000
-14.593000 -20.959000 0.346000 26.000000 30.000000 29.000000
-14.608000 -20.896000 0.342000 32.000000 33.000000 37.000000
-14.600000 -20.897000 0.284000 39.000000 40.000000 44.000000
-14.601000 -20.932000 0.360000 38.000000 37.000000 43.000000
-14.605000 -20.912000 0.351000 33.000000 34.000000 38.000000
-14.612000 -20.887000 0.360000 46.000000 50.000000 51.000000
-14.588000 -20.886000 0.168000 41.000000 38.000000 29.000000
-14.572000 -20.893000 0.057000 45.000000 45.000000 45.000000
-14.606000 -20.904000 0.346000 30.000000 31.000000 35.000000
-14.598000 -20.881000 0.240000 32.000000 32.000000 30.000000
-14.591000 -20.906000 0.229000 80.000000 78.000000 79.000000
-14.597000 -20.899000 0.262000 27.000000 27.000000 25.000000
-14.610000 -20.867000 0.308000 47.000000 48.000000 43.000000
-14.613000 -20.850000 0.298000 45.000000 46.000000 40.000000
-14.602000 -20.940000 0.378000 35.000000 36.000000 41.000000
-14.578000 -20.940000 0.192000 41.000000 40.000000 36.000000
-14.596000 -20.890000 0.243000 33.000000 31.000000 32.000000
-14.608000 -20.872000 0.299000 41.000000 41.000000 39.000000
-14.580000 -20.919000 0.165000 152.000000 152.000000 140.000000
-14.614000 -20.881000 0.369000 26.000000 30.000000 31.000000
-14.580000 -20.931000 0.188000 39.000000 38.000000 33.000000
-14.603000 -20.932000 0.373000 39.000000 40.000000 45.000000
-14.611000 -20.901000 0.377000 37.000000 38.000000 43.000000
-14.583000 -20.914000 0.185000 38.000000 38.000000 30.000000
-14.604000 -20.876000 0.274000 42.000000 41.000000 39.000000
-14.584000 -20.912000 0.184000 43.000000 40.000000 33.000000
-14.603000 -20.903000 0.316000 38.000000 40.000000 39.000000
-14.594000 -20.982000 0.400000 45.000000 42.000000 53.000000
-14.572000 -20.901000 0.071000 38.000000 37.000000 33.000000
-14.578000 -20.903000 0.119000 35.000000 37.000000 32.000000
-14.589000 -20.917000 0.233000 71.000000 69.000000 70.000000
-14.608000 -20.869000 0.294000 32.000000 32.000000 30.000000
-14.583000 -20.951000 0.253000 31.000000 29.000000 30.000000
-14.606000 -20.901000 0.336000 22.000000 23.000000 27.000000
-14.585000 -20.919000 0.210000 36.000000 35.000000 33.000000
-14.614000 -20.849000 0.306000 50.000000 53.000000 46.000000
-14.593000 -20.910000 0.252000 26.000000 26.000000 26.000000
-14.607000 -20.918000 0.376000 27.000000 30.000000 35.000000
-14.576000 -20.903000 0.108000 39.000000 38.000000 33.000000
-14.582000 -20.930000 0.208000 30.000000 29.000000 27.000000
-14.586000 -20.978000 0.326000 36.000000 37.000000 39.000000
-14.594000 -20.886000 0.219000 28.000000 27.000000 23.000000
-14.582000 -20.891000 0.129000 39.000000 39.000000 27.000000
-14.588000 -20.915000 0.222000 56.000000 55.000000 53.000000
-14.576000 -20.925000 0.144000 117.000000 118.000000 102.000000
-14.600000 -20.949000 0.380000 41.000000 42.000000 47.000000
-14.579000 -20.891000 0.107000 36.000000 37.000000 31.000000
-14.591000 -20.929000 0.271000 26.000000 27.000000 29.000000
-14.601000 -20.946000 0.384000 22.000000 23.000000 28.000000
-14.601000 -20.867000 0.236000 36.000000 37.000000 32.000000
-14.593000 -20.878000 0.190000 57.000000 54.000000 47.000000
-14.597000 -20.905000 0.275000 35.000000 36.000000 38.000000
-14.615000 -20.877000 0.363000 47.000000 51.000000 52.000000
-14.586000 -20.928000 0.233000 55.000000 53.000000 54.000000
-14.610000 -20.882000 0.338000 39.000000 40.000000 42.000000
-14.615000 -20.846000 0.307000 45.000000 48.000000 41.000000
-14.584000 -20.962000 0.279000 33.000000 33.000000 35.000000
-14.598000 -20.934000 0.338000 23.000000 24.000000 29.000000
-14.590000 -20.996000 0.388000 33.000000 35.000000 34.000000
-14.594000 -20.942000 0.317000 31.000000 32.000000 36.000000
-14.607000 -20.904000 0.356000 54.000000 58.000000 61.000000
-14.580000 -20.888000 0.110000 37.000000 38.000000 32.000000
-14.607000 -20.872000 0.295000 32.000000 32.000000 30.000000
-14.581000 -20.928000 0.189000 48.000000 47.000000 42.000000
-14.608000 -20.869000 0.294000 32.000000 32.000000 30.000000
-14.591000 -20.990000 0.389000 18.000000 19.000000 21.000000
-14.597000 -20.872000 0.215000 36.000000 36.000000 34.000000
-14.574000 -20.894000 0.076000 30.000000 32.000000 27.000000
-14.589000 -20.990000 0.371000 47.000000 48.000000 52.000000
-14.571000 -20.897000 0.056000 41.000000 39.000000 40.000000
-14.616000 -20.845000 0.318000 55.000000 57.000000 54.000000
-14.612000 -20.857000 0.302000 44.000000 45.000000 40.000000
-14.576000 -20.893000 0.091000 39.000000 36.000000 29.000000
-14.601000 -20.935000 0.361000 36.000000 36.000000 44.000000
-14.585000 -20.891000 0.157000 42.000000 40.000000 28.000000
-14.593000 -20.978000 0.382000 47.000000 48.000000 52.000000
-14.614000 -20.853000 0.316000 56.000000 61.000000 57.000000
-14.587000 -20.920000 0.228000 50.000000 49.000000 47.000000
-14.605000 -20.876000 0.282000 43.000000 44.000000 46.000000
-14.591000 -20.905000 0.232000 44.000000 42.000000 43.000000
-14.601000 -20.922000 0.338000 24.000000 25.000000 30.000000
-14.586000 -20.899000 0.176000 44.000000 41.000000 36.000000
-14.599000 -20.862000 0.211000 37.000000 37.000000 35.000000
-14.602000 -20.945000 0.391000 45.000000 46.000000 51.000000
-14.578000 -20.938000 0.186000 41.000000 40.000000 36.000000
-14.577000 -20.906000 0.122000 35.000000 35.000000 27.000000
-14.576000 -20.910000 0.123000 41.000000 41.000000 31.000000
-14.608000 -20.880000 0.315000 55.000000 56.000000 58.000000
-14.603000 -20.932000 0.372000 39.000000 40.000000 44.000000
-14.580000 -20.892000 0.121000 37.000000 39.000000 28.000000
-14.603000 -20.919000 0.352000 28.000000 32.000000 35.000000
-14.588000 -20.879000 0.159000 40.000000 40.000000 32.000000
-14.608000 -20.880000 0.318000 50.000000 51.000000 53.000000
-14.604000 -20.907000 0.336000 25.000000 26.000000 30.000000
-14.602000 -20.931000 0.368000 41.000000 42.000000 46.000000
-14.581000 -20.928000 0.191000 43.000000 42.000000 38.000000
-14.601000 -20.903000 0.305000 32.000000 33.000000 35.000000
-14.599000 -20.957000 0.391000 39.000000 40.000000 45.000000
-14.582000 -20.889000 0.126000 38.000000 38.000000 26.000000
-14.594000 -20.870000 0.188000 51.000000 48.000000 43.000000
-14.596000 -20.975000 0.399000 46.000000 47.000000 49.000000
-14.613000 -20.854000 0.306000 53.000000 56.000000 47.000000
-14.578000 -20.917000 0.148000 90.000000 91.000000 73.000000
-14.589000 -20.967000 0.328000 35.000000 36.000000 38.000000
-14.616000 -20.846000 0.318000 45.000000 47.000000 46.000000
-14.620000 -20.846000 0.349000 56.000000 56.000000 58.000000
-14.582000 -20.947000 0.233000 32.000000 31.000000 27.000000
-14.588000 -20.938000 0.266000 30.000000 31.000000 33.000000
-14.621000 -20.845000 0.353000 68.000000 68.000000 70.000000
-14.586000 -20.957000 0.287000 38.000000 39.000000 41.000000
-14.597000 -20.892000 0.249000 33.000000 33.000000 33.000000
-14.600000 -20.887000 0.266000 30.000000 30.000000 30.000000
-14.603000 -20.935000 0.379000 27.000000 28.000000 33.000000
-14.595000 -20.946000 0.338000 41.000000 42.000000 46.000000
-14.588000 -20.912000 0.217000 112.000000 112.000000 110.000000
-14.607000 -20.914000 0.373000 32.000000 35.000000 40.000000
-14.591000 -20.948000 0.312000 38.000000 37.000000 43.000000
-14.591000 -20.967000 0.343000 42.000000 43.000000 45.000000
-14.604000 -20.897000 0.313000 28.000000 30.000000 29.000000
-14.579000 -20.885000 0.096000 36.000000 37.000000 31.000000
-14.589000 -20.887000 0.175000 41.000000 38.000000 29.000000
-14.599000 -20.863000 0.210000 36.000000 36.000000 34.000000
-14.600000 -20.944000 0.373000 52.000000 53.000000 58.000000
-14.586000 -20.942000 0.256000 32.000000 31.000000 29.000000
-14.706000 -21.020000 0.025000 118.000000 108.000000 83.000000
-14.690000 -21.008000 0.023000 54.000000 47.000000 29.000000
-14.690000 -21.016000 0.023000 96.000000 88.000000 67.000000
-14.687000 -21.022000 0.023000 99.000000 92.000000 66.000000
-14.698000 -21.037000 0.023000 127.000000 120.000000 91.000000
-14.711000 -21.029000 0.023000 119.000000 109.000000 82.000000
-14.784000 -20.773000 0.373000 43.000000 35.000000 24.000000
-14.769000 -20.773000 0.374000 38.000000 33.000000 13.000000
-14.772000 -20.773000 0.373000 38.000000 33.000000 14.000000
-14.805000 -20.774000 0.385000 41.000000 34.000000 16.000000
-14.811000 -20.774000 0.366000 44.000000 41.000000 32.000000
-14.779000 -20.773000 0.380000 43.000000 34.000000 17.000000
-14.805000 -20.774000 0.372000 46.000000 39.000000 29.000000
-14.762000 -20.773000 0.363000 38.000000 32.000000 18.000000
-14.770000 -20.773000 0.362000 34.000000 28.000000 14.000000
-14.742000 -20.772000 0.381000 41.000000 33.000000 12.000000
-14.785000 -20.773000 0.385000 49.000000 41.000000 20.000000
-14.744000 -20.772000 0.366000 35.000000 27.000000 14.000000
-14.770000 -20.773000 0.357000 34.000000 28.000000 16.000000
-14.763000 -20.773000 0.349000 28.000000 21.000000 15.000000
-14.769000 -20.773000 0.371000 36.000000 31.000000 12.000000
-14.756000 -20.773000 0.362000 37.000000 29.000000 18.000000
-14.815000 -20.774000 0.376000 47.000000 44.000000 29.000000
-14.849000 -20.775000 0.373000 55.000000 57.000000 46.000000
-14.767000 -20.773000 0.358000 37.000000 31.000000 19.000000
-14.741000 -20.772000 0.383000 49.000000 39.000000 14.000000
-14.758000 -20.773000 0.355000 33.000000 26.000000 16.000000
-14.786000 -20.773000 0.379000 45.000000 38.000000 22.000000
-14.748000 -20.773000 0.364000 34.000000 26.000000 13.000000
-14.755000 -20.773000 0.385000 43.000000 36.000000 7.000000
-14.789000 -20.773000 0.363000 40.000000 33.000000 27.000000
-14.795000 -20.774000 0.364000 39.000000 32.000000 26.000000
-14.760000 -20.773000 0.357000 35.000000 28.000000 20.000000
-14.806000 -20.774000 0.371000 43.000000 36.000000 26.000000
-14.750000 -20.772000 0.378000 40.000000 32.000000 9.000000
-14.749000 -20.772000 0.377000 40.000000 32.000000 9.000000
-14.771000 -20.773000 0.356000 30.000000 26.000000 15.000000
-14.778000 -20.773000 0.380000 44.000000 37.000000 21.000000
-14.757000 -20.773000 0.354000 31.000000 24.000000 16.000000
-14.757000 -20.773000 0.375000 40.000000 34.000000 12.000000
-14.803000 -20.774000 0.371000 43.000000 36.000000 26.000000
-14.771000 -20.773000 0.386000 47.000000 38.000000 21.000000
-14.831000 -20.774000 0.372000 51.000000 49.000000 34.000000
-14.796000 -20.773000 0.385000 51.000000 44.000000 26.000000
-14.797000 -20.773000 0.384000 51.000000 44.000000 26.000000
-14.641000 -20.813000 0.058000 32.000000 32.000000 20.000000
-14.637000 -20.814000 0.056000 31.000000 31.000000 19.000000
-14.616000 -20.810000 0.058000 56.000000 47.000000 30.000000
-14.643000 -20.811000 0.063000 35.000000 35.000000 23.000000
-14.675000 -20.786000 0.118000 36.000000 27.000000 12.000000
-14.672000 -20.787000 0.115000 33.000000 26.000000 10.000000
-14.632000 -20.797000 0.085000 35.000000 26.000000 11.000000
-14.675000 -20.786000 0.119000 36.000000 27.000000 12.000000
-14.630000 -20.809000 0.062000 46.000000 40.000000 28.000000
-14.624000 -20.815000 0.050000 44.000000 37.000000 27.000000
-14.651000 -20.807000 0.073000 30.000000 28.000000 15.000000
-14.648000 -20.801000 0.083000 35.000000 25.000000 13.000000
-14.617000 -20.802000 0.072000 52.000000 43.000000 26.000000
-14.626000 -20.815000 0.051000 39.000000 32.000000 22.000000
-14.631000 -20.814000 0.053000 36.000000 32.000000 21.000000
-14.613000 -20.802000 0.071000 54.000000 43.000000 23.000000
-14.661000 -20.796000 0.095000 37.000000 24.000000 15.000000
-14.628000 -20.822000 0.038000 35.000000 30.000000 26.000000
-14.622000 -20.814000 0.052000 45.000000 37.000000 24.000000
-14.665000 -20.797000 0.095000 30.000000 21.000000 12.000000
-14.631000 -20.814000 0.054000 36.000000 32.000000 21.000000
-14.621000 -20.808000 0.061000 50.000000 41.000000 24.000000
-14.674000 -20.834000 0.379000 63.000000 62.000000 58.000000
-14.681000 -20.852000 0.388000 41.000000 41.000000 39.000000
-14.742000 -20.856000 0.409000 42.000000 41.000000 37.000000
-14.678000 -20.920000 0.411000 31.000000 30.000000 26.000000
-14.698000 -20.873000 0.400000 45.000000 40.000000 44.000000
-14.661000 -20.873000 0.389000 43.000000 43.000000 45.000000
-14.654000 -20.847000 0.377000 66.000000 67.000000 62.000000
-14.673000 -20.830000 0.377000 64.000000 63.000000 59.000000
-14.628000 -20.855000 0.372000 56.000000 56.000000 58.000000
-14.694000 -20.823000 0.381000 53.000000 52.000000 47.000000
-14.707000 -20.847000 0.394000 54.000000 53.000000 49.000000
-14.715000 -20.883000 0.410000 37.000000 36.000000 34.000000
-14.689000 -20.883000 0.401000 33.000000 34.000000 29.000000
-14.724000 -20.872000 0.408000 39.000000 38.000000 36.000000
-14.691000 -20.847000 0.389000 41.000000 42.000000 37.000000
-14.719000 -20.829000 0.392000 47.000000 47.000000 39.000000
-14.659000 -20.883000 0.392000 41.000000 41.000000 43.000000
-14.611000 -20.948000 0.399000 34.000000 37.000000 44.000000
-14.692000 -20.861000 0.394000 38.000000 39.000000 34.000000
-14.658000 -20.833000 0.374000 73.000000 72.000000 68.000000
-14.637000 -20.869000 0.379000 45.000000 45.000000 43.000000
-14.604000 -20.949000 0.397000 37.000000 40.000000 47.000000
-14.676000 -20.924000 0.412000 50.000000 49.000000 45.000000
-14.637000 -20.852000 0.374000 51.000000 52.000000 47.000000
-14.659000 -20.906000 0.400000 57.000000 56.000000 62.000000
-14.693000 -20.865000 0.396000 41.000000 40.000000 38.000000
-14.680000 -20.824000 0.377000 56.000000 55.000000 50.000000
-14.608000 -20.966000 0.404000 37.000000 38.000000 43.000000
-14.758000 -20.818000 0.400000 49.000000 49.000000 41.000000
-14.737000 -20.842000 0.402000 44.000000 43.000000 39.000000
-14.765000 -20.833000 0.408000 44.000000 43.000000 39.000000
-14.614000 -20.901000 0.384000 33.000000 33.000000 43.000000
-14.760000 -20.845000 0.410000 46.000000 45.000000 43.000000
-14.676000 -20.831000 0.379000 59.000000 58.000000 54.000000
-14.677000 -20.895000 0.401000 150.000000 150.000000 148.000000
-14.732000 -20.858000 0.406000 46.000000 45.000000 43.000000
-14.743000 -20.817000 0.395000 57.000000 56.000000 51.000000
-14.654000 -20.873000 0.387000 50.000000 50.000000 50.000000
-14.699000 -20.841000 0.390000 44.000000 45.000000 39.000000
-14.621000 -20.971000 0.411000 28.000000 28.000000 30.000000
-14.664000 -20.837000 0.377000 66.000000 65.000000 61.000000
-14.750000 -20.815000 0.397000 54.000000 54.000000 46.000000
-14.620000 -20.883000 0.379000 37.000000 38.000000 43.000000
-14.722000 -20.855000 0.402000 42.000000 42.000000 42.000000
-14.642000 -20.892000 0.389000 38.000000 38.000000 38.000000
-14.709000 -20.840000 0.392000 55.000000 57.000000 46.000000
-14.649000 -20.916000 0.400000 41.000000 42.000000 46.000000
-14.656000 -20.837000 0.374000 73.000000 74.000000 68.000000
-14.771000 -20.809000 0.401000 54.000000 53.000000 48.000000
-14.722000 -20.873000 0.408000 38.000000 37.000000 35.000000
-14.719000 -20.877000 0.408000 40.000000 39.000000 37.000000
-14.657000 -20.841000 0.376000 66.000000 67.000000 61.000000
-14.750000 -20.842000 0.406000 48.000000 47.000000 43.000000
-14.686000 -20.836000 0.384000 49.000000 50.000000 45.000000
-14.672000 -20.851000 0.384000 58.000000 58.000000 56.000000
-14.753000 -20.846000 0.409000 31.000000 30.000000 26.000000
-14.658000 -20.895000 0.395000 23.000000 29.000000 29.000000
-14.690000 -20.893000 0.405000 31.000000 31.000000 33.000000
-14.677000 -20.858000 0.389000 43.000000 43.000000 43.000000
-14.681000 -20.887000 0.400000 151.000000 153.000000 150.000000
-14.727000 -20.844000 0.399000 53.000000 53.000000 51.000000
-14.620000 -20.948000 0.402000 41.000000 44.000000 49.000000
-14.650000 -20.916000 0.401000 27.000000 28.000000 32.000000
-14.674000 -20.917000 0.408000 107.000000 104.000000 97.000000
-14.642000 -20.894000 0.390000 40.000000 38.000000 39.000000
-14.651000 -20.933000 0.407000 49.000000 54.000000 47.000000
-14.652000 -20.908000 0.398000 32.000000 33.000000 37.000000
-14.625000 -20.898000 0.386000 38.000000 37.000000 45.000000
-14.648000 -20.837000 0.372000 49.000000 49.000000 41.000000
-14.639000 -20.870000 0.381000 51.000000 51.000000 49.000000
-14.737000 -20.866000 0.410000 42.000000 39.000000 34.000000
-14.724000 -20.855000 0.403000 41.000000 41.000000 41.000000
-14.602000 -20.969000 0.404000 38.000000 39.000000 44.000000
-14.707000 -20.878000 0.405000 43.000000 38.000000 42.000000
-14.761000 -20.827000 0.404000 46.000000 45.000000 40.000000
-14.680000 -20.866000 0.393000 40.000000 41.000000 36.000000
-14.705000 -20.826000 0.386000 54.000000 55.000000 47.000000
-14.723000 -20.849000 0.400000 51.000000 49.000000 50.000000
-14.635000 -20.916000 0.396000 37.000000 39.000000 38.000000
-14.790000 -20.814000 0.409000 66.000000 68.000000 63.000000
-14.716000 -20.835000 0.393000 52.000000 49.000000 44.000000
-14.648000 -20.947000 0.411000 44.000000 52.000000 41.000000
-14.695000 -20.821000 0.381000 48.000000 48.000000 40.000000
-14.654000 -20.872000 0.386000 50.000000 50.000000 50.000000
-14.745000 -20.835000 0.402000 49.000000 48.000000 43.000000
-14.657000 -20.856000 0.382000 63.000000 63.000000 61.000000
-14.740000 -20.816000 0.394000 55.000000 54.000000 49.000000
-14.662000 -20.858000 0.384000 67.000000 67.000000 67.000000
-14.635000 -20.846000 0.371000 55.000000 55.000000 55.000000
-14.673000 -20.870000 0.392000 42.000000 42.000000 40.000000
-14.662000 -20.890000 0.395000 62.000000 67.000000 73.000000
-14.635000 -20.933000 0.401000 35.000000 37.000000 36.000000
-14.656000 -20.863000 0.384000 65.000000 65.000000 65.000000
-14.626000 -20.925000 0.396000 45.000000 48.000000 55.000000
-14.760000 -20.825000 0.403000 46.000000 45.000000 40.000000
-14.780000 -20.808000 0.404000 57.000000 58.000000 52.000000
-14.629000 -20.947000 0.405000 33.000000 32.000000 38.000000
-14.619000 -20.915000 0.390000 34.000000 34.000000 44.000000
-14.736000 -20.818000 0.393000 51.000000 50.000000 46.000000
-14.709000 -20.891000 0.410000 34.000000 35.000000 30.000000
-14.655000 -20.930000 0.407000 134.000000 136.000000 125.000000
-14.659000 -20.870000 0.387000 61.000000 61.000000 61.000000
-14.684000 -20.850000 0.388000 39.000000 39.000000 37.000000
-14.618000 -20.876000 0.376000 45.000000 46.000000 50.000000
-14.622000 -20.942000 0.400000 44.000000 47.000000 54.000000
-14.607000 -20.989000 0.412000 49.000000 48.000000 53.000000
-14.666000 -20.916000 0.405000 190.000000 185.000000 182.000000
-14.751000 -20.810000 0.395000 51.000000 51.000000 43.000000
-14.630000 -20.903000 0.389000 46.000000 45.000000 53.000000
-14.716000 -20.883000 0.410000 36.000000 35.000000 31.000000
-14.635000 -20.838000 0.368000 64.000000 65.000000 60.000000
-14.708000 -20.895000 0.411000 36.000000 32.000000 20.000000
-14.789000 -20.808000 0.407000 64.000000 65.000000 59.000000
-14.736000 -20.848000 0.404000 66.000000 65.000000 61.000000
-14.768000 -20.838000 0.410000 37.000000 36.000000 34.000000
-14.626000 -20.972000 0.413000 31.000000 31.000000 33.000000
-14.677000 -20.881000 0.396000 151.000000 155.000000 158.000000
-14.606000 -20.974000 0.407000 46.000000 47.000000 51.000000
-14.720000 -20.827000 0.391000 48.000000 48.000000 40.000000
-14.607000 -20.946000 0.397000 35.000000 38.000000 45.000000
-14.742000 -20.822000 0.397000 58.000000 57.000000 52.000000
-14.635000 -20.920000 0.397000 37.000000 38.000000 40.000000
-14.611000 -20.944000 0.398000 34.000000 37.000000 46.000000
-14.668000 -20.893000 0.398000 175.000000 178.000000 185.000000
-14.638000 -20.960000 0.412000 32.000000 32.000000 32.000000
-14.655000 -20.899000 0.396000 31.000000 36.000000 30.000000
-14.716000 -20.881000 0.409000 37.000000 36.000000 32.000000
-14.722000 -20.856000 0.402000 38.000000 38.000000 38.000000
-14.793000 -20.810000 0.408000 65.000000 66.000000 60.000000
-14.705000 -20.827000 0.387000 56.000000 57.000000 49.000000
-14.656000 -20.859000 0.382000 66.000000 66.000000 64.000000
-14.717000 -20.823000 0.389000 45.000000 45.000000 37.000000
-14.676000 -20.843000 0.383000 50.000000 50.000000 48.000000
-14.675000 -20.911000 0.407000 99.000000 96.000000 89.000000
-14.777000 -20.812000 0.404000 59.000000 60.000000 55.000000
-14.651000 -20.901000 0.395000 35.000000 36.000000 38.000000
-14.622000 -20.901000 0.386000 35.000000 33.000000 44.000000
-14.684000 -20.828000 0.380000 61.000000 60.000000 55.000000
-14.613000 -20.965000 0.406000 57.000000 58.000000 62.000000
-14.702000 -20.850000 0.394000 49.000000 48.000000 44.000000
-14.617000 -20.933000 0.396000 42.000000 44.000000 57.000000
-14.620000 -20.959000 0.406000 33.000000 34.000000 38.000000
-14.642000 -20.938000 0.406000 32.000000 36.000000 39.000000
-14.640000 -20.952000 0.410000 27.000000 31.000000 34.000000
-14.647000 -20.878000 0.386000 44.000000 44.000000 42.000000
-14.729000 -20.849000 0.402000 57.000000 57.000000 57.000000
-14.631000 -20.871000 0.379000 38.000000 38.000000 40.000000
-14.626000 -20.870000 0.377000 39.000000 38.000000 43.000000
-14.657000 -20.924000 0.406000 159.000000 160.000000 152.000000
-14.660000 -20.889000 0.394000 42.000000 47.000000 53.000000
-14.684000 -20.845000 0.386000 41.000000 41.000000 39.000000
-14.669000 -20.874000 0.392000 62.000000 62.000000 62.000000
-14.708000 -20.877000 0.405000 42.000000 37.000000 41.000000
-14.633000 -20.944000 0.405000 34.000000 33.000000 39.000000
-14.656000 -20.893000 0.394000 32.000000 38.000000 36.000000
-14.757000 -20.823000 0.402000 49.000000 49.000000 41.000000
-14.654000 -20.847000 0.377000 66.000000 67.000000 62.000000
-14.645000 -20.850000 0.376000 55.000000 56.000000 50.000000
-14.691000 -20.858000 0.393000 39.000000 39.000000 37.000000
-14.689000 -20.830000 0.383000 55.000000 56.000000 50.000000
-14.752000 -20.826000 0.401000 48.000000 47.000000 42.000000
-14.716000 -20.853000 0.399000 50.000000 49.000000 47.000000
-14.652000 -20.876000 0.387000 45.000000 45.000000 45.000000
-14.777000 -20.826000 0.409000 40.000000 39.000000 37.000000
-14.756000 -20.824000 0.402000 49.000000 49.000000 41.000000
-14.670000 -20.868000 0.390000 39.000000 39.000000 37.000000
-14.692000 -20.885000 0.403000 35.000000 35.000000 35.000000
-14.655000 -20.877000 0.388000 45.000000 45.000000 45.000000
-14.621000 -20.857000 0.370000 24.000000 25.000000 27.000000
-14.773000 -20.820000 0.405000 45.000000 47.000000 44.000000
-14.771000 -20.818000 0.405000 48.000000 48.000000 46.000000
-14.701000 -20.849000 0.393000 49.000000 48.000000 44.000000
-14.643000 -20.868000 0.381000 52.000000 52.000000 50.000000
-14.663000 -20.834000 0.376000 64.000000 63.000000 59.000000
-14.743000 -20.983000 0.368000 48.000000 52.000000 53.000000
-14.760000 -20.946000 0.379000 26.000000 26.000000 26.000000
-14.743000 -20.969000 0.368000 19.000000 23.000000 24.000000
-14.784000 -20.948000 0.396000 23.000000 23.000000 23.000000
-14.762000 -20.971000 0.381000 19.000000 20.000000 22.000000
-14.809000 -20.939000 0.413000 26.000000 24.000000 27.000000
-14.787000 -20.863000 0.395000 35.000000 35.000000 35.000000
-14.810000 -20.850000 0.411000 28.000000 23.000000 20.000000
-14.796000 -20.952000 0.405000 23.000000 22.000000 20.000000
-14.755000 -20.903000 0.374000 30.000000 30.000000 28.000000
-14.777000 -20.930000 0.390000 29.000000 29.000000 31.000000
-14.744000 -20.928000 0.367000 17.000000 16.000000 14.000000
-14.745000 -20.955000 0.369000 23.000000 24.000000 26.000000
-14.784000 -20.912000 0.395000 29.000000 29.000000 31.000000
-14.780000 -20.924000 0.392000 29.000000 29.000000 31.000000
-14.733000 -20.960000 0.360000 20.000000 22.000000 17.000000
-14.760000 -20.915000 0.378000 29.000000 28.000000 34.000000
-14.736000 -20.983000 0.363000 45.000000 49.000000 50.000000
-14.807000 -20.976000 0.413000 18.000000 18.000000 18.000000
-14.743000 -20.925000 0.366000 22.000000 21.000000 16.000000
-14.757000 -20.934000 0.376000 28.000000 28.000000 28.000000
-14.742000 -20.956000 0.367000 22.000000 23.000000 27.000000
-14.794000 -20.951000 0.403000 28.000000 28.000000 28.000000
-14.736000 -20.970000 0.362000 20.000000 17.000000 24.000000
-14.768000 -20.923000 0.384000 29.000000 29.000000 31.000000
-14.792000 -20.918000 0.400000 27.000000 27.000000 27.000000
-14.803000 -20.879000 0.407000 34.000000 33.000000 31.000000
-14.804000 -20.840000 0.406000 34.000000 33.000000 29.000000
-14.796000 -20.867000 0.402000 33.000000 32.000000 30.000000
-14.799000 -20.837000 0.403000 43.000000 43.000000 41.000000
-14.793000 -20.870000 0.400000 34.000000 33.000000 31.000000
-14.711000 -20.989000 0.345000 34.000000 38.000000 41.000000
-14.803000 -20.905000 0.408000 28.000000 28.000000 28.000000
-14.790000 -20.925000 0.400000 25.000000 25.000000 25.000000
-14.778000 -20.945000 0.392000 27.000000 27.000000 27.000000
-14.778000 -20.950000 0.392000 27.000000 27.000000 27.000000
-14.803000 -20.917000 0.408000 23.000000 23.000000 23.000000
-14.742000 -20.982000 0.368000 48.000000 52.000000 53.000000
-14.811000 -20.811000 0.410000 89.000000 90.000000 84.000000
-14.758000 -20.914000 0.377000 28.000000 27.000000 33.000000
-14.753000 -20.957000 0.374000 20.000000 21.000000 23.000000
-14.790000 -20.980000 0.401000 16.000000 17.000000 19.000000
-14.783000 -20.929000 0.394000 26.000000 26.000000 26.000000
-14.789000 -20.890000 0.398000 32.000000 32.000000 34.000000
-14.807000 -20.886000 0.410000 29.000000 28.000000 26.000000
-14.765000 -20.903000 0.381000 30.000000 29.000000 34.000000
-14.790000 -20.975000 0.401000 18.000000 18.000000 20.000000
-14.763000 -20.961000 0.382000 22.000000 23.000000 25.000000
-14.782000 -20.923000 0.394000 29.000000 29.000000 31.000000
-14.791000 -20.980000 0.402000 16.000000 17.000000 19.000000
-14.735000 -20.979000 0.362000 43.000000 47.000000 48.000000
-14.766000 -20.921000 0.383000 31.000000 31.000000 33.000000
-14.757000 -20.940000 0.376000 27.000000 27.000000 27.000000
-14.776000 -20.881000 0.388000 33.000000 33.000000 35.000000
-14.807000 -20.910000 0.411000 26.000000 26.000000 26.000000
-14.789000 -20.946000 0.400000 26.000000 26.000000 26.000000
-14.794000 -20.974000 0.404000 20.000000 20.000000 22.000000
-14.791000 -20.942000 0.401000 26.000000 26.000000 26.000000
-14.785000 -20.850000 0.393000 39.000000 38.000000 36.000000
-14.781000 -20.957000 0.394000 23.000000 23.000000 23.000000
-14.803000 -20.854000 0.406000 44.000000 40.000000 37.000000
-14.800000 -20.872000 0.404000 35.000000 34.000000 32.000000
-14.803000 -20.855000 0.406000 44.000000 40.000000 37.000000
-14.809000 -20.960000 0.414000 25.000000 24.000000 22.000000
-14.780000 -20.861000 0.390000 35.000000 35.000000 37.000000
-14.769000 -20.896000 0.383000 32.000000 31.000000 36.000000
-14.766000 -20.917000 0.382000 33.000000 31.000000 36.000000
-14.778000 -20.909000 0.390000 29.000000 29.000000 31.000000
-14.753000 -20.920000 0.373000 26.000000 25.000000 31.000000
-14.738000 -20.944000 0.363000 32.000000 33.000000 15.000000
-14.809000 -20.900000 0.412000 30.000000 28.000000 29.000000
-14.746000 -20.945000 0.369000 29.000000 31.000000 28.000000
-14.774000 -20.973000 0.390000 22.000000 23.000000 25.000000
-14.774000 -20.969000 0.390000 21.000000 22.000000 24.000000
-14.751000 -20.918000 0.372000 26.000000 25.000000 31.000000
-14.779000 -20.861000 0.390000 37.000000 35.000000 36.000000
-14.805000 -20.982000 0.412000 18.000000 20.000000 19.000000
-14.769000 -20.953000 0.386000 23.000000 23.000000 23.000000
-14.803000 -20.946000 0.409000 25.000000 23.000000 24.000000
-14.790000 -20.938000 0.400000 26.000000 26.000000 26.000000
-14.796000 -20.929000 0.404000 24.000000 24.000000 24.000000
-14.793000 -20.906000 0.401000 27.000000 27.000000 27.000000
-14.806000 -20.890000 0.409000 31.000000 30.000000 28.000000
-14.769000 -20.896000 0.384000 32.000000 31.000000 36.000000
-14.811000 -20.908000 0.414000 26.000000 26.000000 26.000000
-14.810000 -20.809000 0.410000 84.000000 85.000000 79.000000
-14.799000 -20.919000 0.406000 23.000000 23.000000 23.000000
-14.809000 -20.895000 0.412000 31.000000 30.000000 28.000000
-14.760000 -20.911000 0.378000 29.000000 28.000000 33.000000
-14.794000 -20.874000 0.400000 32.000000 32.000000 30.000000
-14.793000 -20.851000 0.399000 38.000000 36.000000 37.000000
-14.746000 -20.951000 0.369000 23.000000 25.000000 24.000000
-14.766000 -20.976000 0.384000 17.000000 18.000000 20.000000
-14.748000 -20.962000 0.371000 20.000000 21.000000 23.000000
-14.796000 -20.941000 0.404000 26.000000 26.000000 26.000000
-14.756000 -20.937000 0.376000 28.000000 28.000000 28.000000
-14.811000 -20.826000 0.411000 41.000000 40.000000 35.000000
-14.794000 -20.958000 0.403000 26.000000 24.000000 25.000000
-14.799000 -20.949000 0.407000 25.000000 24.000000 22.000000
-14.811000 -20.880000 0.412000 34.000000 33.000000 31.000000
-14.741000 -20.935000 0.365000 40.000000 41.000000 27.000000
-14.766000 -20.928000 0.382000 27.000000 27.000000 29.000000
-14.792000 -20.902000 0.400000 28.000000 28.000000 30.000000
-14.757000 -20.965000 0.378000 20.000000 21.000000 23.000000
-14.802000 -20.981000 0.410000 16.000000 17.000000 19.000000
-14.761000 -20.968000 0.380000 19.000000 20.000000 22.000000
-14.789000 -20.885000 0.397000 32.000000 32.000000 32.000000
-14.794000 -20.975000 0.404000 20.000000 20.000000 22.000000
-14.806000 -20.924000 0.411000 24.000000 24.000000 24.000000
-14.802000 -20.896000 0.407000 28.000000 26.000000 27.000000
-14.757000 -20.964000 0.378000 21.000000 22.000000 24.000000
-14.757000 -20.959000 0.377000 21.000000 22.000000 24.000000
-14.718000 -20.981000 0.350000 35.000000 39.000000 38.000000
-14.730000 -20.982000 0.359000 39.000000 43.000000 44.000000
-14.780000 -20.968000 0.394000 22.000000 22.000000 24.000000
-14.802000 -20.966000 0.410000 25.000000 25.000000 25.000000
-14.785000 -20.941000 0.397000 25.000000 25.000000 25.000000
-14.763000 -20.899000 0.379000 27.000000 28.000000 32.000000
-14.741000 -20.967000 0.366000 16.000000 20.000000 21.000000
-14.802000 -20.869000 0.406000 36.000000 35.000000 33.000000
-14.688000 -21.003000 0.289000 41.000000 40.000000 38.000000
-14.692000 -21.013000 0.219000 52.000000 49.000000 42.000000
-14.682000 -21.013000 0.234000 50.000000 50.000000 42.000000
-14.654000 -21.016000 0.251000 48.000000 48.000000 40.000000
-14.675000 -21.009000 0.265000 49.000000 46.000000 41.000000
-14.674000 -21.019000 0.200000 50.000000 50.000000 40.000000
-14.657000 -21.014000 0.259000 51.000000 48.000000 41.000000
-14.673000 -21.006000 0.291000 41.000000 37.000000 34.000000
-14.683000 -21.009000 0.258000 51.000000 48.000000 43.000000
-14.686000 -21.009000 0.253000 48.000000 47.000000 43.000000
-14.676000 -21.014000 0.232000 49.000000 49.000000 41.000000
-14.696000 -21.007000 0.252000 50.000000 45.000000 41.000000
-14.675000 -21.017000 0.216000 49.000000 49.000000 41.000000
-14.688000 -20.999000 0.315000 37.000000 37.000000 39.000000
-14.676000 -21.020000 0.196000 49.000000 49.000000 39.000000
-14.650000 -21.014000 0.272000 49.000000 46.000000 39.000000
-14.676000 -21.015000 0.227000 46.000000 46.000000 38.000000
-14.658000 -21.012000 0.272000 49.000000 46.000000 39.000000
-14.668000 -21.011000 0.263000 50.000000 47.000000 40.000000
-14.700000 -20.997000 0.309000 35.000000 35.000000 33.000000
-14.703000 -21.001000 0.281000 39.000000 38.000000 36.000000
-14.665000 -21.011000 0.267000 51.000000 48.000000 41.000000
-14.684000 -21.010000 0.245000 45.000000 44.000000 39.000000
-14.681000 -21.018000 0.198000 48.000000 48.000000 38.000000
-14.695000 -21.000000 0.301000 36.000000 36.000000 34.000000
-14.648000 -21.015000 0.268000 48.000000 45.000000 38.000000
-14.695000 -21.009000 0.239000 47.000000 42.000000 36.000000
-14.684000 -21.021000 0.179000 56.000000 53.000000 44.000000
-14.680000 -21.010000 0.255000 50.000000 47.000000 42.000000
-14.666000 -21.011000 0.270000 48.000000 45.000000 40.000000
-14.692000 -21.014000 0.209000 51.000000 48.000000 43.000000
-14.668000 -21.019000 0.213000 52.000000 52.000000 42.000000
-14.657000 -21.014000 0.263000 50.000000 47.000000 40.000000
-14.698000 -21.006000 0.251000 50.000000 45.000000 41.000000
-14.692000 -20.997000 0.320000 33.000000 35.000000 34.000000
-14.680000 -21.016000 0.218000 47.000000 47.000000 39.000000
-14.672000 -21.006000 0.292000 40.000000 36.000000 33.000000
-14.671000 -21.011000 0.263000 50.000000 47.000000 42.000000
-14.685000 -21.010000 0.243000 45.000000 44.000000 39.000000
-14.669000 -21.014000 0.244000 50.000000 50.000000 42.000000
-14.664000 -21.012000 0.262000 49.000000 46.000000 39.000000
-14.698000 -21.009000 0.233000 48.000000 43.000000 37.000000
-14.689000 -21.012000 0.226000 55.000000 52.000000 43.000000
-14.684000 -21.004000 0.288000 44.000000 40.000000 37.000000
-14.693000 -21.015000 0.205000 51.000000 48.000000 43.000000
-14.688000 -21.018000 0.189000 49.000000 46.000000 37.000000
-14.670000 -21.008000 0.283000 44.000000 41.000000 36.000000
-14.688000 -21.000000 0.309000 36.000000 36.000000 38.000000
-14.679000 -21.018000 0.203000 54.000000 54.000000 44.000000
-14.697000 -21.023000 0.144000 59.000000 57.000000 45.000000
-14.667000 -21.008000 0.287000 44.000000 41.000000 36.000000
-14.664000 -21.018000 0.227000 49.000000 49.000000 41.000000
-14.689000 -21.004000 0.280000 41.000000 37.000000 34.000000
-14.693000 -20.999000 0.307000 38.000000 38.000000 38.000000
-14.696000 -21.021000 0.155000 54.000000 52.000000 40.000000
-14.671000 -21.011000 0.262000 51.000000 48.000000 41.000000
-14.651000 -21.016000 0.258000 49.000000 46.000000 37.000000
-14.685000 -21.014000 0.220000 48.000000 48.000000 40.000000
-14.689000 -20.998000 0.318000 37.000000 37.000000 39.000000
-14.697000 -20.997000 0.314000 34.000000 34.000000 34.000000
-14.677000 -21.018000 0.206000 51.000000 51.000000 41.000000
-14.703000 -20.998000 0.303000 37.000000 37.000000 37.000000
-14.683000 -21.017000 0.202000 50.000000 52.000000 51.000000
-14.695000 -21.019000 0.171000 55.000000 50.000000 44.000000
-14.787000 -20.806000 0.404000 60.000000 61.000000 56.000000
-14.645000 -20.828000 0.367000 60.000000 59.000000 54.000000
-14.764000 -20.818000 0.396000 47.000000 48.000000 43.000000
-14.755000 -20.823000 0.393000 48.000000 47.000000 45.000000
-14.754000 -20.816000 0.394000 54.000000 54.000000 54.000000
-14.742000 -20.829000 0.389000 43.000000 40.000000 35.000000
-14.753000 -20.825000 0.392000 49.000000 48.000000 46.000000
-14.701000 -20.839000 0.378000 41.000000 42.000000 37.000000
-14.702000 -20.829000 0.380000 45.000000 47.000000 42.000000
-14.734000 -20.820000 0.389000 49.000000 49.000000 47.000000
-14.722000 -20.827000 0.385000 52.000000 51.000000 46.000000
-14.718000 -20.828000 0.384000 58.000000 57.000000 52.000000
-14.749000 -20.811000 0.394000 63.000000 60.000000 53.000000
-14.676000 -20.823000 0.375000 65.000000 62.000000 57.000000
-14.676000 -20.823000 0.375000 65.000000 62.000000 57.000000
-14.679000 -20.836000 0.373000 65.000000 66.000000 61.000000
-14.674000 -20.835000 0.373000 66.000000 65.000000 61.000000
-14.708000 -20.839000 0.380000 39.000000 40.000000 35.000000
-14.743000 -20.825000 0.390000 49.000000 48.000000 44.000000
-14.747000 -20.812000 0.394000 68.000000 67.000000 63.000000
-14.742000 -20.818000 0.391000 49.000000 49.000000 47.000000
-14.710000 -20.826000 0.382000 55.000000 56.000000 50.000000
-14.744000 -20.816000 0.392000 52.000000 52.000000 52.000000
-14.690000 -20.834000 0.376000 50.000000 49.000000 45.000000
-14.753000 -20.814000 0.395000 54.000000 54.000000 54.000000
-14.565000 -20.874000 0.027000 87.000000 71.000000 45.000000
-14.612000 -20.832000 0.026000 41.000000 31.000000 19.000000
-14.594000 -20.835000 0.023000 75.000000 62.000000 43.000000
-14.613000 -20.832000 0.026000 41.000000 33.000000 22.000000
-14.598000 -20.853000 0.029000 36.000000 30.000000 18.000000
-14.587000 -20.847000 0.025000 69.000000 62.000000 46.000000
-14.583000 -20.840000 0.022000 97.000000 86.000000 66.000000
-14.588000 -20.846000 0.025000 69.000000 62.000000 46.000000
-14.595000 -20.850000 0.027000 31.000000 23.000000 10.000000
-14.582000 -20.863000 0.028000 32.000000 28.000000 16.000000
-14.583000 -20.851000 0.025000 65.000000 58.000000 42.000000
-14.578000 -20.848000 0.023000 97.000000 85.000000 63.000000
-14.608000 -20.842000 0.028000 32.000000 23.000000 14.000000
-14.564000 -20.876000 0.028000 104.000000 87.000000 59.000000
-14.589000 -20.841000 0.023000 71.000000 63.000000 44.000000
-14.579000 -20.867000 0.029000 31.000000 28.000000 13.000000
-14.591000 -20.844000 0.025000 61.000000 52.000000 35.000000
-14.556000 -20.885000 0.028000 105.000000 88.000000 58.000000
-14.608000 -20.829000 0.024000 55.000000 43.000000 29.000000
-14.606000 -20.838000 0.026000 38.000000 28.000000 18.000000
-14.600000 -20.854000 0.029000 37.000000 30.000000 20.000000
-14.540000 -20.880000 0.024000 101.000000 83.000000 47.000000
-14.566000 -20.895000 0.031000 44.000000 32.000000 16.000000
-14.565000 -20.898000 0.027000 69.000000 57.000000 35.000000
-14.553000 -20.892000 0.024000 94.000000 78.000000 44.000000
-14.552000 -20.893000 0.023000 104.000000 88.000000 52.000000
-14.553000 -20.892000 0.024000 94.000000 78.000000 44.000000
-14.560000 -20.892000 0.029000 96.000000 80.000000 54.000000
-14.584000 -20.912000 0.029000 46.000000 47.000000 51.000000
-14.584000 -20.909000 0.032000 45.000000 45.000000 43.000000
-14.677000 -20.990000 0.027000 49.000000 46.000000 39.000000
-14.625000 -20.946000 0.028000 27.000000 31.000000 34.000000
-14.607000 -20.934000 0.026000 39.000000 40.000000 42.000000
-14.671000 -20.988000 0.024000 51.000000 46.000000 52.000000
-14.666000 -20.983000 0.025000 41.000000 39.000000 44.000000
-14.588000 -20.916000 0.029000 29.000000 32.000000 37.000000
-14.595000 -20.921000 0.028000 32.000000 35.000000 40.000000
-14.597000 -20.923000 0.029000 32.000000 33.000000 35.000000
-14.583000 -20.909000 0.030000 45.000000 46.000000 48.000000
-14.612000 -20.936000 0.028000 18.000000 18.000000 18.000000
-14.618000 -20.938000 0.030000 38.000000 38.000000 38.000000
-14.677000 -20.993000 0.024000 48.000000 44.000000 35.000000
-14.713000 -20.924000 0.388000 25.000000 25.000000 25.000000
-14.701000 -20.909000 0.407000 30.000000 30.000000 30.000000
-14.785000 -20.847000 0.394000 44.000000 38.000000 38.000000
-14.639000 -20.981000 0.397000 41.000000 40.000000 45.000000
-14.653000 -20.951000 0.410000 116.000000 125.000000 104.000000
-14.778000 -20.840000 0.405000 43.000000 39.000000 38.000000
-14.777000 -20.852000 0.397000 37.000000 37.000000 37.000000
-14.666000 -20.972000 0.385000 32.000000 31.000000 36.000000
-14.705000 -20.924000 0.393000 27.000000 27.000000 29.000000
-14.659000 -20.983000 0.382000 45.000000 44.000000 49.000000
-14.715000 -20.911000 0.396000 29.000000 30.000000 32.000000
-14.708000 -20.974000 0.353000 29.000000 35.000000 33.000000
-14.700000 -20.935000 0.389000 111.000000 111.000000 77.000000
-14.726000 -20.944000 0.363000 41.000000 37.000000 12.000000
-14.746000 -20.918000 0.368000 31.000000 32.000000 36.000000
-14.742000 -20.924000 0.367000 24.000000 26.000000 23.000000
-14.646000 -20.994000 0.383000 39.000000 40.000000 45.000000
-14.730000 -20.900000 0.394000 29.000000 29.000000 31.000000
-14.636000 -20.995000 0.389000 42.000000 43.000000 48.000000
-14.701000 -20.963000 0.367000 37.000000 42.000000 48.000000
-14.717000 -20.959000 0.358000 23.000000 22.000000 28.000000
-14.699000 -20.983000 0.353000 32.000000 33.000000 37.000000
-14.668000 -20.967000 0.388000 34.000000 33.000000 38.000000
-14.665000 -20.995000 0.368000 39.000000 38.000000 44.000000
-14.717000 -20.956000 0.361000 24.000000 23.000000 21.000000
-14.692000 -20.966000 0.371000 39.000000 38.000000 43.000000
-14.685000 -20.960000 0.381000 35.000000 35.000000 37.000000
-14.679000 -20.930000 0.408000 32.000000 30.000000 17.000000
-14.680000 -20.966000 0.379000 33.000000 32.000000 37.000000
-14.730000 -20.913000 0.384000 28.000000 29.000000 31.000000
-14.726000 -20.943000 0.364000 41.000000 37.000000 12.000000
-14.664000 -20.963000 0.393000 38.000000 38.000000 38.000000
-14.697000 -20.948000 0.381000 93.000000 93.000000 65.000000
-14.685000 -20.918000 0.412000 27.000000 33.000000 33.000000
-14.721000 -20.932000 0.376000 95.000000 98.000000 67.000000
-14.691000 -20.913000 0.412000 31.000000 31.000000 33.000000
-14.669000 -20.983000 0.375000 41.000000 41.000000 43.000000
-14.721000 -20.944000 0.367000 46.000000 42.000000 13.000000
-14.680000 -20.991000 0.360000 37.000000 38.000000 42.000000
-14.648000 -20.957000 0.410000 24.000000 30.000000 26.000000
-14.696000 -20.991000 0.349000 38.000000 39.000000 41.000000
-14.751000 -20.861000 0.409000 37.000000 37.000000 35.000000
-14.728000 -20.915000 0.384000 28.000000 29.000000 31.000000
-14.711000 -20.945000 0.373000 71.000000 67.000000 38.000000
-14.690000 -20.990000 0.354000 38.000000 39.000000 43.000000
-14.684000 -20.927000 0.406000 28.000000 25.000000 20.000000
-14.697000 -20.971000 0.364000 36.000000 35.000000 40.000000
-14.708000 -20.930000 0.386000 31.000000 30.000000 12.000000
-14.663000 -20.959000 0.397000 37.000000 37.000000 35.000000
-14.693000 -20.960000 0.375000 31.000000 33.000000 28.000000
-14.645000 -20.970000 0.401000 34.000000 34.000000 32.000000
-14.710000 -20.911000 0.399000 29.000000 29.000000 31.000000
-14.594000 -21.005000 0.412000 42.000000 43.000000 47.000000
-14.615000 -21.000000 0.400000 41.000000 42.000000 47.000000
-14.699000 -20.952000 0.377000 26.000000 23.000000 16.000000
-14.684000 -20.938000 0.398000 113.000000 116.000000 71.000000
-14.758000 -20.869000 0.397000 36.000000 34.000000 35.000000
-14.655000 -20.960000 0.402000 37.000000 37.000000 35.000000
-14.679000 -20.988000 0.364000 34.000000 35.000000 39.000000
-14.646000 -20.993000 0.384000 39.000000 40.000000 45.000000
-14.698000 -20.918000 0.403000 29.000000 30.000000 34.000000
-14.799000 -20.818000 0.406000 35.000000 37.000000 32.000000
-14.712000 -20.948000 0.370000 51.000000 47.000000 20.000000
-14.693000 -20.955000 0.378000 32.000000 33.000000 28.000000
-14.712000 -20.942000 0.375000 141.000000 140.000000 92.000000
-14.665000 -20.992000 0.370000 38.000000 37.000000 42.000000
-14.701000 -20.961000 0.368000 32.000000 33.000000 38.000000
-14.671000 -20.942000 0.404000 157.000000 165.000000 116.000000
-14.722000 -20.948000 0.363000 31.000000 28.000000 11.000000
-14.719000 -20.939000 0.372000 146.000000 146.000000 110.000000
-14.666000 -20.962000 0.392000 38.000000 38.000000 38.000000
-14.663000 -20.984000 0.378000 42.000000 42.000000 44.000000
-14.798000 -20.821000 0.404000 34.000000 36.000000 33.000000
-14.688000 -20.964000 0.375000 38.000000 37.000000 42.000000
-14.793000 -20.821000 0.408000 43.000000 45.000000 40.000000
-14.705000 -20.910000 0.404000 30.000000 30.000000 32.000000
-14.703000 -20.983000 0.350000 34.000000 35.000000 37.000000
-14.651000 -20.961000 0.404000 32.000000 37.000000 30.000000
-14.746000 -20.917000 0.370000 25.000000 28.000000 33.000000
-14.761000 -20.885000 0.383000 31.000000 30.000000 35.000000
-14.708000 -20.945000 0.376000 111.000000 109.000000 68.000000
-14.709000 -20.905000 0.405000 29.000000 29.000000 29.000000
-14.626000 -20.987000 0.402000 79.000000 82.000000 89.000000
-14.724000 -20.944000 0.365000 29.000000 28.000000 0.000000
-14.657000 -20.987000 0.380000 44.000000 43.000000 49.000000
-14.709000 -20.930000 0.386000 31.000000 30.000000 12.000000
-14.690000 -20.971000 0.368000 40.000000 39.000000 44.000000
-14.697000 -20.981000 0.356000 31.000000 32.000000 36.000000
-14.682000 -20.951000 0.389000 68.000000 70.000000 59.000000
-14.702000 -20.916000 0.401000 29.000000 30.000000 34.000000
-14.771000 -20.856000 0.398000 36.000000 34.000000 35.000000
-14.663000 -20.975000 0.385000 30.000000 29.000000 34.000000
-14.747000 -20.872000 0.403000 37.000000 36.000000 34.000000
-14.674000 -20.994000 0.363000 37.000000 38.000000 42.000000
-14.733000 -20.899000 0.392000 29.000000 29.000000 29.000000
-14.746000 -20.871000 0.404000 37.000000 36.000000 34.000000
-14.695000 -20.975000 0.362000 32.000000 31.000000 36.000000
-14.731000 -20.916000 0.381000 28.000000 29.000000 33.000000
-14.662000 -20.941000 0.411000 153.000000 154.000000 114.000000
-14.731000 -20.936000 0.366000 92.000000 91.000000 61.000000
-14.673000 -20.985000 0.370000 37.000000 37.000000 37.000000
-14.678000 -20.964000 0.382000 34.000000 33.000000 38.000000
-14.734000 -20.926000 0.371000 23.000000 24.000000 19.000000
-14.731000 -20.932000 0.369000 77.000000 79.000000 68.000000
-14.722000 -20.926000 0.379000 28.000000 27.000000 22.000000
-14.653000 -20.976000 0.391000 34.000000 34.000000 34.000000
-14.784000 -20.827000 0.410000 37.000000 39.000000 36.000000
-14.732000 -20.933000 0.367000 129.000000 128.000000 98.000000
-14.743000 -20.906000 0.380000 26.000000 30.000000 33.000000
-14.686000 -20.962000 0.378000 32.000000 32.000000 34.000000
-14.682000 -20.963000 0.380000 38.000000 38.000000 40.000000
-14.701000 -20.916000 0.402000 29.000000 30.000000 34.000000
-14.740000 -20.870000 0.410000 36.000000 35.000000 33.000000
-14.724000 -20.895000 0.402000 31.000000 31.000000 31.000000
-14.700000 -20.975000 0.359000 31.000000 30.000000 35.000000
-14.689000 -20.965000 0.374000 42.000000 41.000000 46.000000
-14.740000 -20.877000 0.404000 35.000000 34.000000 32.000000
-14.698000 -20.943000 0.384000 150.000000 151.000000 107.000000
-14.745000 -20.886000 0.394000 32.000000 32.000000 32.000000
-14.692000 -20.914000 0.411000 31.000000 31.000000 33.000000
-14.735000 -20.908000 0.384000 29.000000 30.000000 32.000000
-14.653000 -20.980000 0.388000 26.000000 26.000000 28.000000
-14.736000 -20.936000 0.362000 82.000000 78.000000 49.000000
-14.736000 -20.884000 0.401000 35.000000 33.000000 34.000000
-14.695000 -20.991000 0.350000 38.000000 39.000000 41.000000
-14.699000 -20.980000 0.356000 31.000000 32.000000 36.000000
-14.780000 -20.852000 0.394000 39.000000 39.000000 39.000000
-14.741000 -20.884000 0.398000 33.000000 33.000000 33.000000
-14.712000 -20.969000 0.355000 24.000000 29.000000 32.000000
-14.646000 -20.984000 0.390000 65.000000 64.000000 72.000000
-14.754000 -20.855000 0.411000 37.000000 37.000000 35.000000
-14.736000 -20.922000 0.372000 26.000000 27.000000 29.000000
-14.667000 -20.985000 0.375000 41.000000 41.000000 43.000000
-14.707000 -20.928000 0.389000 31.000000 30.000000 25.000000
-14.747000 -20.875000 0.401000 35.000000 34.000000 32.000000
-14.770000 -20.871000 0.387000 36.000000 32.000000 33.000000
-14.766000 -20.872000 0.389000 36.000000 32.000000 33.000000
-14.759000 -20.859000 0.404000 36.000000 35.000000 33.000000
-14.796000 -20.819000 0.407000 42.000000 44.000000 39.000000
-14.664000 -20.985000 0.376000 41.000000 40.000000 45.000000
-14.709000 -20.937000 0.381000 169.000000 170.000000 126.000000
-14.708000 -20.936000 0.382000 173.000000 174.000000 134.000000
-14.752000 -20.872000 0.399000 35.000000 34.000000 32.000000
-14.626000 -20.977000 0.409000 28.000000 29.000000 34.000000
-14.643000 -20.967000 0.405000 38.000000 33.000000 39.000000
-14.698000 -20.942000 0.384000 170.000000 172.000000 122.000000
-14.685000 -20.947000 0.390000 142.000000 146.000000 109.000000
-14.647000 -21.004000 0.341000 35.000000 35.000000 35.000000
-14.654000 -21.000000 0.355000 35.000000 37.000000 36.000000
-14.698000 -20.993000 0.337000 34.000000 35.000000 37.000000
-14.670000 -20.996000 0.359000 31.000000 35.000000 38.000000
-14.638000 -21.005000 0.351000 33.000000 33.000000 33.000000
-14.656000 -21.010000 0.293000 43.000000 39.000000 36.000000
-14.635000 -21.004000 0.360000 36.000000 36.000000 38.000000
-14.626000 -21.007000 0.353000 37.000000 37.000000 37.000000
-14.669000 -21.001000 0.328000 38.000000 36.000000 39.000000
-14.632000 -21.005000 0.356000 36.000000 36.000000 36.000000
-14.682000 -20.994000 0.357000 36.000000 37.000000 41.000000
-14.630000 -21.004000 0.368000 38.000000 38.000000 40.000000
-14.673000 -21.001000 0.324000 39.000000 37.000000 40.000000
-14.653000 -20.998000 0.373000 35.000000 36.000000 38.000000
-14.631000 -21.002000 0.380000 36.000000 37.000000 41.000000
-14.661000 -21.006000 0.311000 40.000000 38.000000 39.000000
-14.632000 -21.010000 0.326000 42.000000 38.000000 37.000000
-14.638000 -21.005000 0.347000 36.000000 34.000000 35.000000
-14.677000 -20.996000 0.352000 36.000000 37.000000 41.000000
-14.674000 -21.003000 0.310000 40.000000 33.000000 40.000000
-14.636000 -21.007000 0.340000 37.000000 35.000000 36.000000
-14.627000 -21.012000 0.322000 42.000000 38.000000 37.000000
-14.679000 -20.996000 0.349000 35.000000 36.000000 40.000000
-14.701000 -20.993000 0.337000 35.000000 36.000000 38.000000
-14.682000 -20.998000 0.331000 37.000000 37.000000 39.000000
-14.615000 -21.005000 0.387000 39.000000 39.000000 41.000000
-14.647000 -21.007000 0.320000 40.000000 39.000000 37.000000
-14.642000 -21.000000 0.373000 35.000000 36.000000 40.000000
-14.667000 -21.002000 0.324000 39.000000 37.000000 40.000000
-14.657000 -20.998000 0.366000 34.000000 35.000000 37.000000
-14.616000 -21.010000 0.350000 38.000000 38.000000 38.000000
-14.676000 -21.002000 0.312000 41.000000 31.000000 39.000000
-14.669000 -20.997000 0.353000 32.000000 36.000000 39.000000
-14.666000 -21.000000 0.344000 36.000000 36.000000 38.000000
-14.674000 -21.000000 0.326000 37.000000 37.000000 39.000000
-14.637000 -21.012000 0.302000 40.000000 39.000000 34.000000
-14.655000 -21.011000 0.287000 45.000000 37.000000 35.000000
-14.673000 -21.000000 0.329000 37.000000 37.000000 39.000000
-14.655000 -21.000000 0.358000 35.000000 37.000000 36.000000
-14.657000 -21.004000 0.329000 38.000000 38.000000 38.000000
-14.629000 -21.005000 0.359000 37.000000 37.000000 37.000000
-14.676000 -20.998000 0.335000 36.000000 36.000000 38.000000
-14.676000 -20.999000 0.330000 37.000000 37.000000 39.000000
-14.608000 -21.006000 0.385000 40.000000 40.000000 40.000000
-14.599000 -21.006000 0.401000 39.000000 41.000000 38.000000
-14.634000 -21.007000 0.344000 35.000000 33.000000 34.000000
-14.629000 -21.002000 0.382000 37.000000 38.000000 42.000000
-14.647000 -21.012000 0.292000 42.000000 38.000000 35.000000
-14.686000 -20.997000 0.334000 37.000000 37.000000 39.000000
-14.643000 -21.003000 0.356000 36.000000 37.000000 39.000000
-14.665000 -21.004000 0.317000 40.000000 38.000000 39.000000
-14.616000 -21.010000 0.347000 37.000000 37.000000 37.000000
-14.647000 -21.008000 0.317000 40.000000 39.000000 37.000000
-14.648000 -21.005000 0.336000 37.000000 37.000000 37.000000
-14.690000 -20.994000 0.344000 36.000000 37.000000 39.000000
-14.695000 -20.995000 0.330000 36.000000 36.000000 38.000000
-14.637000 -21.010000 0.315000 44.000000 43.000000 39.000000
-14.664000 -21.001000 0.334000 35.000000 35.000000 37.000000
-14.667000 -21.002000 0.329000 38.000000 36.000000 39.000000
-14.616000 -21.008000 0.359000 38.000000 38.000000 38.000000
-14.635000 -21.012000 0.310000 42.000000 41.000000 36.000000
-14.638000 -21.004000 0.356000 36.000000 36.000000 36.000000
-14.636000 -21.001000 0.376000 34.000000 35.000000 39.000000
-14.654000 -21.001000 0.351000 36.000000 38.000000 37.000000
