-15.246000 -19.108000 1.262000 75.000000 100.000000 130.000000
-15.242000 -19.008000 1.129000 36.000000 40.000000 69.000000
-15.241000 -19.179000 1.170000 167.000000 187.000000 188.000000
-15.245000 -19.194000 1.283000 53.000000 79.000000 116.000000
-15.245000 -19.038000 1.207000 30.000000 31.000000 52.000000
-15.246000 -19.088000 1.267000 63.000000 82.000000 97.000000
-15.242000 -19.082000 1.159000 76.000000 88.000000 66.000000
-15.247000 -19.061000 1.283000 35.000000 40.000000 43.000000
-15.247000 -19.039000 1.270000 23.000000 25.000000 24.000000
-15.243000 -19.075000 1.178000 62.000000 52.000000 60.000000
-15.241000 -19.141000 1.155000 79.000000 81.000000 93.000000
-15.241000 -19.211000 1.181000 48.000000 45.000000 40.000000
-15.247000 -19.059000 1.272000 51.000000 71.000000 72.000000
-15.244000 -19.074000 1.211000 19.000000 21.000000 33.000000
-15.242000 -19.054000 1.153000 51.000000 51.000000 49.000000
-15.243000 -19.242000 1.236000 23.000000 26.000000 31.000000
-15.244000 -19.204000 1.239000 64.000000 68.000000 129.000000
-15.243000 -19.239000 1.241000 26.000000 29.000000 34.000000
-15.243000 -19.128000 1.191000 60.000000 56.000000 57.000000
-15.242000 -19.112000 1.163000 135.000000 141.000000 105.000000
-15.246000 -19.028000 1.240000 23.000000 23.000000 23.000000
-15.246000 -19.037000 1.257000 27.000000 28.000000 32.000000
-15.247000 -19.065000 1.274000 57.000000 72.000000 79.000000
-15.244000 -19.124000 1.231000 24.000000 35.000000 63.000000
-15.243000 -19.016000 1.158000 23.000000 24.000000 29.000000
-15.246000 -19.068000 1.255000 22.000000 36.000000 49.000000
-15.245000 -18.997000 1.200000 33.000000 34.000000 62.000000
-15.242000 -19.151000 1.182000 61.000000 65.000000 64.000000
-15.244000 -19.216000 1.244000 38.000000 39.000000 57.000000
-15.243000 -18.998000 1.153000 24.000000 23.000000 29.000000
-15.242000 -19.132000 1.159000 73.000000 67.000000 43.000000
-15.246000 -19.111000 1.277000 40.000000 50.000000 77.000000
-15.244000 -19.074000 1.205000 21.000000 21.000000 29.000000
-15.248000 -18.977000 1.271000 27.000000 26.000000 24.000000
-15.247000 -19.026000 1.266000 23.000000 22.000000 20.000000
-15.247000 -19.032000 1.268000 22.000000 22.000000 20.000000
-15.243000 -19.214000 1.232000 18.000000 29.000000 61.000000
-15.241000 -19.148000 1.157000 71.000000 75.000000 113.000000
-15.243000 -19.033000 1.172000 22.000000 25.000000 30.000000
-15.243000 -19.058000 1.179000 36.000000 37.000000 31.000000
-15.246000 -19.081000 1.255000 23.000000 44.000000 71.000000
-15.242000 -19.025000 1.126000 76.000000 81.000000 101.000000
-15.247000 -18.974000 1.247000 64.000000 60.000000 51.000000
-15.241000 -19.184000 1.165000 171.000000 191.000000 182.000000
-15.244000 -18.979000 1.164000 49.000000 48.000000 44.000000
-15.243000 -19.198000 1.228000 97.000000 111.000000 146.000000
-15.242000 -18.999000 1.120000 26.000000 28.000000 40.000000
-15.241000 -19.134000 1.148000 92.000000 96.000000 95.000000
-15.245000 -19.168000 1.258000 44.000000 56.000000 80.000000
-15.244000 -19.147000 1.237000 31.000000 36.000000 39.000000
-15.241000 -19.211000 1.181000 48.000000 45.000000 40.000000
-15.246000 -18.999000 1.236000 24.000000 26.000000 25.000000
-15.249000 -18.971000 1.299000 139.000000 136.000000 127.000000
-15.241000 -19.114000 1.148000 110.000000 127.000000 145.000000
-15.243000 -19.177000 1.218000 35.000000 38.000000 47.000000
-15.244000 -19.243000 1.252000 48.000000 53.000000 72.000000
-15.241000 -19.160000 1.159000 71.000000 79.000000 100.000000
-15.242000 -19.134000 1.160000 72.000000 70.000000 49.000000
-15.244000 -19.247000 1.252000 74.000000 80.000000 96.000000
-15.244000 -19.125000 1.228000 55.000000 68.000000 87.000000
-15.246000 -19.056000 1.256000 36.000000 47.000000 51.000000
-15.247000 -19.004000 1.257000 23.000000 25.000000 20.000000
-15.245000 -19.023000 1.204000 22.000000 25.000000 34.000000
-15.245000 -19.226000 1.282000 30.000000 30.000000 28.000000
-15.242000 -19.023000 1.132000 18.000000 18.000000 44.000000
-15.242000 -19.175000 1.191000 154.000000 177.000000 157.000000
-15.245000 -19.240000 1.285000 30.000000 28.000000 31.000000
-15.241000 -19.240000 1.190000 25.000000 23.000000 34.000000
-15.241000 -19.238000 1.189000 25.000000 23.000000 34.000000
-15.242000 -19.120000 1.154000 89.000000 96.000000 78.000000
-15.246000 -18.982000 1.228000 27.000000 33.000000 33.000000
-15.244000 -19.240000 1.254000 28.000000 29.000000 34.000000
-15.243000 -19.046000 1.157000 53.000000 48.000000 52.000000
-15.242000 -19.093000 1.163000 169.000000 186.000000 168.000000
-15.242000 -19.018000 1.140000 25.000000 25.000000 37.000000
-15.244000 -19.207000 1.250000 40.000000 46.000000 82.000000
-15.242000 -19.026000 1.144000 38.000000 38.000000 48.000000
-15.242000 -18.978000 1.131000 59.000000 58.000000 56.000000
-15.242000 -19.181000 1.182000 165.000000 180.000000 183.000000
-15.247000 -19.139000 1.299000 35.000000 40.000000 59.000000
-15.243000 -19.184000 1.204000 60.000000 58.000000 43.000000
-15.246000 -19.153000 1.280000 31.000000 38.000000 57.000000
-15.243000 -18.985000 1.143000 45.000000 47.000000 59.000000
-15.241000 -19.166000 1.163000 70.000000 86.000000 85.000000
-15.245000 -19.023000 1.226000 48.000000 58.000000 60.000000
-15.243000 -18.990000 1.154000 50.000000 52.000000 64.000000
-15.246000 -19.230000 1.298000 29.000000 33.000000 32.000000
-15.243000 -19.241000 1.226000 43.000000 51.000000 62.000000
-15.248000 -19.059000 1.294000 22.000000 23.000000 18.000000
-15.243000 -19.214000 1.226000 50.000000 64.000000 77.000000
-15.243000 -19.119000 1.190000 56.000000 51.000000 45.000000
-15.243000 -19.207000 1.217000 71.000000 81.000000 93.000000
-15.245000 -19.045000 1.221000 16.000000 24.000000 43.000000
-15.245000 -19.071000 1.237000 25.000000 30.000000 36.000000
-15.242000 -19.168000 1.172000 86.000000 106.000000 95.000000
-15.242000 -19.049000 1.146000 37.000000 32.000000 36.000000
-15.242000 -19.158000 1.175000 71.000000 81.000000 82.000000
-15.243000 -19.192000 1.205000 53.000000 52.000000 50.000000
-15.246000 -19.076000 1.267000 119.000000 140.000000 145.000000
-15.247000 -18.980000 1.257000 28.000000 32.000000 35.000000
-15.244000 -19.168000 1.224000 55.000000 68.000000 77.000000
-15.242000 -19.225000 1.190000 31.000000 31.000000 29.000000
-15.248000 -19.070000 1.296000 21.000000 20.000000 26.000000
-15.245000 -19.220000 1.272000 33.000000 32.000000 37.000000
-15.246000 -19.206000 1.293000 32.000000 39.000000 47.000000
-15.244000 -19.085000 1.215000 70.000000 76.000000 92.000000
-15.246000 -19.040000 1.254000 27.000000 28.000000 32.000000
-15.244000 -19.006000 1.189000 41.000000 36.000000 43.000000
-15.246000 -19.036000 1.242000 25.000000 26.000000 28.000000
-15.246000 -18.988000 1.230000 57.000000 67.000000 77.000000
-15.243000 -19.225000 1.218000 34.000000 48.000000 51.000000
-15.243000 -19.040000 1.168000 24.000000 23.000000 28.000000
-15.248000 -19.019000 1.282000 21.000000 23.000000 22.000000
-15.241000 -19.093000 1.126000 71.000000 82.000000 100.000000
-15.248000 -18.992000 1.270000 22.000000 27.000000 33.000000
-15.245000 -19.029000 1.213000 58.000000 60.000000 81.000000
-15.243000 -19.046000 1.176000 24.000000 23.000000 28.000000
-15.242000 -19.239000 1.203000 27.000000 29.000000 26.000000
-15.242000 -19.038000 1.141000 28.000000 25.000000 34.000000
-15.243000 -19.121000 1.185000 105.000000 102.000000 85.000000
-15.242000 -19.194000 1.180000 109.000000 121.000000 85.000000
-15.243000 -19.054000 1.161000 64.000000 64.000000 64.000000
-15.244000 -19.080000 1.196000 35.000000 35.000000 35.000000
-15.241000 -19.127000 1.154000 71.000000 71.000000 45.000000
-15.248000 -18.987000 1.284000 60.000000 64.000000 67.000000
-15.245000 -19.252000 1.294000 30.000000 34.000000 45.000000
-15.246000 -19.065000 1.261000 34.000000 53.000000 67.000000
-15.242000 -19.029000 1.128000 30.000000 30.000000 64.000000
-15.248000 -18.983000 1.280000 23.000000 30.000000 36.000000
-15.245000 -19.247000 1.288000 64.000000 70.000000 84.000000
-15.241000 -19.048000 1.118000 32.000000 39.000000 47.000000
-15.247000 -19.091000 1.296000 28.000000 28.000000 38.000000
-15.243000 -19.060000 1.171000 77.000000 75.000000 60.000000
-15.245000 -19.067000 1.240000 23.000000 28.000000 32.000000
-15.242000 -19.167000 1.170000 86.000000 106.000000 95.000000
-15.246000 -19.050000 1.247000 24.000000 27.000000 32.000000
-15.245000 -19.125000 1.260000 38.000000 49.000000 69.000000
-15.243000 -19.092000 1.172000 100.000000 102.000000 89.000000
-15.245000 -18.992000 1.210000 30.000000 38.000000 51.000000
-15.244000 -19.236000 1.245000 31.000000 32.000000 37.000000
-15.243000 -18.997000 1.146000 25.000000 23.000000 34.000000
-15.244000 -19.123000 1.222000 18.000000 31.000000 40.000000
-15.243000 -18.971000 1.145000 119.000000 113.000000 99.000000
-15.244000 -18.980000 1.164000 27.000000 27.000000 29.000000
-15.244000 -19.211000 1.250000 36.000000 42.000000 68.000000
-15.243000 -19.188000 1.207000 49.000000 48.000000 44.000000
-15.245000 -19.061000 1.217000 97.000000 103.000000 115.000000
-15.243000 -19.063000 1.184000 50.000000 52.000000 39.000000
-15.245000 -19.178000 1.254000 70.000000 78.000000 115.000000
-15.242000 -19.115000 1.170000 84.000000 84.000000 60.000000
-15.247000 -19.082000 1.277000 15.000000 36.000000 27.000000
-15.242000 -19.237000 1.211000 17.000000 23.000000 39.000000
-15.246000 -19.159000 1.277000 33.000000 48.000000 77.000000
-15.242000 -19.050000 1.155000 60.000000 55.000000 59.000000
-15.247000 -19.028000 1.277000 21.000000 22.000000 17.000000
-15.242000 -19.086000 1.164000 66.000000 71.000000 49.000000
-15.246000 -19.076000 1.255000 23.000000 44.000000 65.000000
-15.248000 -18.998000 1.282000 23.000000 25.000000 20.000000
-15.248000 -18.982000 1.270000 25.000000 29.000000 32.000000
-15.246000 -19.075000 1.268000 101.000000 121.000000 130.000000
-15.243000 -19.059000 1.162000 111.000000 112.000000 96.000000
-15.242000 -19.019000 1.135000 23.000000 26.000000 35.000000
-15.245000 -19.179000 1.260000 55.000000 65.000000 101.000000
-15.243000 -19.222000 1.229000 48.000000 58.000000 68.000000
-15.244000 -19.136000 1.218000 75.000000 86.000000 92.000000
-15.246000 -19.124000 1.279000 31.000000 48.000000 66.000000
-15.248000 -19.009000 1.290000 101.000000 106.000000 110.000000
-15.243000 -19.227000 1.221000 23.000000 37.000000 38.000000
-15.243000 -18.971000 1.133000 152.000000 145.000000 137.000000
-15.245000 -19.244000 1.282000 53.000000 59.000000 73.000000
-15.245000 -19.138000 1.261000 38.000000 48.000000 73.000000
-15.246000 -19.196000 1.288000 45.000000 58.000000 74.000000
-15.246000 -19.219000 1.298000 30.000000 30.000000 30.000000
-15.246000 -18.998000 1.226000 37.000000 44.000000 52.000000
-15.243000 -19.159000 1.206000 127.000000 153.000000 126.000000
-15.243000 -19.138000 1.196000 65.000000 66.000000 71.000000
-15.247000 -19.007000 1.273000 20.000000 20.000000 18.000000
-15.245000 -18.982000 1.210000 27.000000 31.000000 32.000000
-15.242000 -19.107000 1.169000 69.000000 76.000000 43.000000
-15.245000 -19.157000 1.249000 40.000000 46.000000 68.000000
-15.242000 -19.205000 1.202000 43.000000 38.000000 35.000000
-15.241000 -19.169000 1.168000 88.000000 110.000000 98.000000
-15.244000 -19.254000 1.251000 53.000000 56.000000 65.000000
-15.241000 -19.116000 1.134000 49.000000 58.000000 101.000000
-15.247000 -19.118000 1.289000 37.000000 48.000000 66.000000
-15.247000 -19.085000 1.285000 25.000000 32.000000 48.000000
-15.243000 -19.001000 1.145000 27.000000 22.000000 28.000000
-15.247000 -19.094000 1.280000 15.000000 34.000000 48.000000
-15.243000 -19.003000 1.153000 26.000000 25.000000 30.000000
-15.245000 -19.101000 1.230000 21.000000 35.000000 64.000000
-15.242000 -19.145000 1.164000 73.000000 81.000000 83.000000
-15.245000 -19.243000 1.285000 29.000000 27.000000 32.000000
-15.245000 -19.058000 1.214000 31.000000 35.000000 47.000000
-15.242000 -19.170000 1.190000 132.000000 166.000000 141.000000
-15.247000 -19.059000 1.290000 22.000000 24.000000 23.000000
-15.245000 -19.145000 1.253000 38.000000 46.000000 69.000000
-15.245000 -19.008000 1.202000 27.000000 27.000000 39.000000
-15.246000 -19.130000 1.279000 28.000000 44.000000 57.000000
-15.242000 -19.181000 1.196000 140.000000 150.000000 125.000000
-15.243000 -19.164000 1.218000 24.000000 41.000000 35.000000
-15.243000 -18.993000 1.148000 25.000000 25.000000 37.000000
-15.244000 -19.142000 1.228000 70.000000 78.000000 101.000000
-15.244000 -19.008000 1.182000 25.000000 24.000000 29.000000
-15.247000 -19.012000 1.260000 22.000000 23.000000 18.000000
-15.245000 -19.184000 1.267000 138.000000 156.000000 196.000000
-15.243000 -18.973000 1.154000 106.000000 100.000000 86.000000
-15.241000 -19.163000 1.162000 66.000000 79.000000 87.000000
-15.243000 -19.104000 1.193000 75.000000 74.000000 82.000000
-15.243000 -19.049000 1.168000 27.000000 27.000000 29.000000
-15.244000 -19.225000 1.252000 33.000000 32.000000 40.000000
-15.242000 -19.210000 1.204000 37.000000 33.000000 30.000000
-15.244000 -19.175000 1.241000 37.000000 49.000000 65.000000
-15.246000 -18.989000 1.222000 19.000000 30.000000 34.000000
-15.242000 -19.184000 1.191000 127.000000 136.000000 119.000000
-15.244000 -19.085000 1.199000 39.000000 39.000000 39.000000
-15.242000 -19.046000 1.137000 40.000000 33.000000 40.000000
-15.243000 -19.118000 1.184000 93.000000 94.000000 62.000000
-15.241000 -19.096000 1.125000 71.000000 82.000000 104.000000
-15.246000 -18.999000 1.245000 24.000000 24.000000 24.000000
-15.247000 -19.046000 1.271000 20.000000 24.000000 25.000000
-15.246000 -18.986000 1.225000 32.000000 41.000000 48.000000
-15.242000 -18.986000 1.133000 46.000000 50.000000 61.000000
-15.243000 -19.246000 1.238000 84.000000 87.000000 102.000000
-15.245000 -19.166000 1.271000 52.000000 71.000000 103.000000
-15.244000 -19.227000 1.243000 32.000000 31.000000 36.000000
-15.242000 -19.251000 1.208000 39.000000 46.000000 56.000000
-15.246000 -19.105000 1.265000 60.000000 90.000000 116.000000
-15.245000 -19.002000 1.199000 96.000000 93.000000 120.000000
-15.242000 -19.071000 1.145000 52.000000 52.000000 52.000000
-15.242000 -19.008000 1.133000 21.000000 23.000000 44.000000
-15.243000 -19.047000 1.164000 38.000000 36.000000 39.000000
-15.244000 -19.238000 1.261000 28.000000 29.000000 34.000000
-15.246000 -19.147000 1.292000 41.000000 49.000000 62.000000
-15.247000 -19.029000 1.266000 21.000000 21.000000 19.000000
-15.242000 -19.067000 1.160000 84.000000 86.000000 75.000000
-15.242000 -19.051000 1.139000 46.000000 39.000000 46.000000
-15.243000 -19.105000 1.197000 49.000000 49.000000 57.000000
-15.242000 -19.126000 1.180000 86.000000 79.000000 60.000000
-15.245000 -19.046000 1.215000 91.000000 95.000000 120.000000
-15.244000 -19.122000 1.229000 51.000000 63.000000 85.000000
-15.243000 -18.971000 1.144000 119.000000 113.000000 99.000000
-15.246000 -18.999000 1.243000 24.000000 24.000000 24.000000
-15.244000 -19.230000 1.264000 32.000000 31.000000 37.000000
-15.242000 -19.079000 1.146000 87.000000 101.000000 86.000000
-15.244000 -19.061000 1.210000 21.000000 23.000000 35.000000
-15.246000 -19.222000 1.299000 30.000000 31.000000 26.000000
-15.242000 -18.976000 1.117000 167.000000 164.000000 157.000000
-15.244000 -18.978000 1.173000 44.000000 43.000000 39.000000
-15.246000 -19.173000 1.294000 102.000000 127.000000 181.000000
-15.244000 -19.233000 1.252000 30.000000 31.000000 36.000000
-15.242000 -18.993000 1.126000 95.000000 98.000000 113.000000
-15.242000 -19.124000 1.175000 98.000000 88.000000 79.000000
-15.244000 -18.976000 1.160000 84.000000 80.000000 71.000000
-15.247000 -19.045000 1.284000 24.000000 22.000000 23.000000
-15.245000 -19.099000 1.238000 52.000000 68.000000 119.000000
-15.242000 -19.105000 1.153000 143.000000 162.000000 142.000000
-15.242000 -19.065000 1.157000 42.000000 45.000000 36.000000
-15.244000 -19.007000 1.182000 25.000000 24.000000 29.000000
-15.244000 -19.150000 1.234000 33.000000 41.000000 44.000000
-15.245000 -19.004000 1.198000 72.000000 70.000000 81.000000
-15.247000 -18.993000 1.253000 17.000000 24.000000 30.000000
-15.242000 -19.081000 1.153000 65.000000 81.000000 68.000000
-15.245000 -18.975000 1.194000 75.000000 72.000000 63.000000
-15.246000 -19.120000 1.282000 34.000000 46.000000 62.000000
-15.244000 -19.190000 1.239000 119.000000 116.000000 169.000000
-15.244000 -19.205000 1.252000 42.000000 53.000000 98.000000
-15.246000 -19.033000 1.235000 26.000000 26.000000 26.000000
-15.243000 -19.103000 1.184000 64.000000 63.000000 68.000000
-15.244000 -19.052000 1.199000 27.000000 27.000000 35.000000
-15.245000 -19.045000 1.223000 16.000000 24.000000 43.000000
-15.242000 -19.042000 1.152000 33.000000 28.000000 34.000000
-15.248000 -18.972000 1.274000 149.000000 139.000000 129.000000
-15.242000 -19.005000 1.116000 30.000000 33.000000 38.000000
-15.246000 -19.087000 1.272000 55.000000 74.000000 78.000000
-15.245000 -19.246000 1.298000 52.000000 56.000000 68.000000
-15.247000 -19.082000 1.291000 29.000000 36.000000 42.000000
-15.245000 -19.015000 1.222000 14.000000 21.000000 31.000000
-15.243000 -19.149000 1.191000 79.000000 85.000000 85.000000
-15.248000 -19.031000 1.291000 22.000000 25.000000 16.000000
-15.242000 -18.986000 1.125000 45.000000 50.000000 56.000000
-15.244000 -19.011000 1.192000 126.000000 124.000000 129.000000
-15.245000 -19.024000 1.225000 48.000000 58.000000 60.000000
-15.245000 -19.113000 1.237000 37.000000 51.000000 80.000000
-15.244000 -19.252000 1.264000 41.000000 46.000000 52.000000
-15.245000 -19.024000 1.213000 34.000000 40.000000 54.000000
-15.243000 -19.157000 1.205000 118.000000 143.000000 121.000000
-15.247000 -19.107000 1.296000 22.000000 29.000000 35.000000
-15.246000 -19.009000 1.233000 14.000000 21.000000 27.000000
-15.244000 -19.186000 1.244000 46.000000 50.000000 97.000000
-15.243000 -19.038000 1.158000 28.000000 27.000000 32.000000
-15.242000 -19.233000 1.197000 29.000000 26.000000 33.000000
-15.244000 -19.066000 1.209000 23.000000 25.000000 37.000000
-15.242000 -19.089000 1.143000 125.000000 143.000000 167.000000
-15.245000 -18.987000 1.213000 65.000000 74.000000 79.000000
-15.243000 -19.206000 1.227000 66.000000 79.000000 113.000000
-15.241000 -19.208000 1.175000 60.000000 59.000000 54.000000
-15.247000 -19.045000 1.269000 20.000000 24.000000 25.000000
-15.247000 -19.086000 1.297000 26.000000 26.000000 36.000000
-15.247000 -18.988000 1.250000 55.000000 65.000000 74.000000
-15.244000 -19.097000 1.201000 43.000000 43.000000 43.000000
-15.244000 -19.239000 1.253000 28.000000 29.000000 34.000000
-15.242000 -19.246000 1.196000 25.000000 34.000000 51.000000
-15.242000 -19.199000 1.194000 64.000000 61.000000 54.000000
-15.246000 -19.073000 1.261000 37.000000 56.000000 71.000000
-15.244000 -19.029000 1.189000 26.000000 25.000000 31.000000
-15.245000 -19.047000 1.212000 47.000000 49.000000 74.000000
-15.243000 -19.005000 1.164000 24.000000 23.000000 28.000000
-15.243000 -19.080000 1.189000 65.000000 65.000000 63.000000
-15.243000 -19.220000 1.235000 35.000000 34.000000 39.000000
-15.247000 -19.040000 1.271000 23.000000 24.000000 26.000000
-15.245000 -19.118000 1.233000 32.000000 44.000000 70.000000
-15.244000 -19.175000 1.232000 25.000000 38.000000 46.000000
-15.244000 -19.230000 1.245000 33.000000 32.000000 37.000000
-15.242000 -19.204000 1.183000 67.000000 69.000000 48.000000
-15.246000 -19.030000 1.253000 22.000000 22.000000 22.000000
-15.241000 -19.169000 1.168000 88.000000 110.000000 98.000000
-15.246000 -18.990000 1.233000 31.000000 41.000000 50.000000
-15.246000 -18.988000 1.237000 55.000000 65.000000 74.000000
-15.244000 -19.250000 1.262000 29.000000 35.000000 47.000000
-15.245000 -19.211000 1.276000 33.000000 38.000000 44.000000
-15.247000 -19.094000 1.298000 29.000000 29.000000 39.000000
-15.245000 -19.095000 1.248000 107.000000 136.000000 196.000000
-15.247000 -18.989000 1.251000 31.000000 40.000000 49.000000
-15.243000 -19.058000 1.177000 52.000000 52.000000 44.000000
-15.248000 -19.003000 1.276000 27.000000 23.000000 22.000000
-15.244000 -19.202000 1.252000 50.000000 61.000000 115.000000
-15.242000 -19.002000 1.128000 47.000000 47.000000 73.000000
-15.245000 -18.994000 1.200000 33.000000 34.000000 62.000000
-15.241000 -19.115000 1.135000 56.000000 67.000000 95.000000
-15.246000 -19.114000 1.277000 42.000000 52.000000 79.000000
-15.242000 -19.227000 1.201000 30.000000 30.000000 22.000000
-15.244000 -19.224000 1.259000 34.000000 33.000000 41.000000
-15.247000 -19.059000 1.289000 22.000000 22.000000 30.000000
-15.242000 -19.235000 1.197000 30.000000 28.000000 31.000000
-15.246000 -19.134000 1.268000 35.000000 48.000000 64.000000
-15.246000 -19.170000 1.293000 109.000000 134.000000 198.000000
-15.244000 -19.061000 1.195000 26.000000 27.000000 32.000000
-15.244000 -19.251000 1.260000 29.000000 35.000000 47.000000
-15.245000 -19.218000 1.265000 33.000000 36.000000 45.000000
-15.241000 -19.054000 1.118000 26.000000 34.000000 37.000000
-15.243000 -19.101000 1.184000 62.000000 59.000000 68.000000
-15.246000 -19.017000 1.237000 24.000000 24.000000 24.000000
-15.241000 -19.153000 1.155000 54.000000 57.000000 98.000000
-15.245000 -19.044000 1.212000 53.000000 55.000000 80.000000
-15.244000 -19.005000 1.184000 25.000000 24.000000 29.000000
-15.244000 -19.085000 1.217000 70.000000 76.000000 92.000000
-15.242000 -19.207000 1.189000 48.000000 48.000000 38.000000
-15.245000 -19.065000 1.240000 24.000000 29.000000 32.000000
-15.244000 -19.067000 1.206000 22.000000 22.000000 32.000000
-15.245000 -19.073000 1.218000 28.000000 35.000000 51.000000
-15.245000 -19.054000 1.228000 70.000000 80.000000 89.000000
-15.242000 -19.033000 1.125000 72.000000 77.000000 96.000000
-15.246000 -19.199000 1.291000 35.000000 47.000000 61.000000
-15.246000 -19.193000 1.288000 41.000000 66.000000 96.000000
-15.244000 -19.106000 1.216000 89.000000 97.000000 110.000000
-15.245000 -19.059000 1.216000 96.000000 102.000000 114.000000
-15.244000 -19.099000 1.211000 17.000000 21.000000 30.000000
-15.245000 -18.992000 1.202000 23.000000 27.000000 52.000000
-15.245000 -19.074000 1.230000 26.000000 38.000000 54.000000
-15.243000 -19.169000 1.205000 120.000000 137.000000 95.000000
-15.244000 -18.972000 1.162000 98.000000 90.000000 77.000000
-15.248000 -18.993000 1.286000 14.000000 17.000000 24.000000
-15.245000 -19.207000 1.268000 35.000000 47.000000 73.000000
-15.244000 -18.981000 1.172000 29.000000 29.000000 31.000000
-15.245000 -19.161000 1.249000 41.000000 47.000000 71.000000
-15.241000 -19.079000 1.138000 70.000000 80.000000 71.000000
-15.246000 -19.221000 1.295000 29.000000 31.000000 30.000000
-15.246000 -19.106000 1.277000 25.000000 35.000000 62.000000
-15.246000 -19.194000 1.288000 41.000000 66.000000 96.000000
-15.247000 -19.036000 1.279000 22.000000 22.000000 20.000000
-15.245000 -19.179000 1.267000 128.000000 139.000000 171.000000
-15.247000 -19.079000 1.286000 34.000000 42.000000 55.000000
-15.244000 -19.075000 1.214000 57.000000 61.000000 73.000000
-15.243000 -18.996000 1.158000 34.000000 34.000000 44.000000
-15.241000 -19.129000 1.153000 71.000000 70.000000 49.000000
-15.246000 -18.996000 1.225000 38.000000 47.000000 56.000000
-15.244000 -19.104000 1.203000 25.000000 27.000000 26.000000
-15.243000 -19.195000 1.230000 97.000000 108.000000 172.000000
-15.247000 -19.024000 1.260000 25.000000 24.000000 20.000000
-15.244000 -19.103000 1.210000 17.000000 21.000000 30.000000
-15.243000 -19.218000 1.228000 60.000000 71.000000 89.000000
-15.246000 -19.024000 1.241000 32.000000 30.000000 31.000000
-15.243000 -19.137000 1.206000 67.000000 78.000000 72.000000
-15.248000 -18.989000 1.281000 36.000000 40.000000 41.000000
-15.242000 -19.079000 1.150000 55.000000 69.000000 52.000000
-15.247000 -18.976000 1.252000 34.000000 34.000000 32.000000
-15.243000 -19.166000 1.198000 159.000000 187.000000 149.000000
-15.241000 -19.085000 1.134000 70.000000 80.000000 82.000000
-15.246000 -19.105000 1.267000 68.000000 93.000000 115.000000
-15.244000 -19.225000 1.260000 34.000000 33.000000 39.000000
-15.248000 -19.002000 1.284000 20.000000 24.000000 25.000000
-15.242000 -19.005000 1.131000 24.000000 26.000000 47.000000
-15.244000 -19.017000 1.174000 22.000000 23.000000 28.000000
-15.243000 -19.031000 1.151000 23.000000 22.000000 30.000000
-15.242000 -19.093000 1.158000 126.000000 147.000000 132.000000
-15.244000 -19.018000 1.184000 24.000000 24.000000 32.000000
-15.247000 -19.131000 1.296000 34.000000 39.000000 58.000000
-15.248000 -18.994000 1.275000 25.000000 26.000000 30.000000
-15.246000 -19.171000 1.297000 119.000000 141.000000 214.000000
-15.244000 -19.196000 1.254000 70.000000 84.000000 145.000000
-15.244000 -19.099000 1.203000 34.000000 35.000000 37.000000
-15.244000 -19.057000 1.190000 24.000000 25.000000 30.000000
-15.243000 -19.195000 1.221000 17.000000 32.000000 35.000000
-15.241000 -19.101000 1.134000 80.000000 97.000000 105.000000
-15.245000 -18.992000 1.213000 39.000000 48.000000 55.000000
-15.241000 -19.135000 1.149000 85.000000 86.000000 80.000000
-15.248000 -18.996000 1.289000 18.000000 21.000000 26.000000
-15.241000 -19.184000 1.171000 146.000000 163.000000 157.000000
-15.248000 -18.989000 1.286000 34.000000 37.000000 44.000000
-15.246000 -19.005000 1.234000 27.000000 28.000000 30.000000
-15.248000 -18.984000 1.274000 23.000000 30.000000 36.000000
-15.247000 -19.058000 1.283000 28.000000 32.000000 35.000000
-15.244000 -19.117000 1.225000 61.000000 75.000000 88.000000
-15.243000 -19.074000 1.172000 38.000000 31.000000 25.000000
-15.242000 -19.203000 1.182000 67.000000 69.000000 48.000000
-15.244000 -19.133000 1.235000 30.000000 41.000000 69.000000
-15.244000 -19.198000 1.258000 53.000000 69.000000 121.000000
-15.246000 -19.146000 1.293000 33.000000 41.000000 54.000000
-15.246000 -19.033000 1.253000 22.000000 22.000000 22.000000
-15.243000 -19.080000 1.183000 73.000000 68.000000 64.000000
-15.245000 -19.165000 1.258000 44.000000 59.000000 82.000000
-15.242000 -18.994000 1.135000 22.000000 24.000000 49.000000
-15.241000 -19.089000 1.133000 55.000000 64.000000 79.000000
-15.245000 -19.214000 1.282000 34.000000 32.000000 37.000000
-15.243000 -18.991000 1.152000 50.000000 52.000000 64.000000
-15.245000 -19.211000 1.268000 35.000000 41.000000 55.000000
-15.245000 -19.087000 1.232000 26.000000 38.000000 62.000000
-15.243000 -19.016000 1.164000 23.000000 24.000000 28.000000
-15.243000 -19.110000 1.180000 66.000000 69.000000 52.000000
-15.248000 -19.068000 1.297000 21.000000 20.000000 25.000000
-15.244000 -19.107000 1.221000 10.000000 23.000000 31.000000
-15.242000 -19.252000 1.184000 43.000000 52.000000 57.000000
-15.242000 -19.253000 1.123000 30.000000 37.000000 43.000000
-15.241000 -19.183000 1.148000 53.000000 70.000000 88.000000
-15.241000 -19.171000 1.132000 33.000000 42.000000 73.000000
-15.242000 -19.254000 1.117000 54.000000 59.000000 63.000000
-15.242000 -19.240000 1.172000 14.000000 18.000000 21.000000
-15.241000 -19.117000 1.121000 23.000000 30.000000 36.000000
-15.241000 -19.145000 1.144000 38.000000 43.000000 62.000000
-15.241000 -19.253000 1.192000 44.000000 49.000000 55.000000
-15.241000 -19.125000 1.127000 69.000000 77.000000 96.000000
-15.241000 -19.168000 1.135000 51.000000 63.000000 77.000000
-15.241000 -19.167000 1.127000 69.000000 74.000000 94.000000
-15.242000 -19.232000 1.126000 63.000000 69.000000 85.000000
-15.242000 -19.240000 1.143000 15.000000 18.000000 27.000000
-15.242000 -19.211000 1.142000 53.000000 62.000000 57.000000
-15.242000 -19.244000 1.165000 41.000000 53.000000 69.000000
-15.241000 -19.198000 1.150000 119.000000 146.000000 95.000000
-15.241000 -19.101000 1.118000 24.000000 30.000000 30.000000
-15.242000 -19.196000 1.124000 11.000000 29.000000 33.000000
-15.241000 -19.152000 1.135000 33.000000 42.000000 59.000000
-15.241000 -19.151000 1.133000 27.000000 33.000000 65.000000
-15.241000 -19.227000 1.160000 31.000000 31.000000 29.000000
-15.241000 -19.166000 1.136000 51.000000 63.000000 77.000000
-15.242000 -19.243000 1.168000 13.000000 18.000000 21.000000
-15.241000 -19.198000 1.149000 119.000000 146.000000 95.000000
-15.242000 -19.203000 1.128000 98.000000 122.000000 134.000000
-15.241000 -19.149000 1.118000 36.000000 39.000000 48.000000
-15.241000 -19.158000 1.128000 44.000000 48.000000 85.000000
-15.241000 -19.197000 1.160000 106.000000 123.000000 78.000000
-15.242000 -19.247000 1.152000 56.000000 70.000000 83.000000
-15.241000 -19.217000 1.171000 49.000000 45.000000 44.000000
-15.241000 -19.161000 1.117000 45.000000 45.000000 53.000000
-15.242000 -19.205000 1.124000 12.000000 27.000000 32.000000
-15.241000 -19.158000 1.123000 22.000000 27.000000 30.000000
-15.241000 -19.183000 1.145000 45.000000 63.000000 87.000000
-15.242000 -19.242000 1.134000 16.000000 24.000000 27.000000
-15.241000 -19.184000 1.158000 143.000000 165.000000 153.000000
-15.242000 -19.250000 1.150000 22.000000 35.000000 44.000000
-15.242000 -19.209000 1.139000 64.000000 77.000000 70.000000
-15.242000 -19.254000 1.164000 41.000000 50.000000 55.000000
-15.241000 -19.229000 1.184000 28.000000 26.000000 27.000000
-15.241000 -19.197000 1.143000 130.000000 157.000000 122.000000
-15.241000 -19.156000 1.146000 49.000000 53.000000 88.000000
-15.241000 -19.134000 1.135000 53.000000 67.000000 70.000000
-15.241000 -19.176000 1.159000 73.000000 91.000000 91.000000
-15.241000 -19.193000 1.155000 122.000000 151.000000 103.000000
-15.241000 -19.154000 1.117000 38.000000 41.000000 50.000000
-15.242000 -19.234000 1.153000 22.000000 23.000000 28.000000
-15.241000 -19.163000 1.116000 46.000000 46.000000 54.000000
-15.241000 -19.182000 1.155000 96.000000 116.000000 115.000000
-15.241000 -19.188000 1.135000 86.000000 114.000000 138.000000
-15.242000 -19.224000 1.135000 24.000000 34.000000 36.000000
-15.241000 -19.239000 1.176000 21.000000 25.000000 26.000000
-15.242000 -19.220000 1.133000 22.000000 32.000000 42.000000
-15.242000 -19.241000 1.116000 22.000000 31.000000 36.000000
-15.242000 -19.253000 1.159000 47.000000 58.000000 62.000000
-15.241000 -19.150000 1.117000 37.000000 40.000000 49.000000
-15.241000 -19.194000 1.137000 155.000000 187.000000 184.000000
-15.241000 -19.102000 1.125000 59.000000 71.000000 85.000000
-15.242000 -19.253000 1.185000 43.000000 52.000000 57.000000
-15.242000 -19.238000 1.121000 25.000000 35.000000 36.000000
-15.241000 -19.115000 1.119000 23.000000 30.000000 36.000000
-15.241000 -19.134000 1.127000 67.000000 77.000000 87.000000
-15.242000 -19.253000 1.179000 40.000000 49.000000 54.000000
-15.241000 -19.174000 1.131000 44.000000 52.000000 89.000000
-15.242000 -19.234000 1.166000 21.000000 25.000000 28.000000
-15.242000 -19.241000 1.144000 15.000000 18.000000 27.000000
-15.241000 -19.169000 1.120000 22.000000 27.000000 23.000000
-15.241000 -19.234000 1.185000 26.000000 28.000000 27.000000
-15.241000 -19.149000 1.136000 34.000000 43.000000 60.000000
-15.242000 -19.201000 1.123000 8.000000 26.000000 30.000000
