-12.210000 -18.318000 2.212000 161.000000 169.000000 182.000000
-12.211000 -18.357000 2.190000 167.000000 171.000000 182.000000
-12.211000 -18.571000 2.186000 124.000000 133.000000 138.000000
-12.211000 -18.398000 2.186000 125.000000 130.000000 136.000000
-12.210000 -18.560000 2.205000 164.000000 173.000000 178.000000
-12.211000 -18.631000 2.189000 141.000000 150.000000 157.000000
-12.210000 -18.456000 2.199000 161.000000 171.000000 180.000000
-12.213000 -18.641000 2.152000 119.000000 128.000000 135.000000
-12.212000 -18.614000 2.165000 120.000000 129.000000 134.000000
-12.211000 -18.716000 2.199000 166.000000 176.000000 185.000000
-12.213000 -18.704000 2.142000 119.000000 128.000000 135.000000
-12.212000 -18.619000 2.167000 120.000000 129.000000 134.000000
-12.212000 -18.558000 2.177000 118.000000 128.000000 130.000000
-12.211000 -18.634000 2.194000 158.000000 167.000000 174.000000
-12.212000 -18.578000 2.161000 120.000000 127.000000 133.000000
-12.211000 -18.435000 2.182000 117.000000 124.000000 134.000000
-12.212000 -18.692000 2.163000 121.000000 128.000000 134.000000
-12.213000 -18.722000 2.161000 119.000000 128.000000 137.000000
-12.210000 -18.404000 2.204000 162.000000 171.000000 180.000000
-12.210000 -18.379000 2.200000 159.000000 167.000000 180.000000
-12.210000 -18.652000 2.211000 167.000000 177.000000 186.000000
-12.212000 -18.704000 2.175000 122.000000 129.000000 139.000000
-12.211000 -18.753000 2.195000 178.000000 185.000000 195.000000
-12.211000 -18.559000 2.203000 163.000000 174.000000 178.000000
-12.211000 -18.436000 2.194000 161.000000 171.000000 180.000000
-12.211000 -18.489000 2.198000 162.000000 173.000000 179.000000
-12.211000 -18.474000 2.184000 114.000000 121.000000 127.000000
-12.211000 -18.781000 2.210000 161.000000 172.000000 178.000000
-12.211000 -18.635000 2.197000 166.000000 175.000000 182.000000
-12.213000 -18.700000 2.158000 120.000000 129.000000 134.000000
-12.211000 -18.419000 2.191000 140.000000 149.000000 154.000000
-12.211000 -18.543000 2.187000 140.000000 149.000000 154.000000
-12.211000 -18.647000 2.192000 164.000000 173.000000 180.000000
-12.211000 -18.663000 2.201000 167.000000 178.000000 184.000000
-12.210000 -18.659000 2.210000 167.000000 177.000000 186.000000
-12.213000 -18.763000 2.145000 140.000000 145.000000 148.000000
-12.212000 -18.695000 2.173000 121.000000 128.000000 136.000000
-12.213000 -18.771000 2.156000 123.000000 131.000000 133.000000
-12.211000 -18.473000 2.197000 163.000000 174.000000 176.000000
-12.211000 -18.423000 2.191000 151.000000 160.000000 165.000000
-12.212000 -18.637000 2.165000 119.000000 128.000000 133.000000
-12.212000 -18.608000 2.171000 119.000000 128.000000 133.000000
-12.212000 -18.576000 2.160000 120.000000 127.000000 133.000000
-12.212000 -18.672000 2.174000 120.000000 128.000000 131.000000
-12.210000 -18.544000 2.211000 163.000000 172.000000 181.000000
-12.211000 -18.517000 2.180000 120.000000 128.000000 130.000000
-12.211000 -18.784000 2.205000 161.000000 172.000000 176.000000
-12.213000 -18.663000 2.148000 120.000000 129.000000 134.000000
-12.212000 -18.659000 2.161000 120.000000 129.000000 134.000000
-12.210000 -18.346000 2.213000 161.000000 171.000000 183.000000
-12.212000 -18.614000 2.172000 120.000000 129.000000 134.000000
-12.213000 -18.650000 2.156000 119.000000 128.000000 135.000000
-12.213000 -18.748000 2.149000 120.000000 127.000000 133.000000
-12.210000 -18.318000 2.202000 160.000000 168.000000 181.000000
-12.211000 -18.541000 2.193000 163.000000 172.000000 179.000000
-12.212000 -18.711000 2.170000 121.000000 128.000000 138.000000
-12.213000 -18.744000 2.156000 120.000000 127.000000 135.000000
-12.210000 -18.476000 2.209000 158.000000 171.000000 179.000000
-12.210000 -18.470000 2.205000 163.000000 173.000000 182.000000
-12.211000 -18.493000 2.176000 122.000000 127.000000 131.000000
-12.211000 -18.744000 2.198000 166.000000 175.000000 184.000000
-12.211000 -18.633000 2.207000 164.000000 174.000000 184.000000
-12.211000 -18.558000 2.187000 140.000000 149.000000 154.000000
-12.211000 -18.516000 2.177000 123.000000 128.000000 132.000000
-12.211000 -18.662000 2.202000 169.000000 180.000000 186.000000
-12.213000 -18.697000 2.146000 119.000000 128.000000 135.000000
-12.211000 -18.630000 2.193000 157.000000 166.000000 173.000000
-12.210000 -18.524000 2.211000 162.000000 173.000000 179.000000
-12.213000 -18.723000 2.140000 120.000000 129.000000 134.000000
-12.211000 -18.572000 2.203000 163.000000 174.000000 178.000000
-12.213000 -18.741000 2.152000 119.000000 128.000000 135.000000
-12.212000 -18.569000 2.163000 119.000000 126.000000 132.000000
-12.210000 -18.479000 2.210000 161.000000 171.000000 181.000000
-12.211000 -18.637000 2.198000 166.000000 175.000000 182.000000
-12.211000 -18.497000 2.188000 151.000000 161.000000 162.000000
-12.213000 -18.703000 2.153000 120.000000 129.000000 134.000000
-12.211000 -18.557000 2.197000 160.000000 169.000000 176.000000
-12.212000 -18.737000 2.169000 121.000000 126.000000 132.000000
-12.210000 -18.448000 2.207000 164.000000 173.000000 182.000000
-12.211000 -18.516000 2.186000 124.000000 132.000000 134.000000
-12.211000 -18.763000 2.194000 171.000000 177.000000 189.000000
-12.210000 -18.368000 2.204000 164.000000 172.000000 185.000000
-12.211000 -18.442000 2.188000 146.000000 155.000000 164.000000
-12.210000 -18.566000 2.208000 166.000000 175.000000 180.000000
-12.212000 -18.497000 2.171000 118.000000 122.000000 131.000000
-12.211000 -18.594000 2.196000 164.000000 175.000000 179.000000
-12.212000 -18.744000 2.186000 119.000000 123.000000 132.000000
-12.210000 -18.509000 2.204000 163.000000 173.000000 182.000000
-12.210000 -18.459000 2.214000 160.000000 173.000000 182.000000
-12.212000 -18.542000 2.177000 116.000000 126.000000 128.000000
-12.213000 -18.681000 2.148000 120.000000 129.000000 136.000000
-12.210000 -18.602000 2.213000 165.000000 174.000000 183.000000
-12.211000 -18.543000 2.182000 116.000000 125.000000 130.000000
-12.211000 -18.674000 2.197000 175.000000 184.000000 193.000000
-12.213000 -18.684000 2.152000 120.000000 129.000000 134.000000
-12.211000 -18.709000 2.193000 165.000000 174.000000 181.000000
-12.210000 -18.373000 2.208000 164.000000 174.000000 186.000000
-12.211000 -18.683000 2.207000 168.000000 178.000000 187.000000
-12.213000 -18.657000 2.148000 119.000000 128.000000 133.000000
-12.211000 -18.700000 2.193000 171.000000 180.000000 187.000000
-12.212000 -18.745000 2.187000 127.000000 134.000000 144.000000
-12.212000 -18.662000 2.160000 120.000000 129.000000 134.000000
-12.211000 -18.440000 2.184000 121.000000 128.000000 138.000000
-12.211000 -18.611000 2.198000 167.000000 178.000000 182.000000
-12.212000 -18.697000 2.185000 127.000000 134.000000 142.000000
-12.211000 -18.740000 2.204000 166.000000 172.000000 184.000000
-12.211000 -18.655000 2.202000 171.000000 181.000000 190.000000
-12.211000 -18.604000 2.194000 154.000000 165.000000 169.000000
-12.210000 -18.348000 2.192000 162.000000 166.000000 177.000000
-12.210000 -18.463000 2.207000 161.000000 171.000000 180.000000
-12.212000 -18.702000 2.183000 121.000000 128.000000 138.000000
-12.213000 -18.649000 2.153000 119.000000 128.000000 135.000000
-12.211000 -18.747000 2.205000 164.000000 172.000000 183.000000
-12.211000 -18.733000 2.202000 167.000000 174.000000 184.000000
-12.211000 -18.498000 2.178000 120.000000 128.000000 130.000000
-12.210000 -18.537000 2.209000 164.000000 173.000000 182.000000
-12.213000 -18.701000 2.146000 119.000000 128.000000 135.000000
-12.211000 -18.457000 2.176000 118.000000 122.000000 131.000000
-12.211000 -18.360000 2.190000 163.000000 167.000000 176.000000
-12.211000 -18.727000 2.192000 162.000000 171.000000 180.000000
-12.211000 -18.775000 2.203000 163.000000 174.000000 178.000000
-12.211000 -18.730000 2.203000 167.000000 174.000000 184.000000
-12.211000 -18.689000 2.206000 166.000000 176.000000 185.000000
-12.211000 -18.744000 2.194000 168.000000 175.000000 185.000000
-12.210000 -18.426000 2.210000 161.000000 171.000000 180.000000
-12.212000 -18.712000 2.165000 121.000000 128.000000 136.000000
-12.212000 -18.777000 2.178000 116.000000 123.000000 133.000000
-12.213000 -18.763000 2.141000 146.000000 152.000000 152.000000
-12.210000 -18.417000 2.203000 163.000000 172.000000 181.000000
-12.210000 -18.485000 2.214000 161.000000 171.000000 181.000000
-12.211000 -18.720000 2.210000 169.000000 175.000000 187.000000
-12.213000 -18.755000 2.164000 121.000000 126.000000 130.000000
-12.212000 -18.706000 2.173000 122.000000 129.000000 139.000000
-12.213000 -18.676000 2.149000 120.000000 129.000000 136.000000
-12.212000 -18.523000 2.175000 121.000000 126.000000 132.000000
-12.212000 -18.619000 2.165000 120.000000 127.000000 133.000000
-12.212000 -18.717000 2.170000 119.000000 126.000000 136.000000
-12.212000 -18.620000 2.176000 121.000000 130.000000 135.000000
-12.210000 -18.337000 2.202000 160.000000 168.000000 181.000000
-12.211000 -18.485000 2.192000 164.000000 173.000000 178.000000
-12.211000 -18.623000 2.192000 136.000000 145.000000 150.000000
-12.213000 -18.725000 2.159000 119.000000 128.000000 137.000000
-12.210000 -18.518000 2.203000 164.000000 174.000000 183.000000
-12.212000 -18.540000 2.164000 119.000000 126.000000 132.000000
-12.210000 -18.437000 2.215000 161.000000 171.000000 181.000000
-12.213000 -18.718000 2.161000 119.000000 128.000000 135.000000
-12.213000 -18.668000 2.151000 121.000000 130.000000 137.000000
-12.211000 -18.524000 2.199000 164.000000 174.000000 183.000000
-12.210000 -18.353000 2.210000 161.000000 171.000000 183.000000
-12.211000 -18.577000 2.199000 164.000000 173.000000 178.000000
-12.211000 -18.719000 2.194000 164.000000 173.000000 180.000000
-12.211000 -18.480000 2.195000 165.000000 176.000000 182.000000
-12.212000 -18.720000 2.187000 117.000000 126.000000 135.000000
-12.212000 -18.762000 2.183000 119.000000 123.000000 132.000000
-12.211000 -18.614000 2.197000 168.000000 179.000000 183.000000
-12.213000 -18.691000 2.145000 120.000000 129.000000 136.000000
-12.210000 -18.592000 2.211000 163.000000 172.000000 179.000000
-12.212000 -18.655000 2.167000 120.000000 129.000000 134.000000
-12.211000 -18.432000 2.195000 161.000000 171.000000 180.000000
-12.211000 -18.593000 2.189000 156.000000 165.000000 170.000000
-12.210000 -18.534000 2.208000 164.000000 173.000000 182.000000
-12.213000 -18.747000 2.148000 120.000000 127.000000 133.000000
-12.212000 -18.776000 2.167000 128.000000 133.000000 139.000000
-12.213000 -18.735000 2.146000 119.000000 126.000000 134.000000
-12.210000 -18.361000 2.214000 164.000000 174.000000 186.000000
-12.211000 -18.648000 2.193000 164.000000 173.000000 180.000000
-12.212000 -18.746000 2.181000 116.000000 120.000000 129.000000
-12.212000 -18.617000 2.170000 120.000000 129.000000 134.000000
-12.212000 -18.585000 2.174000 119.000000 128.000000 133.000000
-12.213000 -18.622000 2.156000 120.000000 127.000000 133.000000
-12.211000 -18.611000 2.192000 159.000000 170.000000 174.000000
-12.211000 -18.771000 2.195000 170.000000 177.000000 187.000000
-12.210000 -18.548000 2.207000 163.000000 172.000000 179.000000
-12.210000 -18.438000 2.208000 162.000000 171.000000 180.000000
-12.210000 -18.395000 2.205000 165.000000 172.000000 182.000000
-12.210000 -18.543000 2.205000 163.000000 172.000000 179.000000
-12.211000 -18.558000 2.184000 120.000000 129.000000 134.000000
-12.210000 -18.348000 2.216000 161.000000 171.000000 183.000000
-12.211000 -18.426000 2.195000 160.000000 171.000000 175.000000
-12.212000 -18.665000 2.170000 121.000000 131.000000 133.000000
-12.211000 -18.406000 2.190000 138.000000 145.000000 153.000000
-12.210000 -18.469000 2.200000 164.000000 174.000000 183.000000
-12.213000 -18.708000 2.144000 119.000000 128.000000 135.000000
-12.210000 -18.423000 2.202000 162.000000 171.000000 180.000000
-12.210000 -18.446000 2.205000 164.000000 173.000000 182.000000
-12.211000 -18.525000 2.201000 165.000000 175.000000 184.000000
-12.211000 -18.626000 2.188000 127.000000 136.000000 141.000000
-12.211000 -18.612000 2.190000 136.000000 145.000000 150.000000
-12.211000 -18.535000 2.180000 120.000000 130.000000 132.000000
-12.212000 -18.635000 2.165000 120.000000 129.000000 134.000000
-12.211000 -18.481000 2.183000 117.000000 126.000000 125.000000
-12.212000 -18.689000 2.164000 121.000000 128.000000 134.000000
-12.211000 -18.691000 2.200000 168.000000 178.000000 187.000000
-12.212000 -18.739000 2.177000 120.000000 125.000000 131.000000
-12.211000 -18.626000 2.199000 167.000000 177.000000 187.000000
-12.213000 -18.627000 2.156000 121.000000 130.000000 137.000000
-12.212000 -18.717000 2.181000 120.000000 126.000000 138.000000
-12.212000 -18.676000 2.180000 118.000000 126.000000 129.000000
-12.210000 -18.345000 2.216000 161.000000 171.000000 183.000000
-12.212000 -18.633000 2.162000 120.000000 129.000000 134.000000
-12.213000 -18.771000 2.153000 151.000000 160.000000 159.000000
-12.212000 -18.625000 2.179000 122.000000 132.000000 134.000000
-12.211000 -18.616000 2.191000 137.000000 146.000000 151.000000
-12.210000 -18.494000 2.205000 162.000000 172.000000 181.000000
-12.211000 -18.585000 2.200000 164.000000 173.000000 178.000000
-12.210000 -18.411000 2.206000 164.000000 173.000000 182.000000
-12.212000 -18.594000 2.169000 118.000000 127.000000 132.000000
-12.213000 -18.708000 2.162000 120.000000 129.000000 136.000000
-12.212000 -18.541000 2.174000 119.000000 127.000000 130.000000
-12.212000 -18.631000 2.163000 120.000000 129.000000 134.000000
-12.211000 -18.451000 2.197000 162.000000 173.000000 179.000000
-12.211000 -18.515000 2.194000 159.000000 170.000000 176.000000
-12.210000 -18.428000 2.208000 160.000000 170.000000 179.000000
-12.211000 -18.476000 2.175000 121.000000 126.000000 132.000000
-12.211000 -18.653000 2.193000 165.000000 174.000000 181.000000
-12.213000 -18.687000 2.146000 120.000000 129.000000 136.000000
-12.211000 -18.385000 2.192000 167.000000 174.000000 182.000000
-12.211000 -18.533000 2.201000 162.000000 173.000000 179.000000
-12.210000 -18.380000 2.198000 168.000000 175.000000 183.000000
-12.211000 -18.467000 2.176000 118.000000 122.000000 131.000000
-12.212000 -18.559000 2.171000 118.000000 126.000000 129.000000
-12.211000 -18.745000 2.213000 164.000000 174.000000 184.000000
-12.211000 -18.643000 2.197000 167.000000 176.000000 183.000000
-12.211000 -18.592000 2.192000 150.000000 159.000000 164.000000
-12.212000 -18.759000 2.176000 120.000000 123.000000 130.000000
-12.211000 -18.491000 2.185000 127.000000 135.000000 137.000000
-12.212000 -18.684000 2.183000 124.000000 131.000000 139.000000
-12.212000 -18.701000 2.165000 121.000000 128.000000 136.000000
-12.212000 -18.760000 2.182000 118.000000 122.000000 131.000000
-12.212000 -18.711000 2.181000 114.000000 121.000000 131.000000
-12.212000 -18.736000 2.182000 120.000000 127.000000 135.000000
-12.210000 -18.588000 2.214000 164.000000 173.000000 180.000000
-12.212000 -18.661000 2.184000 121.000000 130.000000 135.000000
-12.211000 -18.578000 2.201000 164.000000 173.000000 178.000000
-12.210000 -18.632000 2.211000 165.000000 175.000000 185.000000
-12.210000 -18.521000 2.202000 164.000000 174.000000 183.000000
-12.213000 -18.716000 2.146000 120.000000 129.000000 136.000000
-12.211000 -18.400000 2.188000 146.000000 153.000000 161.000000
-12.212000 -18.658000 2.161000 120.000000 129.000000 134.000000
-12.210000 -18.560000 2.214000 161.000000 170.000000 177.000000
-12.211000 -18.525000 2.200000 165.000000 175.000000 184.000000
-12.211000 -18.764000 2.197000 168.000000 174.000000 186.000000
-12.211000 -18.730000 2.211000 167.000000 175.000000 188.000000
-12.212000 -18.643000 2.172000 120.000000 130.000000 132.000000
-12.212000 -18.769000 2.182000 111.000000 118.000000 128.000000
-12.212000 -18.726000 2.178000 120.000000 127.000000 135.000000
-12.210000 -18.373000 2.207000 163.000000 173.000000 185.000000
-12.212000 -18.600000 2.164000 121.000000 128.000000 134.000000
-12.212000 -18.708000 2.163000 121.000000 128.000000 136.000000
-12.211000 -18.765000 2.196000 168.000000 174.000000 186.000000
-12.211000 -18.536000 2.194000 164.000000 173.000000 180.000000
-12.210000 -18.440000 2.216000 161.000000 171.000000 181.000000
-12.214000 -18.763000 2.104000 136.000000 144.000000 146.000000
-12.214000 -18.765000 2.121000 152.000000 154.000000 153.000000
-12.214000 -18.763000 2.123000 150.000000 152.000000 151.000000
-12.214000 -18.764000 2.121000 152.000000 154.000000 153.000000
-12.214000 -18.763000 2.133000 150.000000 154.000000 153.000000
-12.302000 -18.498000 2.165000 168.000000 179.000000 185.000000
-12.296000 -18.498000 2.169000 112.000000 125.000000 134.000000
-12.315000 -18.505000 2.156000 168.000000 179.000000 181.000000
-12.322000 -18.448000 2.156000 162.000000 171.000000 180.000000
-12.319000 -18.434000 2.160000 165.000000 174.000000 183.000000
-12.321000 -18.518000 2.151000 157.000000 167.000000 169.000000
-12.311000 -18.389000 2.169000 162.000000 171.000000 186.000000
-12.292000 -18.498000 2.171000 107.000000 120.000000 129.000000
-12.284000 -18.467000 2.179000 162.000000 172.000000 184.000000
-12.319000 -18.462000 2.157000 162.000000 171.000000 180.000000
-12.319000 -18.409000 2.162000 162.000000 169.000000 185.000000
-12.322000 -18.369000 2.164000 158.000000 168.000000 178.000000
-12.299000 -18.494000 2.167000 162.000000 175.000000 183.000000
-12.320000 -18.394000 2.163000 159.000000 169.000000 181.000000
-12.316000 -18.381000 2.166000 161.000000 171.000000 183.000000
-12.312000 -18.440000 2.164000 162.000000 171.000000 180.000000
-12.300000 -18.425000 2.173000 166.000000 174.000000 187.000000
-12.319000 -18.367000 2.165000 158.000000 168.000000 178.000000
-12.323000 -18.493000 2.152000 164.000000 175.000000 179.000000
-12.315000 -18.405000 2.164000 162.000000 169.000000 185.000000
-12.295000 -18.470000 2.172000 161.000000 171.000000 181.000000
-12.322000 -18.400000 2.161000 161.000000 171.000000 183.000000
-12.303000 -18.451000 2.168000 163.000000 171.000000 182.000000
-12.282000 -18.494000 2.178000 122.000000 135.000000 144.000000
-12.304000 -18.425000 2.170000 163.000000 171.000000 184.000000
-12.297000 -18.498000 2.168000 155.000000 168.000000 176.000000
-12.295000 -18.447000 2.174000 162.000000 170.000000 181.000000
-12.308000 -18.413000 2.169000 166.000000 174.000000 187.000000
-12.309000 -18.413000 2.168000 165.000000 173.000000 186.000000
-12.322000 -18.442000 2.157000 162.000000 171.000000 180.000000
-12.311000 -18.484000 2.160000 164.000000 175.000000 181.000000
-12.292000 -18.457000 2.175000 162.000000 170.000000 183.000000
-12.308000 -18.505000 2.160000 163.000000 174.000000 178.000000
-12.313000 -18.491000 2.158000 160.000000 171.000000 177.000000
-12.307000 -18.509000 2.161000 172.000000 182.000000 184.000000
-12.321000 -18.392000 2.162000 159.000000 169.000000 181.000000
-12.288000 -18.464000 2.177000 161.000000 171.000000 183.000000
-12.319000 -18.421000 2.161000 160.000000 168.000000 181.000000
-12.291000 -18.435000 2.178000 163.000000 171.000000 182.000000
-12.315000 -18.370000 2.168000 159.000000 169.000000 179.000000
-12.315000 -18.509000 2.155000 158.000000 168.000000 170.000000
-12.285000 -18.459000 2.180000 160.000000 170.000000 182.000000
-12.303000 -18.476000 2.166000 163.000000 173.000000 182.000000
-12.320000 -18.416000 2.161000 162.000000 170.000000 183.000000
-12.313000 -18.404000 2.166000 162.000000 169.000000 185.000000
-12.310000 -18.422000 2.167000 160.000000 168.000000 181.000000
-12.310000 -18.491000 2.160000 159.000000 170.000000 176.000000
-12.317000 -18.421000 2.162000 159.000000 167.000000 180.000000
-12.323000 -18.429000 2.157000 165.000000 173.000000 184.000000
-12.324000 -18.516000 2.149000 156.000000 166.000000 168.000000
-12.285000 -18.477000 2.177000 164.000000 174.000000 186.000000
-12.312000 -18.528000 2.155000 126.000000 131.000000 134.000000
-12.299000 -18.415000 2.174000 163.000000 171.000000 184.000000
-12.319000 -18.445000 2.158000 162.000000 171.000000 180.000000
-12.302000 -18.512000 2.164000 112.000000 121.000000 126.000000
-12.322000 -18.374000 2.163000 152.000000 162.000000 172.000000
-12.315000 -18.418000 2.164000 160.000000 168.000000 181.000000
-12.301000 -18.447000 2.170000 157.000000 165.000000 176.000000
-12.313000 -18.442000 2.162000 162.000000 171.000000 180.000000
-12.304000 -18.449000 2.168000 161.000000 169.000000 180.000000
-12.319000 -18.484000 2.155000 164.000000 173.000000 180.000000
-12.311000 -18.490000 2.159000 159.000000 170.000000 176.000000
-12.308000 -18.405000 2.170000 164.000000 172.000000 185.000000
-12.308000 -18.375000 2.169000 162.000000 172.000000 182.000000
-12.284000 -18.427000 2.178000 159.000000 167.000000 180.000000
-12.251000 -18.408000 2.171000 108.000000 114.000000 114.000000
-12.270000 -18.448000 2.181000 105.000000 118.000000 127.000000
-12.295000 -18.418000 2.177000 163.000000 171.000000 184.000000
-12.244000 -18.396000 2.168000 104.000000 113.000000 120.000000
-12.261000 -18.416000 2.174000 107.000000 115.000000 118.000000
-12.310000 -18.358000 2.166000 164.000000 174.000000 183.000000
-12.291000 -18.398000 2.172000 115.000000 124.000000 133.000000
-12.251000 -18.406000 2.171000 108.000000 114.000000 114.000000
-12.278000 -18.397000 2.171000 105.000000 115.000000 116.000000
-12.305000 -18.376000 2.169000 161.000000 169.000000 180.000000
-12.286000 -18.373000 2.167000 108.000000 117.000000 122.000000
-12.288000 -18.433000 2.179000 161.000000 169.000000 182.000000
-12.277000 -18.401000 2.172000 104.000000 114.000000 115.000000
-12.274000 -18.444000 2.180000 108.000000 122.000000 131.000000
-12.265000 -18.375000 2.166000 102.000000 111.000000 116.000000
-12.315000 -18.357000 2.166000 160.000000 170.000000 179.000000
-12.269000 -18.374000 2.166000 103.000000 112.000000 117.000000
-12.301000 -18.390000 2.172000 161.000000 168.000000 184.000000
-12.295000 -18.409000 2.175000 167.000000 175.000000 188.000000
-12.271000 -18.423000 2.176000 105.000000 114.000000 123.000000
-12.256000 -18.440000 2.178000 109.000000 116.000000 124.000000
-12.306000 -18.376000 2.169000 161.000000 169.000000 180.000000
-12.316000 -18.363000 2.167000 154.000000 164.000000 174.000000
-12.280000 -18.426000 2.177000 104.000000 112.000000 123.000000
-12.283000 -18.374000 2.167000 108.000000 118.000000 120.000000
-12.279000 -18.443000 2.180000 155.000000 169.000000 178.000000
-12.244000 -18.381000 2.165000 106.000000 115.000000 122.000000
-12.245000 -18.399000 2.169000 107.000000 114.000000 120.000000
-12.266000 -18.382000 2.167000 104.000000 114.000000 116.000000
-12.269000 -18.414000 2.174000 109.000000 116.000000 124.000000
-12.306000 -18.364000 2.167000 103.000000 112.000000 119.000000
-12.260000 -18.425000 2.175000 109.000000 116.000000 122.000000
-12.303000 -18.380000 2.170000 161.000000 169.000000 180.000000
-12.248000 -18.386000 2.166000 104.000000 113.000000 120.000000
-12.307000 -18.371000 2.168000 159.000000 168.000000 177.000000
-12.267000 -18.373000 2.165000 103.000000 112.000000 117.000000
-12.318000 -18.358000 2.166000 160.000000 170.000000 180.000000
-12.260000 -18.391000 2.168000 106.000000 114.000000 117.000000
-12.295000 -18.406000 2.174000 165.000000 173.000000 186.000000
-12.274000 -18.438000 2.179000 86.000000 99.000000 108.000000
-12.278000 -18.391000 2.170000 107.000000 117.000000 119.000000
-12.269000 -18.431000 2.177000 105.000000 115.000000 124.000000
-12.265000 -18.462000 2.183000 117.000000 131.000000 140.000000
-12.269000 -18.458000 2.183000 110.000000 123.000000 132.000000
-12.313000 -18.358000 2.166000 164.000000 174.000000 183.000000
-12.260000 -18.441000 2.179000 109.000000 118.000000 125.000000
-12.259000 -18.538000 2.180000 108.000000 118.000000 128.000000
-12.252000 -18.504000 2.175000 111.000000 120.000000 127.000000
-12.247000 -18.571000 2.171000 113.000000 120.000000 128.000000
-12.247000 -18.569000 2.172000 113.000000 120.000000 128.000000
-12.255000 -18.442000 2.177000 110.000000 117.000000 125.000000
-12.239000 -18.406000 2.166000 108.000000 113.000000 119.000000
-12.250000 -18.507000 2.174000 109.000000 120.000000 126.000000
-12.245000 -18.518000 2.170000 111.000000 120.000000 127.000000
-12.263000 -18.513000 2.183000 122.000000 135.000000 143.000000
-12.248000 -18.472000 2.172000 112.000000 116.000000 125.000000
-12.243000 -18.520000 2.169000 110.000000 119.000000 126.000000
-12.246000 -18.499000 2.171000 109.000000 118.000000 125.000000
-12.240000 -18.427000 2.167000 105.000000 110.000000 114.000000
-12.259000 -18.490000 2.180000 105.000000 118.000000 124.000000
-12.251000 -18.426000 2.174000 112.000000 117.000000 121.000000
-12.255000 -18.555000 2.177000 108.000000 115.000000 125.000000
-12.253000 -18.480000 2.176000 110.000000 119.000000 126.000000
-12.252000 -18.556000 2.175000 109.000000 116.000000 126.000000
-12.251000 -18.466000 2.175000 108.000000 115.000000 123.000000
-12.256000 -18.539000 2.178000 107.000000 117.000000 127.000000
-12.250000 -18.455000 2.174000 107.000000 114.000000 122.000000
-12.260000 -18.457000 2.181000 95.000000 108.000000 116.000000
-12.243000 -18.513000 2.169000 110.000000 119.000000 126.000000
-12.252000 -18.476000 2.175000 112.000000 119.000000 127.000000
-12.257000 -18.470000 2.179000 106.000000 117.000000 123.000000
-12.252000 -18.585000 2.175000 111.000000 119.000000 121.000000
-12.257000 -18.552000 2.179000 109.000000 116.000000 126.000000
-12.248000 -18.533000 2.172000 109.000000 119.000000 128.000000
-12.241000 -18.433000 2.168000 110.000000 115.000000 119.000000
-12.252000 -18.562000 2.175000 111.000000 118.000000 128.000000
-12.260000 -18.468000 2.181000 112.000000 125.000000 133.000000
-12.249000 -18.434000 2.173000 112.000000 117.000000 123.000000
-12.247000 -18.518000 2.172000 109.000000 120.000000 126.000000
-12.248000 -18.596000 2.172000 112.000000 120.000000 122.000000
-12.242000 -18.450000 2.168000 111.000000 116.000000 120.000000
-12.250000 -18.526000 2.174000 108.000000 118.000000 127.000000
-12.251000 -18.497000 2.175000 113.000000 120.000000 128.000000
-12.257000 -18.486000 2.179000 112.000000 123.000000 129.000000
-12.247000 -18.541000 2.172000 109.000000 119.000000 128.000000
-12.261000 -18.493000 2.181000 115.000000 128.000000 134.000000
-12.255000 -18.560000 2.177000 111.000000 118.000000 128.000000
-12.252000 -18.537000 2.175000 109.000000 119.000000 128.000000
-12.255000 -18.570000 2.177000 112.000000 119.000000 125.000000
-12.249000 -18.540000 2.173000 109.000000 119.000000 128.000000
-12.268000 -18.505000 2.184000 125.000000 138.000000 147.000000
-12.259000 -18.576000 2.175000 112.000000 120.000000 123.000000
-12.261000 -18.618000 2.167000 110.000000 121.000000 127.000000
-12.279000 -18.570000 2.166000 110.000000 118.000000 120.000000
-12.304000 -18.567000 2.153000 113.000000 123.000000 125.000000
-12.270000 -18.583000 2.168000 112.000000 122.000000 124.000000
-12.280000 -18.567000 2.166000 111.000000 119.000000 121.000000
-12.255000 -18.624000 2.169000 110.000000 121.000000 127.000000
-12.272000 -18.491000 2.184000 135.000000 145.000000 154.000000
-12.280000 -18.506000 2.177000 106.000000 120.000000 133.000000
-12.276000 -18.510000 2.179000 110.000000 122.000000 134.000000
-12.274000 -18.566000 2.169000 111.000000 119.000000 121.000000
-12.268000 -18.533000 2.178000 103.000000 113.000000 123.000000
-12.278000 -18.498000 2.180000 121.000000 130.000000 139.000000
-12.285000 -18.564000 2.164000 112.000000 120.000000 123.000000
-12.286000 -18.539000 2.168000 112.000000 119.000000 125.000000
-12.280000 -18.573000 2.165000 113.000000 121.000000 123.000000
-12.262000 -18.602000 2.169000 111.000000 122.000000 124.000000
-12.290000 -18.571000 2.159000 111.000000 121.000000 123.000000
-12.292000 -18.520000 2.168000 115.000000 122.000000 132.000000
-12.269000 -18.593000 2.167000 112.000000 122.000000 124.000000
-12.276000 -18.566000 2.168000 111.000000 119.000000 121.000000
-12.297000 -18.518000 2.166000 106.000000 113.000000 121.000000
-12.256000 -18.582000 2.176000 112.000000 120.000000 122.000000
-12.320000 -18.546000 2.148000 153.000000 163.000000 164.000000
-12.284000 -18.561000 2.165000 112.000000 120.000000 123.000000
-12.302000 -18.568000 2.154000 110.000000 118.000000 121.000000
-12.254000 -18.614000 2.171000 111.000000 121.000000 123.000000
-12.315000 -18.557000 2.149000 129.000000 139.000000 141.000000
-12.298000 -18.562000 2.157000 112.000000 120.000000 123.000000
-12.291000 -18.555000 2.162000 113.000000 121.000000 123.000000
-12.279000 -18.575000 2.165000 113.000000 121.000000 123.000000
-12.298000 -18.528000 2.163000 114.000000 119.000000 123.000000
-12.295000 -18.525000 2.165000 115.000000 120.000000 126.000000
-12.314000 -18.552000 2.150000 117.000000 127.000000 128.000000
-12.257000 -18.564000 2.178000 113.000000 120.000000 128.000000
-12.252000 -18.613000 2.172000 111.000000 121.000000 123.000000
-12.273000 -18.573000 2.168000 112.000000 120.000000 122.000000
-12.291000 -18.525000 2.168000 113.000000 120.000000 128.000000
-12.266000 -18.504000 2.185000 125.000000 138.000000 147.000000
-12.287000 -18.563000 2.163000 113.000000 121.000000 124.000000
-12.290000 -18.541000 2.165000 112.000000 119.000000 125.000000
-12.276000 -18.583000 2.165000 112.000000 122.000000 124.000000
-12.262000 -18.568000 2.175000 112.000000 119.000000 125.000000
-12.266000 -18.513000 2.183000 115.000000 128.000000 137.000000
-12.309000 -18.546000 2.154000 112.000000 122.000000 123.000000
-12.281000 -18.590000 2.161000 109.000000 118.000000 123.000000
-12.269000 -18.539000 2.177000 107.000000 117.000000 127.000000
-12.263000 -18.531000 2.182000 107.000000 117.000000 127.000000
-12.283000 -18.562000 2.165000 112.000000 120.000000 123.000000
-12.310000 -18.560000 2.151000 122.000000 132.000000 134.000000
-12.267000 -18.570000 2.172000 112.000000 120.000000 123.000000
-12.315000 -18.555000 2.149000 122.000000 132.000000 133.000000
-12.257000 -18.602000 2.172000 111.000000 123.000000 123.000000
-12.275000 -18.526000 2.176000 101.000000 114.000000 123.000000
-12.293000 -18.548000 2.162000 112.000000 120.000000 122.000000
-12.264000 -18.549000 2.178000 111.000000 118.000000 128.000000
-12.300000 -18.567000 2.155000 111.000000 119.000000 122.000000
-12.308000 -18.657000 2.138000 120.000000 129.000000 134.000000
-12.278000 -18.664000 2.138000 119.000000 128.000000 133.000000
-12.316000 -18.617000 2.141000 121.000000 128.000000 134.000000
-12.320000 -18.606000 2.141000 127.000000 132.000000 138.000000
-12.270000 -18.696000 2.136000 121.000000 130.000000 137.000000
-12.274000 -18.660000 2.138000 120.000000 129.000000 134.000000
-12.251000 -18.703000 2.136000 120.000000 129.000000 136.000000
-12.282000 -18.698000 2.136000 123.000000 128.000000 134.000000
-12.291000 -18.647000 2.139000 120.000000 129.000000 136.000000
-12.321000 -18.611000 2.141000 125.000000 130.000000 136.000000
-12.293000 -18.649000 2.139000 120.000000 129.000000 136.000000
-12.274000 -18.648000 2.139000 120.000000 127.000000 133.000000
-12.301000 -18.685000 2.136000 121.000000 130.000000 135.000000
-12.263000 -18.680000 2.137000 120.000000 131.000000 135.000000
-12.313000 -18.585000 2.143000 119.000000 126.000000 132.000000
-12.266000 -18.696000 2.136000 121.000000 130.000000 137.000000
-12.298000 -18.629000 2.140000 117.000000 126.000000 133.000000
-12.261000 -18.690000 2.137000 120.000000 129.000000 136.000000
-12.322000 -18.575000 2.143000 145.000000 153.000000 156.000000
-12.278000 -18.639000 2.140000 121.000000 130.000000 137.000000
-12.255000 -18.688000 2.137000 121.000000 130.000000 137.000000
-12.295000 -18.664000 2.138000 120.000000 129.000000 136.000000
-12.280000 -18.671000 2.138000 120.000000 129.000000 136.000000
-12.302000 -18.628000 2.140000 117.000000 126.000000 133.000000
-12.314000 -18.630000 2.140000 121.000000 130.000000 135.000000
-12.312000 -18.599000 2.142000 119.000000 124.000000 128.000000
-12.277000 -18.676000 2.137000 119.000000 130.000000 134.000000
-12.281000 -18.655000 2.139000 120.000000 129.000000 136.000000
-12.307000 -18.630000 2.140000 119.000000 128.000000 135.000000
-12.257000 -18.701000 2.136000 120.000000 129.000000 136.000000
-12.246000 -18.697000 2.136000 121.000000 130.000000 137.000000
-12.315000 -18.667000 2.137000 121.000000 130.000000 135.000000
-12.291000 -18.648000 2.139000 120.000000 129.000000 136.000000
-12.316000 -18.603000 2.141000 122.000000 127.000000 133.000000
-12.303000 -18.696000 2.136000 121.000000 128.000000 134.000000
-12.293000 -18.630000 2.140000 118.000000 127.000000 134.000000
-12.288000 -18.708000 2.135000 123.000000 128.000000 134.000000
-12.309000 -18.607000 2.141000 119.000000 127.000000 130.000000
-12.237000 -18.733000 2.134000 119.000000 128.000000 135.000000
-12.260000 -18.706000 2.136000 119.000000 128.000000 135.000000
-12.295000 -18.702000 2.135000 120.000000 127.000000 133.000000
-12.233000 -18.742000 2.134000 118.000000 129.000000 131.000000
-12.310000 -18.654000 2.138000 119.000000 128.000000 133.000000
-12.295000 -18.662000 2.138000 120.000000 129.000000 134.000000
-12.307000 -18.627000 2.140000 120.000000 129.000000 136.000000
-12.305000 -18.611000 2.141000 120.000000 127.000000 133.000000
-12.323000 -18.553000 2.145000 153.000000 163.000000 164.000000
-12.253000 -18.719000 2.135000 120.000000 129.000000 136.000000
-12.278000 -18.677000 2.137000 120.000000 131.000000 135.000000
-12.310000 -18.595000 2.142000 118.000000 123.000000 127.000000
-12.291000 -18.673000 2.137000 121.000000 130.000000 137.000000
-12.266000 -18.674000 2.138000 119.000000 130.000000 134.000000
-12.266000 -18.660000 2.138000 119.000000 128.000000 133.000000
-12.317000 -18.590000 2.142000 120.000000 127.000000 133.000000
-12.290000 -18.703000 2.135000 123.000000 128.000000 134.000000
-12.308000 -18.662000 2.138000 120.000000 129.000000 134.000000
-12.231000 -18.738000 2.134000 125.000000 124.000000 140.000000
-12.302000 -18.688000 2.136000 122.000000 129.000000 135.000000
-12.300000 -18.635000 2.140000 118.000000 127.000000 134.000000
-12.243000 -18.707000 2.136000 120.000000 129.000000 136.000000
-12.246000 -18.716000 2.135000 120.000000 129.000000 136.000000
-12.303000 -18.640000 2.139000 120.000000 129.000000 134.000000
-12.265000 -18.679000 2.137000 120.000000 131.000000 135.000000
-12.283000 -18.708000 2.135000 123.000000 128.000000 134.000000
-12.266000 -18.688000 2.137000 120.000000 129.000000 136.000000
-12.244000 -18.731000 2.134000 119.000000 128.000000 135.000000
-12.280000 -18.705000 2.135000 119.000000 128.000000 135.000000
-12.265000 -18.684000 2.137000 120.000000 131.000000 135.000000
-12.268000 -18.698000 2.136000 120.000000 129.000000 136.000000
-12.317000 -18.603000 2.141000 122.000000 127.000000 133.000000
-12.276000 -18.715000 2.135000 120.000000 129.000000 136.000000
-12.304000 -18.649000 2.139000 120.000000 129.000000 134.000000
-12.242000 -18.692000 2.142000 120.000000 129.000000 136.000000
-12.286000 -18.612000 2.146000 116.000000 125.000000 132.000000
-12.269000 -18.645000 2.144000 121.000000 130.000000 135.000000
-12.225000 -18.732000 2.137000 118.000000 129.000000 131.000000
-12.240000 -18.663000 2.162000 110.000000 120.000000 130.000000
-12.292000 -18.595000 2.150000 112.000000 121.000000 128.000000
-12.255000 -18.666000 2.145000 120.000000 129.000000 136.000000
-12.235000 -18.689000 2.152000 116.000000 123.000000 131.000000
-12.258000 -18.664000 2.143000 120.000000 129.000000 136.000000
-12.240000 -18.661000 2.162000 110.000000 120.000000 130.000000
-12.230000 -18.702000 2.148000 115.000000 124.000000 129.000000
-12.261000 -18.645000 2.152000 111.000000 120.000000 127.000000
-12.252000 -18.663000 2.150000 116.000000 125.000000 134.000000
-12.250000 -18.664000 2.151000 114.000000 123.000000 132.000000
-12.256000 -18.638000 2.160000 105.000000 118.000000 127.000000
-12.276000 -18.622000 2.149000 112.000000 120.000000 131.000000
-12.247000 -18.667000 2.152000 114.000000 123.000000 132.000000
-12.258000 -18.642000 2.156000 109.000000 122.000000 131.000000
-12.249000 -18.651000 2.160000 110.000000 120.000000 130.000000
-12.290000 -18.603000 2.147000 118.000000 127.000000 134.000000
-12.254000 -18.646000 2.157000 111.000000 120.000000 129.000000
-12.297000 -18.599000 2.142000 119.000000 128.000000 133.000000
-12.229000 -18.716000 2.141000 118.000000 129.000000 131.000000
-12.215000 -18.754000 2.133000 119.000000 128.000000 137.000000
-12.292000 -18.586000 2.155000 112.000000 121.000000 126.000000
-12.309000 -18.575000 2.144000 119.000000 127.000000 130.000000
-12.234000 -18.691000 2.151000 113.000000 122.000000 129.000000
-12.258000 -18.668000 2.141000 119.000000 128.000000 135.000000
-12.248000 -18.673000 2.147000 116.000000 125.000000 132.000000
-12.284000 -18.601000 2.154000 108.000000 117.000000 126.000000
-12.265000 -18.624000 2.160000 108.000000 118.000000 127.000000
-12.280000 -18.630000 2.141000 120.000000 129.000000 134.000000
-12.284000 -18.620000 2.143000 118.000000 127.000000 134.000000
-12.277000 -18.607000 2.158000 111.000000 120.000000 129.000000
-12.238000 -18.709000 2.136000 119.000000 128.000000 135.000000
-12.247000 -18.653000 2.161000 109.000000 119.000000 129.000000
-12.245000 -18.688000 2.142000 122.000000 131.000000 138.000000
-12.244000 -18.696000 2.139000 121.000000 130.000000 137.000000
-12.239000 -18.667000 2.160000 111.000000 120.000000 129.000000
-12.283000 -18.625000 2.141000 119.000000 128.000000 133.000000
-12.269000 -18.639000 2.147000 117.000000 127.000000 136.000000
-12.294000 -18.583000 2.155000 112.000000 121.000000 126.000000
-12.240000 -18.706000 2.137000 120.000000 129.000000 136.000000
-12.251000 -18.685000 2.137000 121.000000 130.000000 137.000000
-12.216000 -18.750000 2.135000 118.000000 129.000000 133.000000
-12.272000 -18.639000 2.144000 119.000000 128.000000 135.000000
-12.284000 -18.623000 2.141000 119.000000 128.000000 133.000000
-12.265000 -18.642000 2.149000 113.000000 122.000000 129.000000
-12.263000 -18.652000 2.146000 119.000000 128.000000 135.000000
-12.245000 -18.675000 2.150000 113.000000 122.000000 129.000000
-12.228000 -18.610000 2.163000 116.000000 121.000000 125.000000
-12.221000 -18.429000 2.186000 154.000000 161.000000 171.000000
-12.216000 -18.491000 2.173000 115.000000 122.000000 128.000000
-12.214000 -18.591000 2.157000 111.000000 119.000000 122.000000
-12.220000 -18.440000 2.183000 149.000000 156.000000 166.000000
-12.217000 -18.505000 2.172000 119.000000 123.000000 132.000000
-12.224000 -18.579000 2.165000 110.000000 119.000000 124.000000
-12.225000 -18.431000 2.188000 159.000000 168.000000 177.000000
-12.231000 -18.656000 2.158000 114.000000 121.000000 131.000000
-12.217000 -18.561000 2.163000 113.000000 118.000000 124.000000
-12.217000 -18.624000 2.155000 112.000000 122.000000 124.000000
-12.233000 -18.530000 2.178000 109.000000 120.000000 124.000000
-12.218000 -18.703000 2.143000 117.000000 121.000000 130.000000
-12.239000 -18.567000 2.176000 111.000000 118.000000 126.000000
-12.224000 -18.479000 2.180000 122.000000 129.000000 135.000000
-12.217000 -18.484000 2.175000 119.000000 126.000000 132.000000
-12.226000 -18.575000 2.167000 109.000000 120.000000 124.000000
-12.229000 -18.691000 2.152000 113.000000 122.000000 129.000000
-12.225000 -18.685000 2.151000 114.000000 121.000000 131.000000
-12.221000 -18.459000 2.181000 118.000000 125.000000 133.000000
-12.228000 -18.546000 2.173000 110.000000 118.000000 120.000000
-12.229000 -18.521000 2.177000 113.000000 121.000000 124.000000
-12.218000 -18.619000 2.156000 113.000000 123.000000 125.000000
-12.223000 -18.554000 2.169000 111.000000 118.000000 124.000000
-12.226000 -18.463000 2.184000 145.000000 152.000000 158.000000
-12.215000 -18.584000 2.159000 110.000000 119.000000 124.000000
-12.217000 -18.669000 2.148000 118.000000 120.000000 132.000000
-12.215000 -18.581000 2.159000 110.000000 119.000000 124.000000
-12.237000 -18.619000 2.168000 112.000000 120.000000 122.000000
-12.218000 -18.512000 2.172000 122.000000 126.000000 135.000000
-12.235000 -18.552000 2.176000 110.000000 119.000000 124.000000
-12.236000 -18.607000 2.169000 114.000000 119.000000 123.000000
-12.212000 -18.488000 2.172000 126.000000 131.000000 135.000000
-12.224000 -18.544000 2.170000 110.000000 118.000000 121.000000
-12.219000 -18.573000 2.163000 109.000000 118.000000 125.000000
-12.238000 -18.612000 2.169000 114.000000 119.000000 122.000000
-12.213000 -18.366000 2.190000 159.000000 166.000000 174.000000
-12.214000 -18.580000 2.159000 110.000000 119.000000 124.000000
-12.226000 -18.453000 2.186000 165.000000 172.000000 178.000000
-12.214000 -18.740000 2.136000 118.000000 125.000000 131.000000
-12.212000 -18.469000 2.174000 120.000000 125.000000 131.000000
-12.230000 -18.665000 2.156000 113.000000 119.000000 131.000000
-12.215000 -18.638000 2.151000 111.000000 120.000000 125.000000
-12.234000 -18.614000 2.167000 114.000000 119.000000 122.000000
-12.233000 -18.650000 2.161000 114.000000 124.000000 136.000000
-12.214000 -18.383000 2.188000 158.000000 165.000000 171.000000
-12.222000 -18.576000 2.165000 109.000000 118.000000 125.000000
-12.235000 -18.646000 2.163000 110.000000 120.000000 132.000000
-12.215000 -18.708000 2.141000 118.000000 122.000000 131.000000
-12.215000 -18.717000 2.139000 119.000000 123.000000 132.000000
-12.212000 -18.404000 2.184000 112.000000 117.000000 121.000000
-12.212000 -18.435000 2.179000 116.000000 121.000000 125.000000
-12.232000 -18.507000 2.181000 115.000000 123.000000 126.000000
-12.220000 -18.676000 2.149000 117.000000 121.000000 133.000000
-12.226000 -18.669000 2.153000 115.000000 121.000000 133.000000
-12.242000 -18.593000 2.174000 113.000000 118.000000 122.000000
-12.212000 -18.373000 2.188000 138.000000 143.000000 147.000000
-12.226000 -18.489000 2.180000 137.000000 145.000000 148.000000
-12.221000 -18.569000 2.165000 109.000000 118.000000 125.000000
-12.220000 -18.519000 2.172000 120.000000 125.000000 131.000000
-12.239000 -18.650000 2.164000 110.000000 120.000000 132.000000
-12.213000 -18.500000 2.170000 121.000000 124.000000 129.000000
-12.217000 -18.443000 2.181000 113.000000 120.000000 130.000000
-12.223000 -18.634000 2.157000 115.000000 122.000000 130.000000
-12.215000 -18.557000 2.163000 114.000000 117.000000 124.000000
-12.214000 -18.582000 2.159000 110.000000 119.000000 124.000000
-12.232000 -18.527000 2.178000 112.000000 120.000000 122.000000
-12.215000 -18.574000 2.160000 109.000000 118.000000 123.000000
-12.223000 -18.538000 2.171000 113.000000 121.000000 124.000000
-12.232000 -18.565000 2.172000 108.000000 119.000000 123.000000
-12.218000 -18.690000 2.145000 119.000000 122.000000 131.000000
-12.213000 -18.588000 2.157000 111.000000 119.000000 122.000000
-12.221000 -18.667000 2.151000 118.000000 122.000000 134.000000
-12.218000 -18.701000 2.144000 117.000000 121.000000 132.000000
-12.238000 -18.629000 2.167000 112.000000 122.000000 124.000000
-12.225000 -18.456000 2.184000 138.000000 145.000000 153.000000
-12.231000 -18.582000 2.169000 111.000000 121.000000 123.000000
-12.219000 -18.382000 2.191000 159.000000 166.000000 176.000000
-12.219000 -18.412000 2.187000 137.000000 144.000000 152.000000
-12.236000 -18.655000 2.162000 107.000000 117.000000 129.000000
-12.219000 -18.393000 2.190000 158.000000 165.000000 173.000000
-12.230000 -18.652000 2.159000 114.000000 121.000000 129.000000
-12.221000 -18.578000 2.164000 110.000000 119.000000 126.000000
-12.221000 -18.518000 2.172000 112.000000 119.000000 125.000000
-12.232000 -18.581000 2.170000 111.000000 121.000000 123.000000
-12.215000 -18.360000 2.192000 164.000000 171.000000 179.000000
-12.230000 -18.562000 2.172000 108.000000 119.000000 123.000000
-12.213000 -18.522000 2.167000 121.000000 124.000000 129.000000
-12.222000 -18.626000 2.158000 115.000000 122.000000 128.000000
-12.225000 -18.639000 2.157000 117.000000 122.000000 128.000000
-12.221000 -18.602000 2.160000 110.000000 119.000000 126.000000
-12.219000 -18.497000 2.174000 116.000000 123.000000 129.000000
-12.219000 -18.590000 2.161000 111.000000 118.000000 126.000000
-12.214000 -18.373000 2.190000 148.000000 155.000000 161.000000
-12.237000 -18.533000 2.178000 109.000000 120.000000 126.000000
-12.228000 -18.365000 2.178000 103.000000 111.000000 122.000000
-12.241000 -18.540000 2.171000 109.000000 118.000000 123.000000
-12.237000 -18.529000 2.178000 110.000000 119.000000 126.000000
-12.241000 -18.539000 2.172000 109.000000 118.000000 123.000000
-12.223000 -18.375000 2.187000 98.000000 111.000000 120.000000
-12.233000 -18.443000 2.176000 107.000000 111.000000 114.000000
-12.226000 -18.374000 2.182000 98.000000 111.000000 120.000000
-12.245000 -18.589000 2.170000 114.000000 117.000000 124.000000
-12.228000 -18.444000 2.184000 110.000000 115.000000 119.000000
-12.220000 -18.374000 2.191000 95.000000 108.000000 116.000000
-12.235000 -18.405000 2.170000 106.000000 115.000000 122.000000
-12.226000 -18.344000 2.178000 104.000000 109.000000 113.000000
-12.230000 -18.457000 2.182000 111.000000 118.000000 124.000000
-12.223000 -18.333000 2.183000 111.000000 116.000000 122.000000
-12.223000 -18.334000 2.183000 111.000000 116.000000 122.000000
-12.220000 -18.349000 2.190000 105.000000 114.000000 119.000000
-12.226000 -18.433000 2.188000 105.000000 115.000000 117.000000
-12.230000 -18.437000 2.181000 112.000000 117.000000 121.000000
-12.241000 -18.524000 2.170000 111.000000 118.000000 124.000000
-12.233000 -18.413000 2.174000 105.000000 113.000000 116.000000
-12.214000 -18.318000 2.196000 131.000000 132.000000 136.000000
-12.229000 -18.366000 2.176000 103.000000 111.000000 122.000000
-12.241000 -18.576000 2.176000 114.000000 119.000000 125.000000
-12.214000 -18.316000 2.196000 83.000000 86.000000 91.000000
-12.242000 -18.574000 2.174000 113.000000 118.000000 124.000000
-12.217000 -18.325000 2.193000 46.000000 50.000000 59.000000
-12.239000 -18.545000 2.176000 110.000000 119.000000 126.000000
-12.238000 -18.543000 2.177000 108.000000 119.000000 125.000000
-12.241000 -18.499000 2.168000 113.000000 118.000000 122.000000
-12.227000 -18.392000 2.182000 101.000000 111.000000 120.000000
-12.238000 -18.447000 2.168000 116.000000 120.000000 123.000000
-12.240000 -18.533000 2.172000 110.000000 119.000000 124.000000
-12.231000 -18.423000 2.177000 108.000000 113.000000 116.000000
-12.239000 -18.559000 2.176000 109.000000 118.000000 125.000000
-12.237000 -18.390000 2.165000 104.000000 113.000000 120.000000
-12.233000 -18.447000 2.177000 106.000000 110.000000 113.000000
-12.222000 -18.331000 2.184000 106.000000 111.000000 117.000000
-12.229000 -18.398000 2.178000 102.000000 112.000000 121.000000
-12.241000 -18.533000 2.171000 110.000000 119.000000 124.000000
-12.225000 -18.408000 2.186000 104.000000 114.000000 123.000000
-12.222000 -18.358000 2.187000 103.000000 112.000000 121.000000
-12.225000 -18.420000 2.187000 103.000000 112.000000 117.000000
-12.233000 -18.503000 2.182000 112.000000 121.000000 128.000000
-12.225000 -18.372000 2.184000 100.000000 110.000000 120.000000
-12.231000 -18.473000 2.182000 110.000000 119.000000 124.000000
-12.237000 -18.428000 2.169000 110.000000 114.000000 115.000000
-12.240000 -18.515000 2.171000 111.000000 118.000000 124.000000
-12.237000 -18.424000 2.168000 113.000000 114.000000 118.000000
-12.222000 -18.369000 2.188000 98.000000 108.000000 117.000000
-12.220000 -18.338000 2.188000 109.000000 116.000000 124.000000
-12.239000 -18.564000 2.177000 111.000000 118.000000 126.000000
-12.226000 -18.344000 2.179000 104.000000 109.000000 113.000000
-12.236000 -18.483000 2.174000 111.000000 119.000000 122.000000
-12.224000 -18.337000 2.182000 111.000000 116.000000 122.000000
