-14.141000 -20.714000 0.072000 56.000000 67.000000 149.000000
-14.146000 -20.722000 0.133000 54.000000 80.000000 253.000000
-14.099000 -20.793000 0.040000 107.000000 99.000000 88.000000
-14.141000 -20.719000 0.094000 55.000000 75.000000 188.000000
-14.134000 -20.715000 0.031000 41.000000 46.000000 88.000000
-14.125000 -20.762000 0.119000 40.000000 66.000000 203.000000
-14.094000 -20.801000 0.036000 130.000000 116.000000 89.000000
-14.128000 -20.742000 0.076000 57.000000 69.000000 187.000000
-14.098000 -20.806000 0.080000 42.000000 69.000000 236.000000
-14.115000 -20.756000 0.029000 92.000000 92.000000 128.000000
-14.116000 -20.756000 0.037000 62.000000 71.000000 138.000000
-14.123000 -20.755000 0.080000 49.000000 65.000000 200.000000
-14.092000 -20.816000 0.068000 76.000000 78.000000 127.000000
-14.108000 -20.785000 0.078000 50.000000 75.000000 220.000000
-14.140000 -20.732000 0.126000 50.000000 76.000000 247.000000
-14.111000 -20.788000 0.106000 41.000000 67.000000 206.000000
-14.145000 -20.718000 0.117000 55.000000 79.000000 239.000000
-14.137000 -20.716000 0.054000 51.000000 54.000000 121.000000
-14.091000 -20.810000 0.044000 137.000000 122.000000 103.000000
-14.136000 -20.727000 0.084000 59.000000 77.000000 177.000000
-14.143000 -20.701000 0.045000 27.000000 36.000000 69.000000
-14.122000 -20.747000 0.055000 49.000000 73.000000 181.000000
-14.106000 -20.789000 0.077000 42.000000 65.000000 221.000000
-14.145000 -20.711000 0.092000 55.000000 74.000000 177.000000
-14.108000 -20.780000 0.062000 46.000000 69.000000 209.000000
-14.124000 -20.753000 0.082000 53.000000 67.000000 198.000000
-14.151000 -20.684000 0.048000 40.000000 37.000000 56.000000
-14.133000 -20.720000 0.040000 50.000000 56.000000 114.000000
-14.135000 -20.711000 0.025000 37.000000 40.000000 75.000000
-14.108000 -20.785000 0.078000 50.000000 74.000000 222.000000
-14.111000 -20.775000 0.067000 50.000000 77.000000 216.000000
-14.115000 -20.779000 0.108000 47.000000 66.000000 205.000000
-14.111000 -20.780000 0.080000 47.000000 72.000000 214.000000
-14.128000 -20.726000 0.024000 37.000000 44.000000 98.000000
-14.096000 -20.805000 0.059000 75.000000 78.000000 109.000000
-14.121000 -20.751000 0.060000 53.000000 76.000000 192.000000
-14.136000 -20.717000 0.049000 52.000000 56.000000 119.000000
-14.100000 -20.791000 0.041000 100.000000 92.000000 90.000000
-14.115000 -20.774000 0.093000 44.000000 69.000000 211.000000
-14.101000 -20.803000 0.092000 44.000000 69.000000 234.000000
-14.145000 -20.715000 0.106000 57.000000 76.000000 214.000000
-14.104000 -20.792000 0.071000 44.000000 66.000000 214.000000
-14.122000 -20.765000 0.109000 41.000000 64.000000 196.000000
-14.148000 -20.709000 0.106000 58.000000 76.000000 210.000000
-14.110000 -20.790000 0.106000 41.000000 66.000000 208.000000
-14.115000 -20.768000 0.073000 50.000000 74.000000 206.000000
-14.143000 -20.715000 0.088000 51.000000 70.000000 173.000000
-14.092000 -20.819000 0.073000 42.000000 53.000000 132.000000
-14.133000 -20.737000 0.092000 50.000000 71.000000 188.000000
-14.103000 -20.791000 0.060000 62.000000 75.000000 189.000000
-14.120000 -20.772000 0.118000 39.000000 63.000000 199.000000
-14.143000 -20.702000 0.047000 29.000000 37.000000 74.000000
-14.097000 -20.803000 0.063000 62.000000 71.000000 140.000000
-14.111000 -20.783000 0.090000 42.000000 68.000000 213.000000
-14.135000 -20.719000 0.049000 52.000000 56.000000 119.000000
-14.094000 -20.819000 0.093000 44.000000 71.000000 250.000000
-14.118000 -20.773000 0.103000 44.000000 66.000000 203.000000
-14.113000 -20.759000 0.028000 69.000000 64.000000 84.000000
-14.088000 -20.828000 0.083000 46.000000 60.000000 195.000000
-14.127000 -20.731000 0.038000 54.000000 65.000000 144.000000
-14.124000 -20.750000 0.074000 52.000000 66.000000 189.000000
-14.119000 -20.750000 0.038000 44.000000 60.000000 135.000000
-14.151000 -20.690000 0.065000 36.000000 38.000000 86.000000
-14.146000 -20.721000 0.130000 54.000000 80.000000 253.000000
-14.119000 -20.760000 0.076000 51.000000 69.000000 205.000000
-14.140000 -20.722000 0.096000 55.000000 76.000000 195.000000
-14.132000 -20.742000 0.105000 48.000000 71.000000 201.000000
-14.116000 -20.757000 0.039000 62.000000 71.000000 138.000000
-14.143000 -20.705000 0.057000 43.000000 48.000000 103.000000
-14.103000 -20.801000 0.094000 43.000000 69.000000 228.000000
-14.134000 -20.737000 0.103000 49.000000 70.000000 198.000000
-14.096000 -20.803000 0.050000 120.000000 115.000000 111.000000
-14.127000 -20.734000 0.045000 53.000000 69.000000 156.000000
-14.146000 -20.688000 0.023000 58.000000 53.000000 57.000000
-14.124000 -20.744000 0.058000 52.000000 74.000000 185.000000
-14.094000 -20.813000 0.074000 50.000000 62.000000 182.000000
-14.104000 -20.797000 0.090000 45.000000 70.000000 224.000000
-14.117000 -20.775000 0.108000 44.000000 66.000000 203.000000
-14.128000 -20.754000 0.112000 39.000000 66.000000 199.000000
-14.125000 -20.746000 0.070000 55.000000 67.000000 187.000000
-14.134000 -20.740000 0.113000 46.000000 70.000000 218.000000
-14.127000 -20.734000 0.042000 48.000000 65.000000 147.000000
-14.144000 -20.702000 0.052000 32.000000 39.000000 81.000000
-14.104000 -20.796000 0.082000 45.000000 70.000000 232.000000
-14.109000 -20.774000 0.050000 59.000000 67.000000 152.000000
-14.151000 -20.678000 0.029000 67.000000 65.000000 68.000000
-14.113000 -20.786000 0.115000 45.000000 64.000000 203.000000
-14.118000 -20.758000 0.058000 54.000000 80.000000 199.000000
-14.124000 -20.742000 0.050000 58.000000 77.000000 180.000000
-14.142000 -20.726000 0.120000 53.000000 77.000000 245.000000
-14.122000 -20.743000 0.041000 55.000000 69.000000 168.000000
-14.133000 -20.749000 0.129000 45.000000 70.000000 233.000000
-14.131000 -20.735000 0.072000 56.000000 71.000000 174.000000
-14.110000 -20.784000 0.085000 49.000000 73.000000 223.000000
-14.127000 -20.729000 0.025000 42.000000 49.000000 103.000000
-14.127000 -20.729000 0.029000 39.000000 47.000000 109.000000
-14.125000 -20.761000 0.117000 40.000000 66.000000 203.000000
-14.120000 -20.774000 0.121000 40.000000 64.000000 200.000000
-14.143000 -20.699000 0.038000 35.000000 35.000000 61.000000
-14.133000 -20.730000 0.069000 57.000000 70.000000 164.000000
-14.151000 -20.677000 0.023000 56.000000 55.000000 50.000000
-14.133000 -20.720000 0.039000 50.000000 56.000000 114.000000
-14.114000 -20.759000 0.035000 67.000000 69.000000 126.000000
-14.103000 -20.795000 0.077000 45.000000 70.000000 225.000000
-14.094000 -20.803000 0.038000 126.000000 112.000000 85.000000
-14.105000 -20.787000 0.062000 60.000000 74.000000 196.000000
-14.123000 -20.750000 0.071000 51.000000 65.000000 188.000000
-14.097000 -20.806000 0.067000 46.000000 59.000000 164.000000
-14.143000 -20.716000 0.093000 57.000000 78.000000 187.000000
-14.107000 -20.793000 0.094000 44.000000 70.000000 219.000000
-14.146000 -20.715000 0.114000 56.000000 79.000000 234.000000
-14.139000 -20.732000 0.115000 51.000000 76.000000 230.000000
-14.107000 -20.772000 0.028000 117.000000 103.000000 94.000000
-14.093000 -20.800000 0.024000 106.000000 92.000000 63.000000
-14.105000 -20.789000 0.067000 56.000000 76.000000 223.000000
-14.147000 -20.702000 0.081000 54.000000 64.000000 153.000000
-14.146000 -20.706000 0.079000 55.000000 65.000000 152.000000
-14.106000 -20.798000 0.105000 42.000000 68.000000 215.000000
-14.096000 -20.812000 0.081000 45.000000 68.000000 226.000000
-14.140000 -20.730000 0.121000 52.000000 77.000000 242.000000
-14.119000 -20.763000 0.082000 50.000000 69.000000 210.000000
-14.118000 -20.774000 0.109000 44.000000 66.000000 203.000000
-14.090000 -20.818000 0.060000 112.000000 104.000000 83.000000
-14.137000 -20.736000 0.117000 46.000000 71.000000 226.000000
-14.149000 -20.703000 0.092000 53.000000 71.000000 173.000000
-14.104000 -20.785000 0.051000 57.000000 56.000000 96.000000
-14.125000 -20.734000 0.029000 56.000000 66.000000 128.000000
-14.144000 -20.702000 0.053000 36.000000 43.000000 89.000000
-14.093000 -20.804000 0.034000 111.000000 97.000000 70.000000
-14.102000 -20.791000 0.054000 73.000000 75.000000 126.000000
-14.095000 -20.821000 0.100000 41.000000 68.000000 247.000000
-14.111000 -20.785000 0.100000 43.000000 65.000000 210.000000
-14.146000 -20.698000 0.057000 39.000000 40.000000 88.000000
-14.111000 -20.806000 0.101000 37.000000 63.000000 234.000000
-14.122000 -20.805000 0.083000 47.000000 64.000000 232.000000
-14.120000 -20.840000 0.043000 83.000000 95.000000 193.000000
-14.139000 -20.786000 0.075000 40.000000 62.000000 207.000000
-14.103000 -20.823000 0.094000 45.000000 70.000000 248.000000
-14.126000 -20.842000 0.030000 85.000000 90.000000 94.000000
-14.138000 -20.753000 0.118000 42.000000 71.000000 227.000000
-14.131000 -20.756000 0.127000 45.000000 70.000000 233.000000
-14.123000 -20.845000 0.031000 96.000000 87.000000 78.000000
-14.116000 -20.787000 0.114000 44.000000 61.000000 193.000000
-14.122000 -20.800000 0.089000 35.000000 66.000000 218.000000
-14.131000 -20.804000 0.068000 46.000000 73.000000 248.000000
-14.106000 -20.828000 0.082000 50.000000 75.000000 253.000000
-14.128000 -20.842000 0.026000 88.000000 91.000000 84.000000
-14.144000 -20.733000 0.132000 48.000000 72.000000 243.000000
-14.108000 -20.845000 0.058000 80.000000 96.000000 147.000000
-14.129000 -20.837000 0.030000 73.000000 90.000000 182.000000
-14.124000 -20.848000 0.025000 137.000000 125.000000 111.000000
-14.103000 -20.842000 0.071000 61.000000 89.000000 248.000000
-14.120000 -20.785000 0.111000 39.000000 61.000000 206.000000
-14.121000 -20.778000 0.118000 45.000000 62.000000 192.000000
-14.116000 -20.809000 0.088000 42.000000 70.000000 242.000000
-14.110000 -20.819000 0.086000 43.000000 74.000000 253.000000
-14.108000 -20.816000 0.094000 45.000000 69.000000 240.000000
-14.106000 -20.804000 0.112000 37.000000 62.000000 224.000000
-14.126000 -20.811000 0.067000 42.000000 77.000000 255.000000
-14.112000 -20.835000 0.063000 46.000000 84.000000 247.000000
-14.111000 -20.813000 0.092000 37.000000 72.000000 250.000000
-14.135000 -20.807000 0.058000 44.000000 77.000000 250.000000
-14.108000 -20.814000 0.095000 46.000000 68.000000 239.000000
-14.101000 -20.812000 0.111000 35.000000 67.000000 227.000000
-14.127000 -20.767000 0.121000 43.000000 67.000000 201.000000
-14.114000 -20.802000 0.100000 35.000000 64.000000 200.000000
-14.110000 -20.828000 0.076000 51.000000 77.000000 252.000000
-14.132000 -20.801000 0.070000 42.000000 69.000000 244.000000
-14.132000 -20.821000 0.045000 60.000000 76.000000 255.000000
-14.119000 -20.797000 0.098000 34.000000 64.000000 210.000000
-14.134000 -20.805000 0.062000 44.000000 75.000000 251.000000
-14.099000 -20.824000 0.099000 41.000000 71.000000 255.000000
-14.131000 -20.818000 0.051000 56.000000 77.000000 255.000000
-14.111000 -20.845000 0.052000 97.000000 110.000000 145.000000
-14.136000 -20.802000 0.061000 45.000000 71.000000 254.000000
-14.132000 -20.807000 0.062000 44.000000 75.000000 251.000000
-14.125000 -20.829000 0.048000 44.000000 82.000000 251.000000
-14.101000 -20.824000 0.096000 45.000000 75.000000 255.000000
-14.124000 -20.798000 0.088000 37.000000 66.000000 220.000000
-14.119000 -20.800000 0.093000 35.000000 65.000000 215.000000
-14.119000 -20.817000 0.073000 47.000000 80.000000 255.000000
-14.122000 -20.846000 0.032000 140.000000 130.000000 118.000000
-14.136000 -20.781000 0.086000 40.000000 59.000000 198.000000
-14.105000 -20.826000 0.087000 54.000000 77.000000 255.000000
-14.121000 -20.785000 0.108000 40.000000 61.000000 204.000000
-14.123000 -20.845000 0.031000 96.000000 87.000000 78.000000
-14.100000 -20.818000 0.106000 47.000000 70.000000 228.000000
-14.135000 -20.746000 0.132000 41.000000 72.000000 248.000000
-14.125000 -20.802000 0.082000 38.000000 67.000000 229.000000
-14.118000 -20.824000 0.066000 54.000000 80.000000 251.000000
-14.121000 -20.832000 0.051000 43.000000 85.000000 245.000000
-14.130000 -20.825000 0.043000 51.000000 88.000000 238.000000
-14.121000 -20.802000 0.086000 37.000000 67.000000 223.000000
-14.121000 -20.847000 0.032000 121.000000 111.000000 101.000000
-14.107000 -20.815000 0.098000 42.000000 69.000000 244.000000
-14.131000 -20.834000 0.031000 69.000000 99.000000 249.000000
-14.111000 -20.803000 0.103000 34.000000 61.000000 226.000000
-14.132000 -20.751000 0.131000 41.000000 72.000000 241.000000
-14.115000 -20.843000 0.048000 66.000000 89.000000 191.000000
-14.099000 -20.840000 0.080000 52.000000 85.000000 248.000000
-14.126000 -20.781000 0.104000 44.000000 62.000000 200.000000
-14.107000 -20.808000 0.105000 39.000000 63.000000 215.000000
-14.124000 -20.783000 0.106000 44.000000 61.000000 191.000000
-14.101000 -20.842000 0.073000 58.000000 88.000000 248.000000
-14.132000 -20.754000 0.127000 44.000000 71.000000 238.000000
-14.134000 -20.818000 0.044000 55.000000 77.000000 255.000000
-14.412000 -20.742000 0.329000 61.000000 50.000000 28.000000
-14.427000 -20.744000 0.342000 73.000000 51.000000 12.000000
-14.426000 -20.766000 0.269000 44.000000 41.000000 34.000000
-14.403000 -20.750000 0.290000 28.000000 29.000000 31.000000
-14.421000 -20.757000 0.293000 134.000000 113.000000 68.000000
-14.416000 -20.759000 0.278000 28.000000 27.000000 22.000000
-14.428000 -20.743000 0.348000 70.000000 51.000000 21.000000
-14.409000 -20.756000 0.277000 42.000000 44.000000 43.000000
-14.428000 -20.764000 0.278000 89.000000 70.000000 40.000000
-14.408000 -20.754000 0.283000 35.000000 36.000000 38.000000
-14.401000 -20.746000 0.300000 60.000000 50.000000 38.000000
-14.417000 -20.746000 0.323000 59.000000 46.000000 14.000000
-14.394000 -20.746000 0.290000 27.000000 28.000000 30.000000
-14.401000 -20.742000 0.314000 56.000000 44.000000 28.000000
-14.412000 -20.749000 0.306000 65.000000 49.000000 16.000000
-14.408000 -20.743000 0.319000 60.000000 44.000000 28.000000
-14.424000 -20.755000 0.304000 121.000000 96.000000 56.000000
-14.417000 -20.754000 0.298000 71.000000 53.000000 15.000000
-14.425000 -20.760000 0.286000 146.000000 127.000000 85.000000
-14.404000 -20.748000 0.298000 46.000000 36.000000 27.000000
-14.428000 -20.764000 0.279000 127.000000 107.000000 70.000000
-14.426000 -20.744000 0.341000 66.000000 46.000000 9.000000
-14.433000 -20.741000 0.360000 72.000000 44.000000 7.000000
-14.414000 -20.748000 0.313000 64.000000 46.000000 22.000000
-14.433000 -20.759000 0.300000 161.000000 129.000000 78.000000
-14.421000 -20.763000 0.272000 37.000000 34.000000 27.000000
-14.423000 -20.753000 0.309000 94.000000 70.000000 36.000000
-14.429000 -20.761000 0.290000 146.000000 120.000000 61.000000
-14.322000 -20.726000 0.287000 15.000000 25.000000 35.000000
-14.293000 -20.704000 0.267000 112.000000 123.000000 155.000000
-14.390000 -20.714000 0.261000 16.000000 18.000000 15.000000
-14.421000 -20.709000 0.250000 14.000000 15.000000 17.000000
-14.332000 -20.713000 0.271000 16.000000 16.000000 24.000000
-14.282000 -20.715000 0.282000 112.000000 123.000000 153.000000
-14.406000 -20.719000 0.264000 18.000000 20.000000 19.000000
-14.334000 -20.727000 0.286000 9.000000 20.000000 24.000000
-14.315000 -20.726000 0.288000 13.000000 15.000000 27.000000
-14.414000 -20.702000 0.243000 14.000000 16.000000 15.000000
-14.271000 -20.710000 0.278000 125.000000 137.000000 177.000000
-14.397000 -20.719000 0.266000 17.000000 17.000000 15.000000
-14.368000 -20.704000 0.253000 18.000000 19.000000 23.000000
-14.378000 -20.712000 0.262000 16.000000 18.000000 17.000000
-14.295000 -20.708000 0.272000 98.000000 104.000000 136.000000
-14.372000 -20.706000 0.256000 18.000000 19.000000 23.000000
-14.333000 -20.720000 0.279000 26.000000 26.000000 34.000000
-14.374000 -20.733000 0.286000 17.000000 18.000000 20.000000
-14.275000 -20.715000 0.283000 122.000000 134.000000 172.000000
-14.313000 -20.717000 0.279000 15.000000 12.000000 29.000000
-14.356000 -20.717000 0.270000 18.000000 19.000000 21.000000
-14.350000 -20.722000 0.277000 18.000000 19.000000 21.000000
-14.378000 -20.726000 0.277000 16.000000 18.000000 15.000000
-14.350000 -20.702000 0.255000 20.000000 20.000000 30.000000
-14.276000 -20.712000 0.279000 131.000000 143.000000 181.000000
-14.374000 -20.714000 0.263000 15.000000 17.000000 16.000000
-14.369000 -20.714000 0.265000 15.000000 16.000000 18.000000
-14.366000 -20.720000 0.272000 14.000000 16.000000 15.000000
-14.305000 -20.706000 0.268000 56.000000 58.000000 83.000000
-14.306000 -20.705000 0.266000 69.000000 70.000000 98.000000
-14.393000 -20.719000 0.266000 15.000000 17.000000 14.000000
-14.391000 -20.725000 0.274000 15.000000 17.000000 14.000000
-14.349000 -20.726000 0.282000 18.000000 16.000000 21.000000
-14.412000 -20.699000 0.240000 15.000000 17.000000 16.000000
-14.401000 -20.709000 0.254000 14.000000 18.000000 17.000000
-14.390000 -20.728000 0.277000 15.000000 17.000000 14.000000
-14.395000 -20.704000 0.249000 15.000000 19.000000 18.000000
-14.355000 -20.715000 0.269000 18.000000 19.000000 23.000000
-14.431000 -20.699000 0.237000 20.000000 16.000000 17.000000
-14.392000 -20.719000 0.267000 15.000000 17.000000 14.000000
-14.395000 -20.710000 0.256000 16.000000 18.000000 15.000000
-14.265000 -20.716000 0.286000 120.000000 131.000000 176.000000
-14.398000 -20.729000 0.277000 18.000000 18.000000 18.000000
-14.382000 -20.713000 0.262000 17.000000 19.000000 16.000000
-14.357000 -20.732000 0.288000 14.000000 20.000000 18.000000
-14.388000 -20.724000 0.273000 15.000000 17.000000 14.000000
-14.313000 -20.702000 0.262000 36.000000 38.000000 61.000000
-14.220000 -20.705000 0.281000 151.000000 159.000000 198.000000
-14.383000 -20.734000 0.285000 13.000000 17.000000 20.000000
-14.363000 -20.731000 0.285000 11.000000 20.000000 15.000000
-14.363000 -20.735000 0.290000 17.000000 19.000000 8.000000
-14.287000 -20.720000 0.287000 117.000000 126.000000 155.000000
-14.355000 -20.735000 0.292000 17.000000 17.000000 9.000000
-14.351000 -20.703000 0.255000 20.000000 20.000000 30.000000
-14.308000 -20.717000 0.280000 14.000000 13.000000 29.000000
-14.403000 -20.703000 0.246000 14.000000 18.000000 17.000000
-14.374000 -20.702000 0.250000 19.000000 20.000000 22.000000
-14.264000 -20.705000 0.274000 92.000000 102.000000 138.000000
-14.391000 -20.706000 0.251000 15.000000 17.000000 14.000000
-14.262000 -20.715000 0.285000 107.000000 116.000000 159.000000
-14.333000 -20.717000 0.274000 26.000000 26.000000 34.000000
-14.299000 -20.716000 0.280000 39.000000 40.000000 60.000000
-14.388000 -20.714000 0.262000 16.000000 18.000000 15.000000
-14.286000 -20.705000 0.270000 123.000000 133.000000 169.000000
-14.267000 -20.709000 0.278000 113.000000 125.000000 165.000000
-14.321000 -20.703000 0.261000 15.000000 16.000000 34.000000
-14.332000 -20.711000 0.268000 15.000000 15.000000 23.000000
-14.299000 -20.716000 0.280000 39.000000 40.000000 60.000000
-14.396000 -20.709000 0.254000 14.000000 19.000000 15.000000
-14.362000 -20.733000 0.288000 14.000000 20.000000 16.000000
-14.292000 -20.716000 0.282000 100.000000 105.000000 134.000000
-14.326000 -20.711000 0.270000 17.000000 15.000000 26.000000
-14.347000 -20.706000 0.259000 22.000000 22.000000 30.000000
-14.327000 -20.721000 0.281000 25.000000 22.000000 31.000000
-14.464000 -20.708000 0.276000 64.000000 53.000000 31.000000
-14.446000 -20.701000 0.244000 40.000000 35.000000 31.000000
-14.462000 -20.709000 0.285000 61.000000 51.000000 26.000000
-14.463000 -20.709000 0.284000 61.000000 51.000000 26.000000
-14.471000 -20.704000 0.249000 63.000000 49.000000 36.000000
-14.471000 -20.703000 0.247000 64.000000 50.000000 37.000000
-14.459000 -20.707000 0.271000 61.000000 50.000000 28.000000
-14.472000 -20.704000 0.251000 64.000000 50.000000 37.000000
-14.423000 -20.717000 0.268000 26.000000 25.000000 21.000000
-14.433000 -20.701000 0.242000 13.000000 13.000000 15.000000
-14.435000 -20.721000 0.289000 55.000000 48.000000 30.000000
-14.432000 -20.700000 0.238000 13.000000 13.000000 13.000000
-14.435000 -20.718000 0.284000 63.000000 46.000000 28.000000
-14.426000 -20.712000 0.260000 32.000000 34.000000 33.000000
-14.451000 -20.710000 0.278000 58.000000 46.000000 24.000000
-14.418000 -20.719000 0.269000 28.000000 28.000000 26.000000
-14.436000 -20.708000 0.260000 44.000000 44.000000 42.000000
-14.453000 -20.712000 0.287000 64.000000 52.000000 26.000000
-14.427000 -20.713000 0.265000 36.000000 33.000000 28.000000
-14.428000 -20.719000 0.279000 58.000000 48.000000 38.000000
-14.412000 -20.720000 0.266000 16.000000 18.000000 17.000000
-14.393000 -20.739000 0.291000 25.000000 27.000000 22.000000
-14.413000 -20.720000 0.267000 16.000000 18.000000 17.000000
-14.442000 -20.714000 0.281000 61.000000 44.000000 26.000000
-14.415000 -20.729000 0.290000 58.000000 50.000000 39.000000
-14.445000 -20.712000 0.279000 58.000000 45.000000 26.000000
-14.445000 -20.714000 0.283000 54.000000 41.000000 24.000000
-14.428000 -20.724000 0.291000 61.000000 50.000000 28.000000
-14.434000 -20.716000 0.276000 61.000000 47.000000 34.000000
-14.418000 -20.721000 0.274000 30.000000 30.000000 28.000000
-14.437000 -20.721000 0.291000 56.000000 46.000000 21.000000
-14.450000 -20.713000 0.285000 63.000000 51.000000 27.000000
-14.429000 -20.714000 0.268000 47.000000 42.000000 36.000000
-14.431000 -20.718000 0.279000 60.000000 48.000000 36.000000
-14.436000 -20.706000 0.257000 33.000000 33.000000 33.000000
-14.269000 -20.866000 0.067000 75.000000 84.000000 187.000000
-14.269000 -20.867000 0.079000 76.000000 88.000000 200.000000
-14.206000 -20.864000 0.053000 81.000000 89.000000 172.000000
-14.176000 -20.862000 0.040000 91.000000 97.000000 147.000000
-14.311000 -20.873000 0.136000 54.000000 46.000000 67.000000
-14.266000 -20.863000 0.042000 74.000000 77.000000 118.000000
-14.311000 -20.870000 0.106000 73.000000 72.000000 103.000000
-14.283000 -20.864000 0.046000 49.000000 49.000000 101.000000
-14.199000 -20.861000 0.027000 98.000000 95.000000 124.000000
-14.271000 -20.869000 0.096000 71.000000 82.000000 198.000000
-14.212000 -20.867000 0.079000 71.000000 91.000000 224.000000
-14.280000 -20.863000 0.044000 42.000000 43.000000 91.000000
-14.285000 -20.869000 0.097000 79.000000 85.000000 171.000000
-14.200000 -20.862000 0.032000 73.000000 74.000000 118.000000
-14.298000 -20.866000 0.071000 74.000000 80.000000 142.000000
-14.311000 -20.872000 0.131000 64.000000 59.000000 81.000000
-14.299000 -20.876000 0.164000 59.000000 66.000000 112.000000
-14.193000 -20.861000 0.028000 98.000000 100.000000 125.000000
-14.300000 -20.865000 0.064000 78.000000 79.000000 133.000000
-14.241000 -20.868000 0.087000 67.000000 85.000000 213.000000
-14.275000 -20.870000 0.113000 76.000000 84.000000 183.000000
-14.296000 -20.867000 0.077000 75.000000 80.000000 146.000000
-14.255000 -20.862000 0.032000 79.000000 80.000000 111.000000
-14.281000 -20.870000 0.104000 76.000000 83.000000 174.000000
-14.305000 -20.879000 0.200000 68.000000 67.000000 111.000000
-14.193000 -20.866000 0.070000 79.000000 92.000000 204.000000
-14.314000 -20.870000 0.109000 69.000000 69.000000 93.000000
-14.242000 -20.868000 0.091000 64.000000 81.000000 211.000000
-14.303000 -20.871000 0.113000 66.000000 70.000000 118.000000
-14.275000 -20.863000 0.041000 69.000000 72.000000 107.000000
-14.179000 -20.863000 0.049000 74.000000 82.000000 147.000000
-14.269000 -20.875000 0.161000 60.000000 75.000000 166.000000
-14.315000 -20.881000 0.213000 71.000000 67.000000 81.000000
-14.298000 -20.879000 0.192000 58.000000 56.000000 103.000000
-14.280000 -20.876000 0.171000 72.000000 79.000000 157.000000
-14.285000 -20.876000 0.165000 77.000000 84.000000 156.000000
-14.305000 -20.864000 0.053000 68.000000 64.000000 101.000000
-14.300000 -20.870000 0.107000 70.000000 73.000000 128.000000
-14.281000 -20.873000 0.143000 72.000000 82.000000 167.000000
-14.243000 -20.866000 0.074000 73.000000 91.000000 199.000000
-14.249000 -20.871000 0.122000 64.000000 80.000000 215.000000
-14.309000 -20.863000 0.037000 71.000000 64.000000 98.000000
-14.296000 -20.879000 0.199000 76.000000 77.000000 131.000000
-14.323000 -20.882000 0.224000 73.000000 59.000000 72.000000
-14.299000 -20.877000 0.177000 59.000000 62.000000 113.000000
-14.214000 -20.862000 0.032000 67.000000 70.000000 111.000000
-14.242000 -20.866000 0.072000 72.000000 90.000000 192.000000
-14.233000 -20.866000 0.068000 80.000000 95.000000 198.000000
-14.217000 -20.862000 0.030000 67.000000 67.000000 103.000000
-14.306000 -20.867000 0.077000 79.000000 78.000000 122.000000
-14.218000 -20.868000 0.093000 63.000000 90.000000 231.000000
-14.220000 -20.867000 0.084000 67.000000 90.000000 222.000000
-14.253000 -20.867000 0.080000 79.000000 94.000000 213.000000
-14.224000 -20.866000 0.074000 72.000000 91.000000 209.000000
-14.233000 -20.870000 0.112000 60.000000 80.000000 231.000000
-14.293000 -20.879000 0.192000 65.000000 73.000000 136.000000
-14.316000 -20.872000 0.128000 91.000000 83.000000 98.000000
-14.317000 -20.875000 0.153000 65.000000 62.000000 73.000000
-14.303000 -20.876000 0.162000 65.000000 70.000000 110.000000
-14.191000 -20.861000 0.023000 95.000000 97.000000 118.000000
-14.303000 -20.869000 0.098000 59.000000 55.000000 106.000000
-14.310000 -20.873000 0.139000 60.000000 57.000000 78.000000
-14.228000 -20.866000 0.071000 75.000000 93.000000 203.000000
-14.302000 -20.867000 0.079000 73.000000 73.000000 127.000000
-14.274000 -20.869000 0.102000 77.000000 86.000000 191.000000
-14.220000 -20.861000 0.027000 74.000000 73.000000 104.000000
-14.285000 -20.867000 0.075000 80.000000 86.000000 170.000000
-14.306000 -20.880000 0.202000 64.000000 65.000000 109.000000
-14.221000 -20.866000 0.075000 74.000000 93.000000 213.000000
-14.300000 -20.865000 0.063000 78.000000 79.000000 133.000000
-14.190000 -20.866000 0.070000 80.000000 96.000000 209.000000
-14.158000 -20.862000 0.032000 64.000000 70.000000 122.000000
-14.270000 -20.868000 0.094000 71.000000 82.000000 198.000000
-14.226000 -20.870000 0.114000 58.000000 78.000000 237.000000
-14.272000 -20.866000 0.071000 78.000000 87.000000 190.000000
-14.208000 -20.866000 0.070000 75.000000 91.000000 213.000000
-14.205000 -20.866000 0.070000 84.000000 99.000000 218.000000
-14.255000 -20.862000 0.029000 84.000000 84.000000 110.000000
-14.307000 -20.871000 0.115000 64.000000 67.000000 108.000000
-14.286000 -20.867000 0.079000 88.000000 94.000000 180.000000
-14.200000 -20.866000 0.078000 79.000000 97.000000 231.000000
-14.180000 -20.863000 0.047000 74.000000 82.000000 147.000000
-14.267000 -20.866000 0.073000 78.000000 90.000000 200.000000
-14.282000 -20.875000 0.155000 74.000000 83.000000 162.000000
-14.174000 -20.861000 0.026000 88.000000 87.000000 119.000000
-14.231000 -20.866000 0.072000 75.000000 93.000000 201.000000
-14.245000 -20.871000 0.116000 60.000000 79.000000 218.000000
-14.275000 -20.862000 0.035000 89.000000 90.000000 121.000000
-14.276000 -20.875000 0.158000 69.000000 81.000000 167.000000
-14.317000 -20.879000 0.193000 77.000000 69.000000 92.000000
-14.316000 -20.874000 0.149000 75.000000 72.000000 83.000000
-14.291000 -20.866000 0.067000 76.000000 82.000000 156.000000
-14.323000 -20.881000 0.212000 87.000000 75.000000 77.000000
-14.171000 -20.862000 0.037000 115.000000 121.000000 173.000000
-14.305000 -20.878000 0.188000 57.000000 54.000000 97.000000
-14.291000 -20.876000 0.171000 75.000000 79.000000 143.000000
-14.236000 -20.865000 0.067000 82.000000 97.000000 192.000000
-14.276000 -20.870000 0.106000 76.000000 84.000000 185.000000
-14.282000 -20.874000 0.145000 70.000000 80.000000 165.000000
-14.206000 -20.868000 0.090000 70.000000 88.000000 234.000000
-14.189000 -20.865000 0.063000 84.000000 96.000000 196.000000
-14.285000 -20.863000 0.042000 47.000000 46.000000 80.000000
-14.287000 -20.876000 0.169000 74.000000 79.000000 147.000000
-14.215000 -20.863000 0.046000 75.000000 78.000000 147.000000
-14.234000 -20.863000 0.044000 49.000000 51.000000 112.000000
-14.257000 -20.862000 0.028000 81.000000 81.000000 107.000000
-14.252000 -20.869000 0.102000 63.000000 79.000000 216.000000
-14.247000 -20.864000 0.053000 66.000000 76.000000 145.000000
-14.313000 -20.874000 0.142000 60.000000 57.000000 78.000000
-14.303000 -20.878000 0.187000 57.000000 54.000000 99.000000
-14.301000 -20.876000 0.170000 69.000000 74.000000 116.000000
-14.294000 -20.864000 0.049000 58.000000 58.000000 118.000000
-14.281000 -20.876000 0.170000 72.000000 79.000000 157.000000
-14.316000 -20.875000 0.155000 65.000000 62.000000 73.000000
-14.294000 -20.874000 0.148000 71.000000 79.000000 141.000000
-14.242000 -20.869000 0.099000 66.000000 85.000000 226.000000
-14.319000 -20.877000 0.175000 70.000000 59.000000 75.000000
-14.308000 -20.865000 0.056000 82.000000 77.000000 107.000000
-14.218000 -20.866000 0.075000 71.000000 90.000000 211.000000
-14.216000 -20.862000 0.038000 75.000000 81.000000 133.000000
-14.245000 -20.866000 0.068000 75.000000 91.000000 189.000000
-14.214000 -20.864000 0.051000 76.000000 80.000000 154.000000
-14.269000 -20.863000 0.042000 69.000000 73.000000 111.000000
-14.228000 -20.866000 0.077000 72.000000 93.000000 212.000000
-14.180000 -20.864000 0.057000 81.000000 96.000000 191.000000
-14.293000 -20.867000 0.082000 76.000000 82.000000 160.000000
-14.247000 -20.871000 0.123000 64.000000 80.000000 215.000000
-14.296000 -20.871000 0.122000 65.000000 72.000000 126.000000
-14.274000 -20.867000 0.083000 82.000000 94.000000 196.000000
-14.211000 -20.861000 0.029000 77.000000 77.000000 113.000000
-14.228000 -20.861000 0.027000 91.000000 88.000000 117.000000
-14.192000 -20.863000 0.047000 58.000000 72.000000 145.000000
-14.268000 -20.864000 0.047000 58.000000 60.000000 108.000000
-14.273000 -20.864000 0.049000 66.000000 67.000000 123.000000
-14.256000 -20.861000 0.023000 88.000000 85.000000 102.000000
-14.305000 -20.871000 0.114000 69.000000 72.000000 113.000000
-14.266000 -20.865000 0.065000 79.000000 87.000000 185.000000
-14.255000 -20.866000 0.068000 76.000000 91.000000 186.000000
-14.257000 -20.867000 0.080000 75.000000 90.000000 209.000000
-14.203000 -20.865000 0.069000 87.000000 102.000000 221.000000
-14.262000 -20.875000 0.159000 48.000000 66.000000 166.000000
-14.215000 -20.866000 0.073000 75.000000 92.000000 210.000000
-14.223000 -20.866000 0.071000 75.000000 93.000000 205.000000
-14.264000 -20.870000 0.106000 66.000000 81.000000 200.000000
-14.305000 -20.865000 0.063000 74.000000 72.000000 111.000000
-14.291000 -20.874000 0.145000 72.000000 82.000000 144.000000
-14.182000 -20.863000 0.046000 72.000000 80.000000 143.000000
-14.213000 -20.868000 0.088000 65.000000 86.000000 229.000000
-14.300000 -20.876000 0.164000 59.000000 66.000000 112.000000
-14.264000 -20.871000 0.123000 67.000000 82.000000 197.000000
-14.298000 -20.866000 0.071000 74.000000 80.000000 142.000000
-14.299000 -20.870000 0.109000 65.000000 70.000000 125.000000
-14.220000 -20.863000 0.040000 74.000000 80.000000 132.000000
-14.246000 -20.864000 0.053000 69.000000 77.000000 149.000000
-14.237000 -20.870000 0.116000 63.000000 80.000000 230.000000
-14.283000 -20.865000 0.061000 74.000000 77.000000 156.000000
-14.190000 -20.862000 0.031000 87.000000 90.000000 123.000000
-14.304000 -20.874000 0.152000 65.000000 65.000000 99.000000
-14.309000 -20.880000 0.208000 86.000000 86.000000 120.000000
-14.256000 -20.863000 0.038000 59.000000 62.000000 103.000000
-14.293000 -20.878000 0.182000 64.000000 70.000000 130.000000
-14.203000 -20.864000 0.050000 76.000000 84.000000 159.000000
-14.180000 -20.861000 0.028000 84.000000 87.000000 120.000000
-14.268000 -20.876000 0.164000 56.000000 72.000000 160.000000
-14.258000 -20.868000 0.086000 72.000000 85.000000 213.000000
-14.230000 -20.863000 0.042000 71.000000 72.000000 120.000000
-14.294000 -20.861000 0.026000 105.000000 100.000000 120.000000
-14.288000 -20.861000 0.026000 104.000000 99.000000 119.000000
-14.280000 -20.861000 0.025000 89.000000 86.000000 105.000000
-14.324000 -20.861000 0.029000 84.000000 74.000000 82.000000
-14.290000 -20.862000 0.028000 102.000000 97.000000 119.000000
-14.316000 -20.860000 0.026000 99.000000 88.000000 118.000000
-14.218000 -20.868000 0.115000 50.000000 75.000000 238.000000
-14.224000 -20.866000 0.147000 59.000000 82.000000 210.000000
-14.183000 -20.846000 0.227000 56.000000 102.000000 255.000000
-14.151000 -20.841000 0.197000 49.000000 87.000000 255.000000
-14.134000 -20.855000 0.033000 92.000000 89.000000 118.000000
-14.146000 -20.836000 0.226000 49.000000 92.000000 248.000000
-14.160000 -20.834000 0.278000 42.000000 58.000000 73.000000
-14.177000 -20.864000 0.058000 81.000000 96.000000 191.000000
-14.161000 -20.838000 0.249000 53.000000 100.000000 250.000000
-14.282000 -20.873000 0.219000 75.000000 89.000000 194.000000
-14.186000 -20.865000 0.071000 77.000000 100.000000 230.000000
-14.187000 -20.860000 0.111000 55.000000 81.000000 254.000000
-14.229000 -20.855000 0.258000 70.000000 107.000000 239.000000
-14.211000 -20.856000 0.203000 129.000000 157.000000 255.000000
-14.212000 -20.856000 0.210000 139.000000 168.000000 255.000000
-14.257000 -20.862000 0.257000 84.000000 117.000000 224.000000
-14.219000 -20.862000 0.171000 58.000000 80.000000 215.000000
-14.213000 -20.853000 0.239000 64.000000 102.000000 255.000000
-14.221000 -20.854000 0.246000 78.000000 103.000000 230.000000
-14.180000 -20.850000 0.183000 55.000000 87.000000 255.000000
-14.145000 -20.836000 0.227000 49.000000 94.000000 249.000000
-14.153000 -20.851000 0.117000 48.000000 79.000000 255.000000
-14.192000 -20.856000 0.162000 59.000000 86.000000 251.000000
-14.162000 -20.843000 0.210000 49.000000 91.000000 253.000000
-14.153000 -20.840000 0.207000 50.000000 92.000000 254.000000
-14.159000 -20.844000 0.190000 53.000000 88.000000 254.000000
-14.215000 -20.852000 0.252000 85.000000 115.000000 229.000000
-14.247000 -20.871000 0.160000 51.000000 69.000000 193.000000
-14.158000 -20.833000 0.285000 61.000000 71.000000 73.000000
-14.164000 -20.857000 0.089000 52.000000 86.000000 254.000000
-14.169000 -20.840000 0.250000 65.000000 113.000000 249.000000
-14.179000 -20.840000 0.273000 8.000000 17.000000 46.000000
-14.206000 -20.863000 0.129000 56.000000 80.000000 250.000000
-14.303000 -20.879000 0.216000 60.000000 65.000000 121.000000
-14.185000 -20.843000 0.260000 40.000000 64.000000 134.000000
-14.175000 -20.841000 0.249000 74.000000 122.000000 248.000000
-14.263000 -20.866000 0.240000 98.000000 124.000000 211.000000
-14.167000 -20.858000 0.088000 56.000000 88.000000 255.000000
-14.196000 -20.861000 0.130000 51.000000 78.000000 255.000000
-14.152000 -20.860000 0.037000 69.000000 77.000000 140.000000
-14.149000 -20.838000 0.222000 46.000000 89.000000 255.000000
-14.233000 -20.866000 0.173000 43.000000 61.000000 171.000000
-14.149000 -20.842000 0.186000 47.000000 85.000000 255.000000
-14.187000 -20.860000 0.111000 54.000000 80.000000 253.000000
-14.177000 -20.841000 0.260000 82.000000 109.000000 178.000000
-14.182000 -20.862000 0.081000 67.000000 93.000000 248.000000
-14.170000 -20.862000 0.057000 86.000000 104.000000 214.000000
-14.179000 -20.860000 0.091000 58.000000 85.000000 254.000000
-14.214000 -20.853000 0.242000 65.000000 101.000000 251.000000
-14.221000 -20.855000 0.237000 75.000000 96.000000 241.000000
-14.232000 -20.869000 0.140000 46.000000 66.000000 201.000000
-14.168000 -20.835000 0.288000 24.000000 32.000000 35.000000
-14.249000 -20.869000 0.175000 102.000000 118.000000 231.000000
-14.147000 -20.833000 0.257000 47.000000 98.000000 249.000000
-14.158000 -20.857000 0.074000 55.000000 86.000000 252.000000
-14.170000 -20.862000 0.059000 86.000000 106.000000 229.000000
-14.201000 -20.853000 0.209000 60.000000 96.000000 252.000000
-14.192000 -20.845000 0.258000 55.000000 85.000000 175.000000
-14.306000 -20.880000 0.221000 66.000000 70.000000 117.000000
-14.172000 -20.850000 0.170000 50.000000 82.000000 251.000000
-14.202000 -20.853000 0.210000 85.000000 113.000000 220.000000
-14.194000 -20.844000 0.275000 36.000000 48.000000 90.000000
-14.156000 -20.848000 0.149000 47.000000 74.000000 249.000000
-14.214000 -20.864000 0.140000 97.000000 121.000000 255.000000
-14.152000 -20.847000 0.149000 47.000000 77.000000 249.000000
-14.215000 -20.853000 0.238000 65.000000 96.000000 255.000000
-14.162000 -20.845000 0.187000 51.000000 90.000000 255.000000
-14.188000 -20.856000 0.153000 51.000000 77.000000 248.000000
-14.240000 -20.862000 0.222000 105.000000 125.000000 222.000000
-14.164000 -20.851000 0.135000 50.000000 77.000000 254.000000
-14.163000 -20.844000 0.196000 52.000000 89.000000 255.000000
-14.217000 -20.859000 0.188000 61.000000 82.000000 207.000000
-14.138000 -20.851000 0.077000 56.000000 89.000000 252.000000
-14.177000 -20.842000 0.253000 100.000000 144.000000 253.000000
-14.166000 -20.848000 0.170000 50.000000 84.000000 254.000000
-14.191000 -20.849000 0.218000 61.000000 102.000000 255.000000
-14.139000 -20.848000 0.108000 49.000000 84.000000 250.000000
-14.264000 -20.873000 0.176000 108.000000 123.000000 224.000000
-14.156000 -20.847000 0.160000 50.000000 80.000000 254.000000
-14.215000 -20.865000 0.138000 108.000000 130.000000 255.000000
-14.182000 -20.858000 0.122000 53.000000 79.000000 254.000000
-14.150000 -20.859000 0.040000 59.000000 67.000000 140.000000
-14.271000 -20.868000 0.239000 160.000000 179.000000 255.000000
-14.199000 -20.863000 0.117000 52.000000 81.000000 255.000000
-14.147000 -20.850000 0.106000 49.000000 82.000000 255.000000
-14.307000 -20.879000 0.232000 80.000000 82.000000 131.000000
-14.148000 -20.833000 0.261000 80.000000 118.000000 245.000000
-14.156000 -20.836000 0.254000 46.000000 92.000000 237.000000
-14.148000 -20.830000 0.289000 149.000000 164.000000 187.000000
-14.245000 -20.860000 0.251000 113.000000 153.000000 249.000000
-14.191000 -20.859000 0.137000 48.000000 75.000000 254.000000
-14.267000 -20.875000 0.170000 82.000000 98.000000 193.000000
-14.247000 -20.868000 0.183000 57.000000 75.000000 183.000000
-14.174000 -20.844000 0.225000 46.000000 94.000000 252.000000
-14.279000 -20.875000 0.195000 66.000000 76.000000 174.000000
-14.184000 -20.847000 0.224000 57.000000 101.000000 255.000000
-14.137000 -20.857000 0.025000 107.000000 96.000000 78.000000
-14.236000 -20.858000 0.242000 167.000000 190.000000 255.000000
-14.240000 -20.857000 0.261000 69.000000 104.000000 230.000000
-14.244000 -20.861000 0.237000 154.000000 172.000000 244.000000
-14.203000 -20.864000 0.113000 53.000000 80.000000 255.000000
-14.207000 -20.866000 0.108000 54.000000 81.000000 248.000000
-14.176000 -20.863000 0.060000 87.000000 107.000000 219.000000
-14.201000 -20.853000 0.209000 60.000000 96.000000 252.000000
-14.235000 -20.868000 0.153000 128.000000 150.000000 255.000000
-14.250000 -20.871000 0.165000 87.000000 106.000000 227.000000
-14.146000 -20.837000 0.223000 46.000000 89.000000 246.000000
-14.253000 -20.872000 0.164000 85.000000 105.000000 220.000000
-14.205000 -20.856000 0.191000 61.000000 85.000000 243.000000
-14.245000 -20.871000 0.149000 94.000000 113.000000 241.000000
-14.224000 -20.862000 0.185000 113.000000 134.000000 253.000000
-14.154000 -20.845000 0.166000 48.000000 81.000000 254.000000
-14.143000 -20.843000 0.157000 45.000000 77.000000 250.000000
-14.136000 -20.855000 0.044000 89.000000 99.000000 186.000000
-14.159000 -20.861000 0.044000 88.000000 106.000000 208.000000
-14.180000 -20.850000 0.183000 55.000000 87.000000 255.000000
-14.164000 -20.857000 0.087000 52.000000 86.000000 254.000000
-14.165000 -20.838000 0.256000 88.000000 129.000000 253.000000
-14.202000 -20.866000 0.098000 60.000000 83.000000 247.000000
-14.234000 -20.857000 0.249000 91.000000 120.000000 238.000000
-14.182000 -20.853000 0.162000 52.000000 80.000000 250.000000
-14.224000 -20.864000 0.161000 97.000000 118.000000 243.000000
-14.179000 -20.849000 0.191000 51.000000 90.000000 255.000000
-14.273000 -20.872000 0.207000 59.000000 70.000000 186.000000
-14.228000 -20.857000 0.237000 99.000000 117.000000 215.000000
-14.226000 -20.858000 0.224000 86.000000 110.000000 246.000000
-14.212000 -20.865000 0.132000 57.000000 81.000000 233.000000
-14.170000 -20.862000 0.058000 86.000000 104.000000 214.000000
-14.180000 -20.852000 0.168000 53.000000 84.000000 252.000000
-14.154000 -20.843000 0.184000 46.000000 85.000000 251.000000
-14.226000 -20.865000 0.165000 85.000000 105.000000 230.000000
-14.183000 -20.862000 0.087000 60.000000 87.000000 252.000000
-14.210000 -20.863000 0.141000 114.000000 137.000000 255.000000
-14.183000 -20.845000 0.233000 47.000000 93.000000 248.000000
-14.145000 -20.838000 0.204000 49.000000 87.000000 248.000000
-14.162000 -20.859000 0.062000 74.000000 98.000000 246.000000
-14.191000 -20.858000 0.147000 53.000000 75.000000 247.000000
-14.156000 -20.836000 0.256000 58.000000 101.000000 232.000000
-14.219000 -20.862000 0.171000 58.000000 80.000000 215.000000
-14.199000 -20.856000 0.176000 50.000000 82.000000 251.000000
-14.265000 -20.874000 0.171000 82.000000 98.000000 193.000000
-14.166000 -20.840000 0.241000 51.000000 102.000000 255.000000
-14.274000 -20.870000 0.227000 93.000000 116.000000 220.000000
-14.200000 -20.846000 0.266000 26.000000 40.000000 111.000000
-14.149000 -20.854000 0.079000 56.000000 88.000000 251.000000
-14.223000 -20.861000 0.188000 118.000000 137.000000 255.000000
-14.154000 -20.835000 0.255000 58.000000 101.000000 232.000000
-14.311000 -20.881000 0.221000 56.000000 54.000000 78.000000
-14.205000 -20.860000 0.160000 82.000000 109.000000 252.000000
-14.147000 -20.857000 0.047000 85.000000 106.000000 231.000000
-14.270000 -20.874000 0.183000 99.000000 111.000000 211.000000
-14.263000 -20.868000 0.222000 62.000000 80.000000 190.000000
-14.193000 -20.843000 0.275000 36.000000 48.000000 90.000000
-14.169000 -20.849000 0.171000 50.000000 82.000000 253.000000
-14.153000 -20.841000 0.199000 48.000000 90.000000 254.000000
-14.177000 -20.841000 0.260000 82.000000 109.000000 178.000000
-14.186000 -20.840000 0.284000 30.000000 34.000000 45.000000
-14.273000 -20.875000 0.184000 109.000000 121.000000 221.000000
-14.163000 -20.857000 0.087000 48.000000 85.000000 252.000000
-14.196000 -20.848000 0.242000 59.000000 105.000000 252.000000
-14.137000 -20.853000 0.058000 64.000000 99.000000 241.000000
-14.213000 -20.855000 0.217000 129.000000 162.000000 255.000000
-14.198000 -20.866000 0.084000 65.000000 91.000000 246.000000
-14.157000 -20.846000 0.164000 50.000000 82.000000 255.000000
-14.169000 -20.859000 0.082000 59.000000 92.000000 255.000000
-14.192000 -20.851000 0.208000 55.000000 93.000000 252.000000
-14.185000 -20.849000 0.206000 51.000000 91.000000 251.000000
-14.174000 -20.840000 0.262000 98.000000 127.000000 197.000000
-14.177000 -20.851000 0.166000 53.000000 83.000000 255.000000
-14.141000 -20.846000 0.134000 46.000000 76.000000 250.000000
-14.155000 -20.861000 0.033000 61.000000 67.000000 119.000000
-14.150000 -20.857000 0.051000 80.000000 106.000000 225.000000
-14.163000 -20.849000 0.157000 52.000000 82.000000 255.000000
-14.193000 -20.845000 0.258000 55.000000 85.000000 175.000000
-14.142000 -20.845000 0.142000 47.000000 74.000000 249.000000
-14.156000 -20.843000 0.186000 46.000000 87.000000 253.000000
-14.191000 -20.853000 0.189000 57.000000 92.000000 254.000000
-14.192000 -20.863000 0.101000 61.000000 85.000000 255.000000
-14.191000 -20.860000 0.123000 53.000000 79.000000 254.000000
-14.178000 -20.860000 0.094000 55.000000 86.000000 255.000000
-14.223000 -20.862000 0.180000 103.000000 123.000000 248.000000
-14.178000 -20.846000 0.217000 50.000000 94.000000 255.000000
-14.144000 -20.840000 0.190000 48.000000 86.000000 249.000000
-14.205000 -20.856000 0.189000 60.000000 83.000000 249.000000
-14.167000 -20.860000 0.066000 72.000000 99.000000 248.000000
-14.179000 -20.857000 0.124000 52.000000 78.000000 253.000000
-14.232000 -20.862000 0.207000 87.000000 110.000000 224.000000
-14.157000 -20.860000 0.043000 87.000000 95.000000 168.000000
-14.223000 -20.859000 0.204000 77.000000 97.000000 218.000000
-14.255000 -20.871000 0.173000 105.000000 123.000000 233.000000
-14.144000 -20.837000 0.215000 53.000000 91.000000 250.000000
-14.223000 -20.857000 0.228000 70.000000 98.000000 242.000000
-14.163000 -20.857000 0.081000 53.000000 88.000000 254.000000
-14.165000 -20.844000 0.207000 49.000000 91.000000 255.000000
-14.169000 -20.847000 0.191000 54.000000 91.000000 255.000000
-14.150000 -20.843000 0.178000 47.000000 85.000000 255.000000
-14.154000 -20.859000 0.048000 88.000000 108.000000 220.000000
-14.216000 -20.852000 0.253000 85.000000 115.000000 229.000000
-14.224000 -20.855000 0.247000 81.000000 105.000000 227.000000
-14.178000 -20.841000 0.264000 53.000000 74.000000 131.000000
-14.204000 -20.858000 0.169000 48.000000 77.000000 231.000000
-14.197000 -20.844000 0.280000 12.000000 26.000000 53.000000
-14.204000 -20.853000 0.216000 76.000000 104.000000 239.000000
-14.252000 -20.868000 0.196000 64.000000 83.000000 188.000000
-14.178000 -20.854000 0.146000 49.000000 76.000000 255.000000
-14.179000 -20.851000 0.171000 52.000000 83.000000 252.000000
-14.186000 -20.840000 0.285000 30.000000 34.000000 45.000000
-14.226000 -20.868000 0.135000 87.000000 107.000000 238.000000
-14.159000 -20.853000 0.111000 50.000000 82.000000 255.000000
-14.198000 -20.862000 0.118000 53.000000 79.000000 252.000000
-14.163000 -20.847000 0.171000 50.000000 84.000000 254.000000
-14.170000 -20.838000 0.270000 0.000000 11.000000 47.000000
-14.285000 -20.877000 0.193000 78.000000 86.000000 169.000000
-14.218000 -20.854000 0.242000 74.000000 100.000000 245.000000
-14.180000 -20.854000 0.151000 48.000000 75.000000 252.000000
-14.214000 -20.854000 0.234000 56.000000 97.000000 247.000000
-14.243000 -20.859000 0.250000 120.000000 154.000000 251.000000
-14.197000 -20.864000 0.104000 57.000000 81.000000 252.000000
-14.155000 -20.836000 0.249000 50.000000 100.000000 251.000000
-14.205000 -20.863000 0.134000 50.000000 73.000000 241.000000
-14.257000 -20.872000 0.170000 108.000000 126.000000 234.000000
-14.229000 -20.868000 0.143000 84.000000 104.000000 235.000000
-14.214000 -20.862000 0.162000 55.000000 83.000000 209.000000
-14.265000 -20.872000 0.190000 99.000000 116.000000 224.000000
-14.146000 -20.857000 0.047000 85.000000 106.000000 231.000000
-14.194000 -20.852000 0.199000 56.000000 92.000000 251.000000
-14.199000 -20.865000 0.097000 59.000000 82.000000 248.000000
-14.173000 -20.845000 0.212000 51.000000 95.000000 255.000000
-14.193000 -20.845000 0.262000 15.000000 37.000000 120.000000
-14.278000 -20.877000 0.178000 61.000000 71.000000 158.000000
-14.291000 -20.874000 0.235000 106.000000 115.000000 216.000000
-14.256000 -20.869000 0.197000 46.000000 64.000000 166.000000
-14.162000 -20.851000 0.135000 50.000000 77.000000 254.000000
-14.202000 -20.848000 0.257000 101.000000 129.000000 228.000000
-14.200000 -20.845000 0.276000 38.000000 52.000000 87.000000
-14.145000 -20.845000 0.149000 48.000000 74.000000 255.000000
-14.171000 -20.843000 0.226000 46.000000 94.000000 254.000000
-14.307000 -20.877000 0.242000 88.000000 93.000000 174.000000
-14.230000 -20.863000 0.186000 86.000000 102.000000 223.000000
-14.226000 -20.868000 0.136000 87.000000 107.000000 238.000000
-14.197000 -20.858000 0.152000 52.000000 76.000000 244.000000
-14.258000 -20.871000 0.186000 93.000000 107.000000 212.000000
-14.175000 -20.850000 0.175000 49.000000 81.000000 250.000000
-14.224000 -20.866000 0.148000 59.000000 82.000000 210.000000
-14.219000 -20.855000 0.236000 71.000000 97.000000 255.000000
-14.166000 -20.851000 0.146000 48.000000 75.000000 254.000000
-14.201000 -20.865000 0.105000 58.000000 85.000000 252.000000
-14.162000 -20.849000 0.149000 48.000000 75.000000 252.000000
-14.148000 -20.857000 0.047000 85.000000 108.000000 222.000000
-14.283000 -20.874000 0.216000 75.000000 89.000000 194.000000
-14.184000 -20.845000 0.242000 62.000000 110.000000 254.000000
-14.147000 -20.854000 0.071000 63.000000 91.000000 255.000000
-14.190000 -20.855000 0.161000 54.000000 83.000000 249.000000
-14.188000 -20.851000 0.193000 53.000000 91.000000 254.000000
-14.199000 -20.861000 0.128000 51.000000 78.000000 255.000000
-14.144000 -20.850000 0.100000 52.000000 83.000000 255.000000
-14.194000 -20.856000 0.165000 51.000000 80.000000 244.000000
-14.138000 -20.857000 0.029000 123.000000 113.000000 111.000000
-14.257000 -20.869000 0.202000 39.000000 57.000000 159.000000
-14.277000 -20.870000 0.234000 148.000000 172.000000 255.000000
-14.216000 -20.866000 0.129000 51.000000 75.000000 227.000000
-14.211000 -20.868000 0.099000 62.000000 87.000000 239.000000
-14.161000 -20.833000 0.287000 20.000000 30.000000 32.000000
-14.160000 -20.833000 0.289000 13.000000 23.000000 25.000000
-14.215000 -20.859000 0.186000 49.000000 77.000000 212.000000
-14.136000 -20.857000 0.022000 116.000000 107.000000 78.000000
-14.168000 -20.854000 0.122000 54.000000 81.000000 255.000000
-14.147000 -20.853000 0.081000 52.000000 82.000000 255.000000
-14.176000 -20.859000 0.099000 55.000000 87.000000 255.000000
-14.158000 -20.845000 0.179000 49.000000 88.000000 254.000000
-14.176000 -20.845000 0.222000 50.000000 96.000000 254.000000
-14.175000 -20.842000 0.245000 63.000000 112.000000 249.000000
-14.232000 -20.868000 0.152000 91.000000 115.000000 225.000000
-14.167000 -20.861000 0.061000 84.000000 105.000000 233.000000
-14.153000 -20.857000 0.065000 67.000000 91.000000 253.000000
-14.207000 -20.852000 0.230000 59.000000 102.000000 255.000000
-14.253000 -20.870000 0.178000 105.000000 122.000000 230.000000
-14.210000 -20.848000 0.272000 16.000000 38.000000 98.000000
-14.181000 -20.745000 0.283000 81.000000 91.000000 100.000000
-14.194000 -20.721000 0.282000 123.000000 130.000000 146.000000
-14.137000 -20.774000 0.261000 28.000000 35.000000 64.000000
-14.161000 -20.775000 0.283000 154.000000 160.000000 176.000000
-14.155000 -20.802000 0.292000 120.000000 132.000000 154.000000
-14.131000 -20.774000 0.256000 28.000000 40.000000 78.000000
-14.172000 -20.744000 0.275000 95.000000 101.000000 113.000000
-14.157000 -20.744000 0.262000 175.000000 181.000000 195.000000
-14.147000 -20.774000 0.270000 120.000000 130.000000 142.000000
-14.136000 -20.731000 0.236000 30.000000 43.000000 87.000000
-14.153000 -20.772000 0.274000 79.000000 87.000000 100.000000
-14.154000 -20.745000 0.260000 98.000000 106.000000 117.000000
-14.179000 -20.747000 0.283000 73.000000 83.000000 92.000000
-14.159000 -20.791000 0.290000 131.000000 143.000000 157.000000
-14.151000 -20.740000 0.255000 72.000000 81.000000 90.000000
-14.155000 -20.753000 0.265000 133.000000 135.000000 148.000000
-14.182000 -20.742000 0.282000 92.000000 102.000000 111.000000
-14.134000 -20.782000 0.263000 29.000000 46.000000 124.000000
-14.152000 -20.741000 0.256000 107.000000 116.000000 125.000000
-14.151000 -20.802000 0.289000 137.000000 148.000000 168.000000
-14.189000 -20.731000 0.283000 152.000000 162.000000 174.000000
-14.164000 -20.777000 0.287000 73.000000 82.000000 89.000000
-14.146000 -20.731000 0.245000 34.000000 39.000000 33.000000
-14.144000 -20.761000 0.260000 32.000000 35.000000 40.000000
-14.157000 -20.753000 0.267000 133.000000 135.000000 148.000000
-14.177000 -20.750000 0.282000 87.000000 98.000000 104.000000
-14.163000 -20.758000 0.275000 98.000000 98.000000 110.000000
-14.205000 -20.708000 0.284000 60.000000 67.000000 95.000000
-14.172000 -20.752000 0.279000 113.000000 120.000000 128.000000
-14.159000 -20.750000 0.266000 165.000000 168.000000 183.000000
-14.134000 -20.762000 0.251000 25.000000 32.000000 50.000000
-14.148000 -20.772000 0.270000 136.000000 143.000000 159.000000
-14.141000 -20.755000 0.254000 42.000000 43.000000 37.000000
-14.168000 -20.747000 0.273000 92.000000 96.000000 108.000000
-14.148000 -20.761000 0.264000 141.000000 141.000000 151.000000
-14.144000 -20.803000 0.283000 33.000000 37.000000 49.000000
-14.151000 -20.807000 0.292000 134.000000 145.000000 165.000000
-14.146000 -20.791000 0.278000 78.000000 88.000000 97.000000
-14.190000 -20.713000 0.273000 138.000000 145.000000 164.000000
-14.133000 -20.738000 0.238000 22.000000 40.000000 112.000000
-14.158000 -20.785000 0.286000 141.000000 149.000000 168.000000
-14.143000 -20.781000 0.270000 82.000000 97.000000 102.000000
-14.153000 -20.759000 0.267000 112.000000 112.000000 124.000000
-14.154000 -20.762000 0.270000 78.000000 76.000000 89.000000
-14.140000 -20.788000 0.271000 23.000000 43.000000 50.000000
-14.152000 -20.731000 0.250000 48.000000 47.000000 61.000000
-14.139000 -20.787000 0.270000 25.000000 47.000000 71.000000
-14.172000 -20.744000 0.275000 95.000000 101.000000 113.000000
-14.169000 -20.760000 0.281000 123.000000 127.000000 136.000000
-14.148000 -20.767000 0.267000 130.000000 133.000000 148.000000
-14.146000 -20.781000 0.273000 92.000000 106.000000 109.000000
-14.186000 -20.713000 0.270000 48.000000 53.000000 72.000000
-14.155000 -20.787000 0.284000 133.000000 140.000000 168.000000
-14.149000 -20.814000 0.294000 168.000000 181.000000 213.000000
-14.189000 -20.734000 0.284000 146.000000 156.000000 166.000000
-14.182000 -20.750000 0.288000 173.000000 187.000000 196.000000
-14.136000 -20.791000 0.269000 36.000000 62.000000 97.000000
-14.152000 -20.722000 0.245000 33.000000 42.000000 39.000000
-14.130000 -20.756000 0.245000 37.000000 48.000000 127.000000
-14.134000 -20.740000 0.239000 25.000000 44.000000 136.000000
-14.148000 -20.744000 0.254000 54.000000 63.000000 72.000000
-14.146000 -20.803000 0.285000 51.000000 57.000000 71.000000
-14.148000 -20.751000 0.258000 91.000000 98.000000 106.000000
-14.177000 -20.748000 0.282000 96.000000 105.000000 112.000000
-14.195000 -20.719000 0.281000 123.000000 130.000000 146.000000
-14.165000 -20.730000 0.261000 68.000000 74.000000 88.000000
-14.155000 -20.723000 0.248000 30.000000 40.000000 32.000000
-14.170000 -20.735000 0.268000 113.000000 120.000000 136.000000
-14.135000 -20.733000 0.163000 53.000000 79.000000 254.000000
-14.129000 -20.776000 0.123000 38.000000 63.000000 205.000000
-14.139000 -20.749000 0.126000 45.000000 72.000000 241.000000
-14.125000 -20.769000 0.145000 45.000000 70.000000 232.000000
-14.126000 -20.797000 0.103000 41.000000 62.000000 205.000000
-14.135000 -20.804000 0.063000 42.000000 75.000000 250.000000
-14.134000 -20.800000 0.072000 43.000000 69.000000 240.000000
-14.140000 -20.730000 0.150000 52.000000 80.000000 252.000000
-14.130000 -20.733000 0.177000 57.000000 83.000000 254.000000
-14.134000 -20.776000 0.105000 38.000000 61.000000 199.000000
-14.129000 -20.756000 0.152000 43.000000 72.000000 254.000000
-14.140000 -20.769000 0.097000 36.000000 62.000000 199.000000
-14.127000 -20.785000 0.115000 42.000000 60.000000 198.000000
-14.131000 -20.744000 0.161000 49.000000 79.000000 255.000000
-14.135000 -20.812000 0.052000 50.000000 80.000000 254.000000
-14.122000 -20.735000 0.202000 59.000000 83.000000 253.000000
-14.123000 -20.769000 0.153000 46.000000 70.000000 238.000000
-14.133000 -20.757000 0.136000 45.000000 71.000000 242.000000
-14.125000 -20.795000 0.110000 38.000000 59.000000 200.000000
-14.140000 -20.765000 0.100000 40.000000 66.000000 205.000000
-14.133000 -20.734000 0.169000 55.000000 81.000000 254.000000
-14.141000 -20.733000 0.145000 48.000000 78.000000 254.000000
-14.142000 -20.742000 0.127000 46.000000 73.000000 250.000000
-14.132000 -20.743000 0.160000 49.000000 79.000000 255.000000
-14.139000 -20.732000 0.152000 53.000000 81.000000 253.000000
-14.138000 -20.788000 0.074000 37.000000 62.000000 214.000000
-14.127000 -20.740000 0.180000 53.000000 81.000000 253.000000
-14.142000 -20.731000 0.143000 48.000000 78.000000 254.000000
-14.122000 -20.740000 0.195000 59.000000 83.000000 254.000000
-14.130000 -20.817000 0.063000 44.000000 81.000000 250.000000
-14.132000 -20.748000 0.152000 45.000000 75.000000 255.000000
-14.122000 -20.743000 0.192000 58.000000 84.000000 255.000000
-14.130000 -20.839000 0.032000 79.000000 91.000000 163.000000
-14.133000 -20.836000 0.027000 66.000000 97.000000 213.000000
-14.129000 -20.824000 0.054000 51.000000 79.000000 249.000000
-14.135000 -20.825000 0.035000 48.000000 85.000000 251.000000
-14.140000 -20.744000 0.130000 47.000000 74.000000 253.000000
-14.130000 -20.812000 0.069000 43.000000 75.000000 255.000000
-14.130000 -20.787000 0.103000 40.000000 59.000000 198.000000
-14.133000 -20.830000 0.033000 56.000000 97.000000 239.000000
-14.136000 -20.777000 0.096000 37.000000 63.000000 199.000000
-14.118000 -20.736000 0.214000 56.000000 84.000000 243.000000
-14.125000 -20.790000 0.118000 41.000000 60.000000 198.000000
-14.123000 -20.748000 0.181000 52.000000 82.000000 255.000000
-14.118000 -20.739000 0.209000 61.000000 86.000000 241.000000
-14.129000 -20.760000 0.144000 44.000000 70.000000 243.000000
-14.127000 -20.798000 0.097000 42.000000 63.000000 208.000000
-14.136000 -20.737000 0.154000 50.000000 80.000000 255.000000
-14.128000 -20.739000 0.176000 52.000000 80.000000 252.000000
-14.135000 -20.806000 0.060000 42.000000 78.000000 252.000000
-14.135000 -20.747000 0.143000 45.000000 74.000000 255.000000
-14.136000 -20.750000 0.137000 46.000000 73.000000 252.000000
-14.124000 -20.758000 0.165000 44.000000 75.000000 253.000000
-14.131000 -20.740000 0.167000 50.000000 80.000000 254.000000
-14.138000 -20.760000 0.116000 44.000000 68.000000 220.000000
-14.133000 -20.809000 0.063000 41.000000 79.000000 250.000000
-14.139000 -20.779000 0.086000 40.000000 59.000000 197.000000
-14.122000 -20.756000 0.174000 43.000000 74.000000 252.000000
-14.136000 -20.775000 0.102000 38.000000 62.000000 198.000000
-14.131000 -20.742000 0.162000 49.000000 79.000000 255.000000
-14.133000 -20.824000 0.043000 49.000000 81.000000 254.000000
-14.126000 -20.808000 0.088000 45.000000 69.000000 239.000000
-14.132000 -20.784000 0.102000 41.000000 59.000000 197.000000
-14.123000 -20.747000 0.182000 52.000000 79.000000 254.000000
-14.137000 -20.744000 0.140000 46.000000 75.000000 255.000000
-14.126000 -20.781000 0.123000 41.000000 63.000000 201.000000
-14.131000 -20.743000 0.161000 49.000000 79.000000 255.000000
-14.138000 -20.818000 0.201000 48.000000 86.000000 255.000000
-14.143000 -20.812000 0.285000 77.000000 86.000000 117.000000
-14.140000 -20.819000 0.234000 42.000000 89.000000 255.000000
-14.131000 -20.847000 0.028000 103.000000 101.000000 122.000000
-14.142000 -20.829000 0.225000 51.000000 89.000000 248.000000
-14.126000 -20.796000 0.127000 39.000000 62.000000 202.000000
-14.125000 -20.788000 0.146000 41.000000 65.000000 223.000000
-14.118000 -20.736000 0.216000 56.000000 84.000000 243.000000
-14.133000 -20.786000 0.244000 28.000000 55.000000 172.000000
-14.140000 -20.836000 0.173000 47.000000 78.000000 246.000000
-14.138000 -20.813000 0.222000 47.000000 88.000000 254.000000
-14.125000 -20.792000 0.132000 37.000000 60.000000 200.000000
-14.132000 -20.792000 0.212000 44.000000 77.000000 254.000000
-14.126000 -20.777000 0.189000 42.000000 74.000000 255.000000
-14.142000 -20.826000 0.228000 51.000000 94.000000 251.000000
-14.145000 -20.818000 0.291000 152.000000 158.000000 192.000000
-14.140000 -20.818000 0.232000 47.000000 89.000000 253.000000
-14.139000 -20.802000 0.266000 99.000000 137.000000 244.000000
-14.124000 -20.778000 0.164000 45.000000 70.000000 248.000000
-14.122000 -20.750000 0.220000 45.000000 77.000000 250.000000
-14.136000 -20.808000 0.217000 43.000000 86.000000 250.000000
-14.135000 -20.829000 0.141000 42.000000 74.000000 255.000000
-14.134000 -20.803000 0.201000 44.000000 80.000000 254.000000
-14.140000 -20.840000 0.164000 47.000000 78.000000 255.000000
-14.130000 -20.839000 0.039000 67.000000 104.000000 255.000000
-14.127000 -20.765000 0.243000 42.000000 62.000000 174.000000
-14.146000 -20.827000 0.278000 140.000000 162.000000 186.000000
-14.133000 -20.820000 0.144000 46.000000 72.000000 243.000000
-14.141000 -20.839000 0.179000 46.000000 82.000000 255.000000
-14.121000 -20.758000 0.183000 48.000000 79.000000 255.000000
-14.125000 -20.773000 0.185000 42.000000 74.000000 255.000000
-14.125000 -20.796000 0.118000 39.000000 58.000000 197.000000
-14.134000 -20.839000 0.093000 49.000000 80.000000 246.000000
-14.135000 -20.837000 0.108000 51.000000 82.000000 250.000000
-14.145000 -20.833000 0.242000 48.000000 93.000000 255.000000
-14.137000 -20.800000 0.249000 48.000000 93.000000 254.000000
-14.127000 -20.818000 0.072000 43.000000 78.000000 255.000000
-14.136000 -20.831000 0.145000 40.000000 75.000000 255.000000
-14.133000 -20.795000 0.218000 44.000000 82.000000 255.000000
-14.131000 -20.801000 0.180000 48.000000 74.000000 255.000000
-14.147000 -20.825000 0.291000 155.000000 173.000000 185.000000
-14.127000 -20.788000 0.162000 42.000000 64.000000 238.000000
-14.142000 -20.835000 0.198000 47.000000 84.000000 255.000000
-14.133000 -20.845000 0.060000 53.000000 92.000000 249.000000
-14.121000 -20.759000 0.182000 45.000000 76.000000 254.000000
-14.135000 -20.790000 0.256000 83.000000 118.000000 246.000000
-14.135000 -20.813000 0.185000 48.000000 80.000000 253.000000
-14.138000 -20.801000 0.265000 99.000000 137.000000 244.000000
-14.130000 -20.827000 0.085000 47.000000 78.000000 254.000000
-14.132000 -20.797000 0.194000 46.000000 77.000000 255.000000
-14.132000 -20.782000 0.247000 2.000000 23.000000 116.000000
-14.142000 -20.810000 0.281000 30.000000 33.000000 50.000000
-14.136000 -20.805000 0.218000 42.000000 85.000000 250.000000
-14.139000 -20.805000 0.262000 100.000000 145.000000 255.000000
-14.127000 -20.792000 0.154000 42.000000 64.000000 235.000000
-14.140000 -20.808000 0.260000 89.000000 135.000000 247.000000
-14.138000 -20.839000 0.144000 43.000000 74.000000 255.000000
-14.138000 -20.800000 0.261000 84.000000 122.000000 249.000000
-14.131000 -20.807000 0.162000 48.000000 73.000000 251.000000
-14.134000 -20.808000 0.195000 49.000000 82.000000 255.000000
-14.129000 -20.805000 0.139000 42.000000 67.000000 221.000000
-14.125000 -20.773000 0.185000 42.000000 74.000000 255.000000
-14.128000 -20.791000 0.172000 45.000000 70.000000 251.000000
-14.124000 -20.789000 0.130000 40.000000 63.000000 203.000000
-14.126000 -20.789000 0.152000 42.000000 65.000000 231.000000
-14.125000 -20.784000 0.152000 42.000000 65.000000 231.000000
-14.127000 -20.784000 0.176000 44.000000 70.000000 251.000000
-14.126000 -20.788000 0.154000 44.000000 66.000000 237.000000
-14.134000 -20.848000 0.060000 51.000000 95.000000 255.000000
-14.132000 -20.836000 0.075000 46.000000 81.000000 255.000000
-14.132000 -20.813000 0.144000 46.000000 70.000000 238.000000
-14.129000 -20.811000 0.126000 39.000000 64.000000 218.000000
-14.134000 -20.849000 0.070000 54.000000 87.000000 255.000000
-14.132000 -20.779000 0.255000 2.000000 19.000000 75.000000
-14.135000 -20.797000 0.237000 45.000000 86.000000 252.000000
-14.126000 -20.807000 0.090000 48.000000 73.000000 238.000000
-14.126000 -20.768000 0.214000 41.000000 78.000000 247.000000
-14.123000 -20.754000 0.228000 46.000000 79.000000 252.000000
-14.130000 -20.829000 0.079000 47.000000 83.000000 255.000000
-14.128000 -20.820000 0.082000 47.000000 78.000000 254.000000
-14.128000 -20.819000 0.086000 52.000000 82.000000 255.000000
-14.129000 -20.790000 0.184000 41.000000 70.000000 252.000000
-14.132000 -20.810000 0.156000 47.000000 72.000000 250.000000
-14.129000 -20.800000 0.158000 46.000000 69.000000 245.000000
-14.144000 -20.818000 0.274000 60.000000 70.000000 97.000000
-14.129000 -20.790000 0.186000 40.000000 69.000000 251.000000
-14.124000 -20.774000 0.176000 47.000000 76.000000 255.000000
-14.140000 -20.841000 0.160000 46.000000 78.000000 255.000000
-14.124000 -20.760000 0.221000 44.000000 75.000000 251.000000
-14.130000 -20.844000 0.028000 86.000000 87.000000 117.000000
-14.130000 -20.790000 0.203000 43.000000 75.000000 254.000000
-14.131000 -20.809000 0.147000 45.000000 69.000000 237.000000
-14.141000 -20.816000 0.244000 45.000000 91.000000 247.000000
-14.141000 -20.840000 0.172000 42.000000 80.000000 253.000000
-14.129000 -20.794000 0.174000 47.000000 71.000000 255.000000
-14.123000 -20.775000 0.153000 50.000000 73.000000 241.000000
-14.141000 -20.810000 0.264000 98.000000 141.000000 243.000000
-14.136000 -20.839000 0.116000 48.000000 79.000000 247.000000
-14.128000 -20.774000 0.220000 46.000000 77.000000 255.000000
-14.129000 -20.802000 0.148000 41.000000 65.000000 227.000000
-14.142000 -20.829000 0.225000 51.000000 89.000000 248.000000
-14.141000 -20.828000 0.216000 48.000000 88.000000 246.000000
-14.142000 -20.833000 0.207000 49.000000 87.000000 246.000000
-14.141000 -20.815000 0.255000 45.000000 95.000000 242.000000
-14.134000 -20.842000 0.088000 53.000000 82.000000 248.000000
-14.128000 -20.794000 0.157000 42.000000 64.000000 238.000000
-14.131000 -20.803000 0.165000 47.000000 73.000000 255.000000
-14.146000 -20.827000 0.277000 140.000000 162.000000 186.000000
-14.136000 -20.789000 0.268000 70.000000 95.000000 161.000000
-14.132000 -20.809000 0.158000 47.000000 72.000000 250.000000
-14.130000 -20.795000 0.176000 48.000000 74.000000 255.000000
-14.132000 -20.809000 0.163000 48.000000 75.000000 254.000000
-14.124000 -20.762000 0.213000 45.000000 77.000000 255.000000
-14.128000 -20.807000 0.123000 39.000000 63.000000 211.000000
-14.139000 -20.820000 0.206000 48.000000 87.000000 252.000000
-14.140000 -20.819000 0.222000 48.000000 87.000000 252.000000
-14.132000 -20.831000 0.094000 53.000000 83.000000 255.000000
-14.132000 -20.794000 0.210000 44.000000 77.000000 254.000000
-14.132000 -20.797000 0.203000 42.000000 78.000000 254.000000
-14.123000 -20.777000 0.159000 49.000000 71.000000 243.000000
-14.123000 -20.759000 0.212000 45.000000 76.000000 255.000000
-14.130000 -20.778000 0.238000 4.000000 25.000000 153.000000
-14.132000 -20.849000 0.044000 80.000000 109.000000 227.000000
-14.130000 -20.789000 0.204000 43.000000 75.000000 254.000000
-14.129000 -20.816000 0.108000 47.000000 73.000000 244.000000
-14.129000 -20.824000 0.083000 46.000000 79.000000 254.000000
-14.130000 -20.783000 0.222000 45.000000 74.000000 255.000000
-14.128000 -20.797000 0.146000 44.000000 68.000000 228.000000
-14.121000 -20.752000 0.212000 46.000000 74.000000 255.000000
-14.140000 -20.808000 0.265000 105.000000 147.000000 249.000000
-14.128000 -20.776000 0.213000 45.000000 76.000000 252.000000
-14.129000 -20.781000 0.212000 48.000000 77.000000 255.000000
-14.134000 -20.812000 0.178000 49.000000 80.000000 255.000000
-14.143000 -20.834000 0.221000 47.000000 89.000000 255.000000
-14.136000 -20.837000 0.121000 51.000000 79.000000 251.000000
-14.133000 -20.806000 0.188000 50.000000 82.000000 255.000000
-14.136000 -20.814000 0.190000 50.000000 82.000000 253.000000
-14.135000 -20.824000 0.152000 46.000000 76.000000 250.000000
-14.139000 -20.820000 0.208000 49.000000 88.000000 253.000000
-14.136000 -20.849000 0.085000 52.000000 85.000000 255.000000
-14.121000 -20.766000 0.167000 44.000000 75.000000 254.000000
-14.123000 -20.773000 0.168000 46.000000 75.000000 255.000000
-14.133000 -20.827000 0.118000 49.000000 75.000000 250.000000
-14.137000 -20.839000 0.129000 51.000000 77.000000 250.000000
-14.128000 -20.783000 0.190000 43.000000 75.000000 255.000000
-14.132000 -20.824000 0.117000 42.000000 73.000000 241.000000
-14.132000 -20.779000 0.258000 22.000000 38.000000 89.000000
-14.129000 -20.774000 0.228000 52.000000 81.000000 255.000000
-14.125000 -20.773000 0.188000 42.000000 77.000000 255.000000
-14.139000 -20.802000 0.271000 62.000000 87.000000 143.000000
-14.126000 -20.779000 0.183000 44.000000 74.000000 255.000000
-14.140000 -20.818000 0.231000 47.000000 89.000000 253.000000
-14.123000 -20.757000 0.211000 47.000000 76.000000 255.000000
-14.131000 -20.838000 0.063000 60.000000 80.000000 255.000000
-14.131000 -20.824000 0.109000 49.000000 74.000000 254.000000
-14.126000 -20.810000 0.086000 45.000000 71.000000 242.000000
-14.132000 -20.817000 0.143000 47.000000 71.000000 239.000000
-14.139000 -20.813000 0.234000 47.000000 85.000000 254.000000
-14.133000 -20.837000 0.087000 43.000000 79.000000 255.000000
-14.134000 -20.853000 0.045000 93.000000 114.000000 205.000000
-14.126000 -20.789000 0.157000 44.000000 66.000000 238.000000
-14.290000 -20.773000 0.273000 43.000000 48.000000 52.000000
-14.252000 -20.723000 0.283000 87.000000 97.000000 132.000000
-14.369000 -20.752000 0.289000 16.000000 18.000000 17.000000
-14.332000 -20.751000 0.285000 23.000000 25.000000 38.000000
-14.286000 -20.723000 0.288000 112.000000 119.000000 147.000000
-14.310000 -20.751000 0.282000 105.000000 114.000000 157.000000
-14.349000 -20.743000 0.289000 16.000000 18.000000 15.000000
-14.267000 -20.757000 0.275000 109.000000 122.000000 131.000000
-14.329000 -20.767000 0.279000 5.000000 5.000000 13.000000
-14.298000 -20.765000 0.276000 109.000000 119.000000 121.000000
-14.324000 -20.732000 0.289000 17.000000 19.000000 32.000000
-14.296000 -20.775000 0.273000 57.000000 62.000000 66.000000
-14.343000 -20.741000 0.289000 13.000000 14.000000 18.000000
-14.281000 -20.753000 0.278000 76.000000 88.000000 104.000000
-14.247000 -20.716000 0.285000 162.000000 170.000000 207.000000
-14.261000 -20.749000 0.277000 111.000000 122.000000 142.000000
-14.252000 -20.745000 0.277000 84.000000 95.000000 115.000000
-14.293000 -20.785000 0.270000 50.000000 58.000000 60.000000
-14.268000 -20.742000 0.280000 41.000000 50.000000 79.000000
-14.345000 -20.757000 0.284000 15.000000 16.000000 18.000000
-14.330000 -20.736000 0.289000 18.000000 21.000000 28.000000
-14.237000 -20.712000 0.285000 173.000000 181.000000 218.000000
-14.311000 -20.754000 0.281000 105.000000 114.000000 157.000000
-14.278000 -20.729000 0.285000 99.000000 107.000000 156.000000
-14.323000 -20.759000 0.281000 97.000000 102.000000 132.000000
-14.301000 -20.734000 0.286000 108.000000 119.000000 165.000000
-14.255000 -20.720000 0.285000 135.000000 145.000000 181.000000
-14.269000 -20.731000 0.283000 148.000000 157.000000 198.000000
-14.320000 -20.769000 0.278000 20.000000 27.000000 37.000000
-14.328000 -20.751000 0.284000 83.000000 86.000000 103.000000
-14.226000 -20.716000 0.282000 38.000000 47.000000 76.000000
-14.263000 -20.749000 0.277000 111.000000 122.000000 142.000000
-14.270000 -20.756000 0.276000 133.000000 145.000000 157.000000
-14.325000 -20.759000 0.281000 70.000000 74.000000 101.000000
-14.289000 -20.730000 0.286000 104.000000 111.000000 163.000000
-14.218000 -20.715000 0.282000 45.000000 52.000000 81.000000
-14.288000 -20.733000 0.285000 93.000000 101.000000 148.000000
-14.292000 -20.759000 0.277000 134.000000 145.000000 147.000000
-14.247000 -20.724000 0.282000 49.000000 58.000000 91.000000
-14.276000 -20.736000 0.282000 83.000000 92.000000 133.000000
-14.317000 -20.748000 0.284000 91.000000 99.000000 136.000000
-14.272000 -20.754000 0.277000 88.000000 100.000000 114.000000
-14.350000 -20.750000 0.287000 16.000000 18.000000 15.000000
-14.317000 -20.737000 0.287000 174.000000 175.000000 195.000000
-14.319000 -20.758000 0.281000 104.000000 110.000000 144.000000
-14.320000 -20.753000 0.283000 146.000000 152.000000 186.000000
-14.244000 -20.729000 0.281000 72.000000 83.000000 111.000000
-14.339000 -20.743000 0.288000 17.000000 20.000000 25.000000
-14.338000 -20.749000 0.286000 20.000000 18.000000 23.000000
-14.305000 -20.782000 0.272000 68.000000 73.000000 76.000000
-14.233000 -20.719000 0.282000 42.000000 51.000000 82.000000
-14.255000 -20.733000 0.281000 56.000000 65.000000 96.000000
-14.252000 -20.743000 0.277000 112.000000 123.000000 145.000000
-14.349000 -20.748000 0.288000 16.000000 18.000000 15.000000
-14.310000 -20.761000 0.279000 104.000000 114.000000 139.000000
-14.281000 -20.758000 0.276000 76.000000 89.000000 98.000000
-14.245000 -20.728000 0.281000 39.000000 48.000000 79.000000
-14.268000 -20.747000 0.278000 53.000000 63.000000 88.000000
-14.295000 -20.743000 0.283000 153.000000 162.000000 203.000000
-14.236000 -20.732000 0.279000 160.000000 172.000000 196.000000
-14.349000 -20.748000 0.288000 16.000000 18.000000 15.000000
-14.364000 -20.837000 0.247000 98.000000 123.000000 189.000000
-14.390000 -20.747000 0.290000 16.000000 17.000000 19.000000
-14.361000 -20.815000 0.262000 5.000000 6.000000 10.000000
-14.426000 -20.771000 0.261000 44.000000 37.000000 29.000000
-14.338000 -20.865000 0.241000 80.000000 88.000000 151.000000
-14.415000 -20.782000 0.258000 17.000000 17.000000 17.000000
-14.359000 -20.832000 0.252000 40.000000 55.000000 98.000000
-14.402000 -20.786000 0.262000 16.000000 16.000000 16.000000
-14.394000 -20.796000 0.259000 11.000000 9.000000 12.000000
-14.406000 -20.766000 0.272000 17.000000 17.000000 17.000000
-14.391000 -20.780000 0.270000 13.000000 15.000000 14.000000
-14.395000 -20.761000 0.279000 13.000000 12.000000 17.000000
-14.412000 -20.767000 0.269000 28.000000 26.000000 27.000000
-14.356000 -20.845000 0.246000 97.000000 123.000000 218.000000
-14.385000 -20.754000 0.288000 14.000000 15.000000 19.000000
-14.405000 -20.799000 0.253000 18.000000 14.000000 15.000000
-14.405000 -20.773000 0.268000 22.000000 15.000000 22.000000
-14.373000 -20.803000 0.264000 10.000000 10.000000 10.000000
-14.373000 -20.818000 0.254000 4.000000 4.000000 12.000000
-14.340000 -20.857000 0.245000 89.000000 103.000000 202.000000
-14.418000 -20.770000 0.265000 36.000000 32.000000 33.000000
-14.395000 -20.774000 0.272000 20.000000 15.000000 19.000000
-14.411000 -20.777000 0.264000 21.000000 19.000000 22.000000
-14.392000 -20.805000 0.254000 6.000000 10.000000 13.000000
-14.360000 -20.841000 0.247000 110.000000 134.000000 206.000000
-14.392000 -20.779000 0.270000 16.000000 16.000000 18.000000
-14.386000 -20.750000 0.290000 14.000000 15.000000 17.000000
-14.397000 -20.754000 0.283000 25.000000 24.000000 29.000000
-14.396000 -20.769000 0.274000 23.000000 14.000000 19.000000
-14.362000 -20.827000 0.254000 8.000000 18.000000 45.000000
-14.414000 -20.782000 0.259000 17.000000 17.000000 17.000000
-14.415000 -20.787000 0.255000 17.000000 18.000000 13.000000
-14.415000 -20.772000 0.264000 14.000000 12.000000 17.000000
-14.378000 -20.773000 0.279000 11.000000 14.000000 19.000000
-14.390000 -20.815000 0.249000 4.000000 8.000000 19.000000
-14.334000 -20.868000 0.241000 73.000000 81.000000 153.000000
-14.334000 -20.869000 0.241000 73.000000 81.000000 153.000000
-14.419000 -20.768000 0.265000 38.000000 34.000000 35.000000
-14.409000 -20.769000 0.269000 14.000000 14.000000 14.000000
-14.410000 -20.767000 0.270000 23.000000 23.000000 23.000000
-14.363000 -20.838000 0.246000 98.000000 123.000000 189.000000
-14.378000 -20.823000 0.249000 17.000000 18.000000 46.000000
-14.379000 -20.820000 0.251000 4.000000 6.000000 18.000000
-14.400000 -20.753000 0.282000 27.000000 26.000000 31.000000
-14.381000 -20.766000 0.282000 11.000000 16.000000 22.000000
-14.355000 -20.832000 0.254000 34.000000 52.000000 102.000000
-14.386000 -20.746000 0.292000 16.000000 17.000000 19.000000
-14.399000 -20.794000 0.258000 13.000000 11.000000 12.000000
-14.397000 -20.771000 0.273000 22.000000 16.000000 20.000000
-14.373000 -20.755000 0.288000 15.000000 16.000000 18.000000
-14.318000 -20.781000 0.274000 7.000000 8.000000 10.000000
-14.331000 -20.825000 0.258000 0.000000 12.000000 28.000000
-14.370000 -20.752000 0.289000 16.000000 18.000000 17.000000
-14.336000 -20.854000 0.247000 83.000000 107.000000 233.000000
-14.325000 -20.875000 0.238000 44.000000 40.000000 99.000000
-14.366000 -20.757000 0.287000 14.000000 17.000000 22.000000
-14.379000 -20.756000 0.288000 15.000000 16.000000 18.000000
-14.370000 -20.777000 0.279000 16.000000 16.000000 18.000000
-14.315000 -20.784000 0.272000 1.000000 5.000000 8.000000
-14.348000 -20.810000 0.265000 5.000000 3.000000 6.000000
-14.329000 -20.773000 0.278000 6.000000 8.000000 5.000000
-14.334000 -20.805000 0.266000 14.000000 8.000000 18.000000
-14.328000 -20.794000 0.270000 7.000000 8.000000 2.000000
-14.353000 -20.776000 0.278000 18.000000 16.000000 17.000000
-14.372000 -20.769000 0.282000 11.000000 14.000000 19.000000
-14.342000 -20.792000 0.272000 12.000000 10.000000 11.000000
-14.319000 -20.800000 0.266000 15.000000 15.000000 13.000000
-14.377000 -20.749000 0.291000 15.000000 16.000000 18.000000
-14.353000 -20.819000 0.262000 6.000000 10.000000 11.000000
-14.318000 -20.846000 0.249000 75.000000 109.000000 245.000000
-14.327000 -20.860000 0.244000 63.000000 91.000000 226.000000
-14.327000 -20.845000 0.250000 89.000000 123.000000 249.000000
-14.323000 -20.809000 0.264000 9.000000 4.000000 10.000000
-14.318000 -20.838000 0.252000 32.000000 58.000000 153.000000
-14.327000 -20.828000 0.257000 48.000000 63.000000 106.000000
-14.371000 -20.753000 0.288000 16.000000 18.000000 17.000000
-14.301000 -20.790000 0.269000 23.000000 29.000000 27.000000
-14.336000 -20.796000 0.270000 12.000000 11.000000 9.000000
-14.319000 -20.783000 0.273000 8.000000 9.000000 13.000000
-14.350000 -20.795000 0.271000 11.000000 9.000000 10.000000
-14.363000 -20.767000 0.283000 17.000000 18.000000 22.000000
-14.337000 -20.828000 0.257000 16.000000 30.000000 67.000000
-14.302000 -20.789000 0.269000 23.000000 29.000000 27.000000
-14.359000 -20.778000 0.278000 15.000000 13.000000 14.000000
-14.316000 -20.826000 0.256000 131.000000 148.000000 174.000000
-14.357000 -20.781000 0.277000 17.000000 15.000000 16.000000
-14.322000 -20.796000 0.268000 14.000000 9.000000 13.000000
-14.331000 -20.804000 0.266000 11.000000 6.000000 13.000000
-14.333000 -20.844000 0.251000 102.000000 134.000000 255.000000
-14.314000 -20.823000 0.257000 159.000000 172.000000 206.000000
-14.302000 -20.789000 0.269000 23.000000 29.000000 27.000000
-14.340000 -20.833000 0.256000 45.000000 61.000000 120.000000
-14.306000 -20.810000 0.261000 10.000000 11.000000 15.000000
-14.314000 -20.780000 0.274000 9.000000 13.000000 16.000000
-14.325000 -20.815000 0.261000 11.000000 13.000000 10.000000
-14.334000 -20.827000 0.257000 1.000000 14.000000 48.000000
-14.358000 -20.795000 0.272000 13.000000 11.000000 12.000000
-14.328000 -20.850000 0.248000 65.000000 97.000000 242.000000
-14.321000 -20.849000 0.248000 69.000000 104.000000 248.000000
-14.304000 -20.786000 0.271000 46.000000 51.000000 47.000000
-14.340000 -20.808000 0.265000 15.000000 9.000000 19.000000
-14.376000 -20.752000 0.289000 15.000000 16.000000 18.000000
-14.236000 -20.792000 0.282000 197.000000 205.000000 226.000000
-14.212000 -20.784000 0.286000 128.000000 142.000000 153.000000
-14.257000 -20.784000 0.277000 83.000000 91.000000 94.000000
-14.201000 -20.749000 0.287000 187.000000 203.000000 219.000000
-14.281000 -20.791000 0.272000 115.000000 129.000000 132.000000
-14.176000 -20.801000 0.294000 190.000000 205.000000 228.000000
-14.235000 -20.776000 0.281000 89.000000 102.000000 121.000000
-14.252000 -20.777000 0.278000 137.000000 148.000000 154.000000
-14.177000 -20.771000 0.293000 165.000000 184.000000 199.000000
-14.226000 -20.738000 0.281000 54.000000 68.000000 79.000000
-14.217000 -20.769000 0.284000 119.000000 136.000000 144.000000
-14.207000 -20.749000 0.286000 171.000000 186.000000 205.000000
-14.224000 -20.772000 0.283000 171.000000 188.000000 198.000000
-14.249000 -20.754000 0.277000 114.000000 122.000000 143.000000
-14.205000 -20.757000 0.286000 93.000000 109.000000 125.000000
-14.231000 -20.794000 0.283000 210.000000 221.000000 243.000000
-14.180000 -20.801000 0.294000 148.000000 159.000000 189.000000
-14.266000 -20.768000 0.274000 98.000000 109.000000 115.000000
-14.231000 -20.803000 0.283000 200.000000 212.000000 236.000000
-14.267000 -20.771000 0.274000 138.000000 148.000000 149.000000
-14.216000 -20.789000 0.286000 192.000000 204.000000 216.000000
-14.207000 -20.753000 0.286000 92.000000 108.000000 124.000000
-14.204000 -20.755000 0.287000 93.000000 109.000000 125.000000
-14.202000 -20.785000 0.288000 93.000000 108.000000 129.000000
-14.199000 -20.738000 0.287000 178.000000 189.000000 209.000000
-14.200000 -20.799000 0.289000 214.000000 223.000000 252.000000
-14.263000 -20.759000 0.275000 94.000000 103.000000 118.000000
-14.202000 -20.793000 0.289000 215.000000 227.000000 251.000000
-14.231000 -20.805000 0.283000 200.000000 212.000000 236.000000
-14.210000 -20.749000 0.285000 175.000000 189.000000 202.000000
-14.175000 -20.797000 0.295000 147.000000 165.000000 177.000000
-14.205000 -20.807000 0.289000 217.000000 224.000000 250.000000
-14.229000 -20.762000 0.282000 175.000000 193.000000 207.000000
-14.244000 -20.751000 0.278000 82.000000 93.000000 115.000000
-14.210000 -20.792000 0.287000 224.000000 236.000000 250.000000
-14.184000 -20.760000 0.291000 161.000000 183.000000 196.000000
-14.178000 -20.789000 0.294000 154.000000 160.000000 182.000000
-14.254000 -20.799000 0.278000 108.000000 111.000000 120.000000
-14.259000 -20.786000 0.277000 71.000000 79.000000 81.000000
-14.213000 -20.752000 0.285000 115.000000 131.000000 146.000000
-14.269000 -20.786000 0.275000 139.000000 148.000000 147.000000
-14.221000 -20.737000 0.282000 53.000000 67.000000 78.000000
-14.242000 -20.780000 0.280000 121.000000 133.000000 149.000000
-14.280000 -20.777000 0.272000 124.000000 132.000000 134.000000
-14.255000 -20.779000 0.277000 99.000000 108.000000 113.000000
-14.215000 -20.780000 0.286000 121.000000 135.000000 144.000000
-14.197000 -20.777000 0.289000 179.000000 194.000000 213.000000
-14.268000 -20.780000 0.274000 85.000000 94.000000 93.000000
-14.219000 -20.732000 0.282000 96.000000 108.000000 122.000000
-14.174000 -20.815000 0.296000 134.000000 151.000000 158.000000
-14.218000 -20.775000 0.285000 94.000000 108.000000 117.000000
-14.232000 -20.748000 0.280000 108.000000 122.000000 135.000000
-14.187000 -20.749000 0.290000 164.000000 179.000000 198.000000
-14.255000 -20.755000 0.276000 98.000000 106.000000 125.000000
-14.198000 -20.726000 0.286000 124.000000 140.000000 153.000000
-14.241000 -20.776000 0.280000 80.000000 93.000000 110.000000
-14.181000 -20.764000 0.292000 175.000000 197.000000 208.000000
-14.226000 -20.785000 0.283000 165.000000 177.000000 193.000000
-14.171000 -20.797000 0.295000 135.000000 148.000000 167.000000
-14.219000 -20.749000 0.283000 144.000000 158.000000 167.000000
-14.270000 -20.789000 0.275000 137.000000 146.000000 145.000000
-14.237000 -20.798000 0.282000 198.000000 209.000000 231.000000
-14.242000 -20.747000 0.278000 62.000000 75.000000 92.000000
-14.228000 -20.779000 0.283000 66.000000 79.000000 95.000000
-14.191000 -20.765000 0.290000 120.000000 137.000000 147.000000
-14.226000 -20.789000 0.284000 210.000000 221.000000 239.000000
-14.226000 -20.785000 0.283000 165.000000 177.000000 193.000000
-14.184000 -20.768000 0.291000 131.000000 148.000000 156.000000
-14.188000 -20.815000 0.293000 128.000000 143.000000 162.000000
-14.220000 -20.778000 0.284000 61.000000 75.000000 86.000000
-14.171000 -20.780000 0.294000 146.000000 155.000000 170.000000
-14.224000 -20.724000 0.281000 105.000000 116.000000 138.000000
-14.249000 -20.770000 0.278000 79.000000 95.000000 108.000000
-14.211000 -20.788000 0.287000 141.000000 155.000000 168.000000
-14.241000 -20.794000 0.281000 189.000000 196.000000 215.000000
-14.196000 -20.733000 0.287000 182.000000 196.000000 205.000000
-14.208000 -20.735000 0.285000 104.000000 116.000000 130.000000
-14.270000 -20.790000 0.275000 119.000000 125.000000 125.000000
-14.218000 -20.799000 0.286000 224.000000 232.000000 251.000000
-14.285000 -20.789000 0.271000 93.000000 104.000000 108.000000
-14.196000 -20.744000 0.288000 169.000000 180.000000 202.000000
-14.166000 -20.826000 0.297000 44.000000 56.000000 56.000000
-14.238000 -20.806000 0.281000 193.000000 204.000000 226.000000
-14.252000 -20.815000 0.275000 66.000000 68.000000 81.000000
-14.293000 -20.829000 0.259000 19.000000 20.000000 51.000000
-14.214000 -20.811000 0.287000 190.000000 196.000000 220.000000
-14.229000 -20.813000 0.282000 206.000000 214.000000 237.000000
-14.279000 -20.825000 0.265000 37.000000 45.000000 48.000000
-14.216000 -20.813000 0.286000 184.000000 189.000000 211.000000
-14.214000 -20.827000 0.283000 15.000000 25.000000 27.000000
-14.298000 -20.860000 0.250000 56.000000 92.000000 251.000000
-14.286000 -20.807000 0.267000 40.000000 39.000000 45.000000
-14.264000 -20.829000 0.268000 8.000000 14.000000 26.000000
-14.300000 -20.840000 0.254000 72.000000 95.000000 197.000000
-14.218000 -20.831000 0.281000 15.000000 28.000000 21.000000
-14.258000 -20.834000 0.268000 15.000000 29.000000 58.000000
-14.276000 -20.797000 0.273000 99.000000 109.000000 110.000000
-14.289000 -20.802000 0.267000 41.000000 44.000000 51.000000
-14.260000 -20.830000 0.268000 20.000000 23.000000 42.000000
-14.220000 -20.834000 0.279000 12.000000 27.000000 32.000000
-14.233000 -20.819000 0.279000 125.000000 132.000000 161.000000
-14.302000 -20.864000 0.247000 62.000000 93.000000 246.000000
-14.299000 -20.845000 0.253000 97.000000 127.000000 247.000000
-14.315000 -20.857000 0.246000 54.000000 94.000000 251.000000
-14.255000 -20.813000 0.274000 69.000000 71.000000 83.000000
-14.251000 -20.815000 0.275000 66.000000 68.000000 81.000000
-14.178000 -20.832000 0.292000 40.000000 41.000000 46.000000
-14.262000 -20.838000 0.266000 33.000000 39.000000 99.000000
-14.176000 -20.822000 0.295000 133.000000 142.000000 151.000000
-14.242000 -20.804000 0.281000 198.000000 204.000000 226.000000
-14.257000 -20.811000 0.274000 69.000000 71.000000 83.000000
-14.221000 -20.845000 0.276000 36.000000 50.000000 99.000000
-14.311000 -20.843000 0.250000 91.000000 121.000000 233.000000
-14.259000 -20.838000 0.267000 30.000000 49.000000 89.000000
-14.241000 -20.816000 0.278000 143.000000 153.000000 178.000000
-14.291000 -20.869000 0.249000 114.000000 120.000000 232.000000
-14.231000 -20.822000 0.279000 63.000000 65.000000 90.000000
-14.261000 -20.821000 0.271000 37.000000 37.000000 39.000000
-14.286000 -20.836000 0.259000 0.000000 2.000000 62.000000
-14.214000 -20.812000 0.287000 190.000000 196.000000 220.000000
-14.292000 -20.821000 0.261000 26.000000 29.000000 46.000000
-14.272000 -20.800000 0.273000 130.000000 135.000000 138.000000
-14.281000 -20.818000 0.266000 30.000000 30.000000 40.000000
-14.197000 -20.818000 0.290000 135.000000 147.000000 169.000000
-14.288000 -20.806000 0.267000 41.000000 42.000000 47.000000
-14.306000 -20.822000 0.257000 103.000000 114.000000 144.000000
-14.253000 -20.820000 0.273000 60.000000 67.000000 73.000000
-14.293000 -20.843000 0.255000 63.000000 85.000000 194.000000
-14.289000 -20.796000 0.269000 88.000000 97.000000 102.000000
-14.236000 -20.818000 0.279000 124.000000 131.000000 160.000000
-14.240000 -20.834000 0.273000 19.000000 27.000000 46.000000
-14.300000 -20.834000 0.256000 0.000000 4.000000 57.000000
-14.187000 -20.827000 0.291000 28.000000 31.000000 38.000000
-14.199000 -20.835000 0.285000 31.000000 34.000000 39.000000
-14.208000 -20.845000 0.279000 53.000000 59.000000 95.000000
-14.280000 -20.829000 0.263000 15.000000 17.000000 42.000000
-14.265000 -20.853000 0.261000 103.000000 133.000000 253.000000
-14.257000 -20.799000 0.278000 122.000000 125.000000 132.000000
-14.272000 -20.837000 0.263000 17.000000 19.000000 60.000000
-14.236000 -20.837000 0.274000 10.000000 20.000000 45.000000
-14.304000 -20.838000 0.254000 35.000000 51.000000 146.000000
-14.265000 -20.812000 0.272000 77.000000 77.000000 85.000000
-14.214000 -20.813000 0.286000 144.000000 152.000000 175.000000
-14.194000 -20.820000 0.290000 153.000000 165.000000 181.000000
-14.302000 -20.844000 0.253000 95.000000 129.000000 252.000000
-14.230000 -20.841000 0.275000 21.000000 37.000000 86.000000
-14.198000 -20.829000 0.287000 35.000000 40.000000 44.000000
-14.292000 -20.822000 0.261000 20.000000 27.000000 45.000000
-14.217000 -20.830000 0.281000 16.000000 29.000000 20.000000
-14.201000 -20.840000 0.283000 28.000000 32.000000 43.000000
-14.313000 -20.858000 0.246000 54.000000 97.000000 254.000000
-14.301000 -20.865000 0.247000 57.000000 79.000000 224.000000
-14.287000 -20.825000 0.262000 19.000000 25.000000 41.000000
-14.263000 -20.800000 0.276000 82.000000 87.000000 90.000000
-14.267000 -20.836000 0.265000 27.000000 31.000000 78.000000
-14.248000 -20.827000 0.273000 14.000000 19.000000 38.000000
-14.190000 -20.838000 0.287000 36.000000 37.000000 41.000000
-14.217000 -20.846000 0.277000 46.000000 59.000000 104.000000
-14.209000 -20.826000 0.285000 29.000000 38.000000 43.000000
-14.213000 -20.824000 0.284000 40.000000 49.000000 58.000000
-14.304000 -20.820000 0.258000 71.000000 81.000000 108.000000
-14.273000 -20.816000 0.269000 30.000000 32.000000 45.000000
-14.427000 -20.738000 0.348000 71.000000 54.000000 28.000000
-14.422000 -20.731000 0.307000 57.000000 44.000000 27.000000
-14.434000 -20.737000 0.362000 76.000000 53.000000 22.000000
-14.410000 -20.740000 0.326000 62.000000 50.000000 26.000000
-14.440000 -20.725000 0.313000 69.000000 53.000000 27.000000
-14.415000 -20.740000 0.336000 67.000000 53.000000 27.000000
-14.418000 -20.731000 0.297000 57.000000 45.000000 31.000000
-14.430000 -20.730000 0.319000 65.000000 51.000000 25.000000
-14.393000 -20.742000 0.302000 27.000000 26.000000 22.000000
-14.423000 -20.731000 0.310000 59.000000 46.000000 27.000000
-14.438000 -20.731000 0.340000 75.000000 56.000000 26.000000
-14.452000 -20.719000 0.303000 69.000000 52.000000 26.000000
-14.410000 -20.737000 0.311000 59.000000 48.000000 30.000000
-14.405000 -20.736000 0.296000 55.000000 45.000000 35.000000
-14.427000 -20.736000 0.341000 66.000000 49.000000 23.000000
-14.427000 -20.727000 0.296000 62.000000 51.000000 33.000000
-14.404000 -20.738000 0.307000 57.000000 45.000000 31.000000
-14.419000 -20.734000 0.313000 57.000000 44.000000 25.000000
-14.436000 -20.724000 0.299000 61.000000 49.000000 25.000000
-14.431000 -20.729000 0.316000 64.000000 50.000000 24.000000
-14.419000 -20.733000 0.309000 56.000000 43.000000 24.000000
-14.423000 -20.736000 0.335000 64.000000 48.000000 22.000000
-14.414000 -20.736000 0.314000 56.000000 43.000000 24.000000
-14.435000 -20.730000 0.328000 64.000000 47.000000 19.000000
-14.433000 -20.731000 0.328000 64.000000 49.000000 20.000000
-14.431000 -20.726000 0.299000 56.000000 44.000000 22.000000
-14.414000 -20.738000 0.327000 65.000000 50.000000 27.000000
-14.429000 -20.729000 0.308000 61.000000 49.000000 27.000000
-14.414000 -20.737000 0.319000 58.000000 45.000000 26.000000
-14.433000 -20.736000 0.354000 73.000000 52.000000 23.000000
-14.410000 -20.735000 0.302000 53.000000 44.000000 29.000000
-14.434000 -20.735000 0.351000 74.000000 53.000000 24.000000
-14.423000 -20.730000 0.305000 59.000000 46.000000 29.000000
