-14.875000 -20.158000 0.792000 188.000000 189.000000 191.000000
-14.879000 -20.150000 0.793000 147.000000 147.000000 155.000000
-14.871000 -20.135000 0.798000 67.000000 70.000000 87.000000
-14.878000 -20.211000 0.778000 121.000000 116.000000 138.000000
-14.901000 -20.193000 0.778000 87.000000 89.000000 88.000000
-14.923000 -20.177000 0.777000 56.000000 59.000000 78.000000
-14.876000 -20.166000 0.789000 105.000000 107.000000 102.000000
-14.901000 -20.138000 0.791000 41.000000 34.000000 50.000000
-14.918000 -20.141000 0.787000 39.000000 29.000000 38.000000
-14.884000 -20.153000 0.791000 148.000000 149.000000 154.000000
-14.823000 -20.149000 0.805000 47.000000 44.000000 73.000000
-14.858000 -20.200000 0.785000 81.000000 76.000000 116.000000
-14.931000 -20.137000 0.785000 41.000000 40.000000 46.000000
-14.880000 -20.140000 0.795000 50.000000 48.000000 61.000000
-14.945000 -20.134000 0.783000 15.000000 16.000000 21.000000
-14.876000 -20.169000 0.789000 130.000000 132.000000 127.000000
-14.827000 -20.156000 0.802000 54.000000 48.000000 62.000000
-14.909000 -20.178000 0.780000 83.000000 82.000000 88.000000
-14.936000 -20.144000 0.782000 37.000000 32.000000 38.000000
-14.858000 -20.175000 0.791000 139.000000 124.000000 145.000000
-14.870000 -20.209000 0.780000 105.000000 100.000000 122.000000
-14.860000 -20.173000 0.791000 161.000000 163.000000 186.000000
-14.849000 -20.184000 0.791000 97.000000 89.000000 110.000000
-14.831000 -20.232000 0.783000 111.000000 121.000000 174.000000
-14.927000 -20.169000 0.778000 34.000000 30.000000 47.000000
-14.938000 -20.130000 0.785000 14.000000 17.000000 24.000000
-14.828000 -20.196000 0.792000 100.000000 97.000000 152.000000
-14.931000 -20.149000 0.782000 24.000000 14.000000 22.000000
-14.881000 -20.173000 0.787000 118.000000 120.000000 115.000000
-14.872000 -20.135000 0.798000 41.000000 47.000000 63.000000
-14.904000 -20.131000 0.792000 55.000000 47.000000 62.000000
-14.844000 -20.196000 0.789000 131.000000 136.000000 158.000000
-14.870000 -20.217000 0.778000 142.000000 144.000000 193.000000
-14.843000 -20.210000 0.786000 114.000000 117.000000 152.000000
-14.864000 -20.135000 0.799000 124.000000 122.000000 143.000000
-14.885000 -20.143000 0.793000 52.000000 50.000000 63.000000
-14.886000 -20.153000 0.790000 53.000000 51.000000 62.000000
-14.869000 -20.219000 0.778000 142.000000 144.000000 193.000000
-14.844000 -20.158000 0.798000 157.000000 147.000000 182.000000
-14.863000 -20.224000 0.778000 137.000000 148.000000 166.000000
-14.847000 -20.184000 0.791000 97.000000 89.000000 110.000000
-14.913000 -20.146000 0.787000 41.000000 33.000000 48.000000
-14.919000 -20.142000 0.786000 41.000000 33.000000 44.000000
-14.874000 -20.173000 0.788000 153.000000 155.000000 150.000000
-14.868000 -20.180000 0.788000 158.000000 167.000000 184.000000
-14.942000 -20.158000 0.777000 35.000000 28.000000 35.000000
-14.836000 -20.186000 0.793000 138.000000 137.000000 169.000000
-14.872000 -20.213000 0.779000 117.000000 114.000000 145.000000
-14.883000 -20.210000 0.777000 87.000000 84.000000 105.000000
-14.901000 -20.157000 0.786000 65.000000 63.000000 76.000000
-14.862000 -20.179000 0.789000 172.000000 169.000000 188.000000
-14.896000 -20.179000 0.782000 156.000000 152.000000 151.000000
-14.929000 -20.132000 0.787000 29.000000 29.000000 37.000000
-14.914000 -20.168000 0.781000 61.000000 58.000000 75.000000
-14.834000 -20.187000 0.793000 142.000000 138.000000 171.000000
-14.845000 -20.214000 0.784000 120.000000 122.000000 160.000000
-14.905000 -20.188000 0.778000 134.000000 132.000000 133.000000
-14.858000 -20.190000 0.787000 128.000000 119.000000 138.000000
-14.868000 -20.136000 0.798000 151.000000 152.000000 172.000000
-14.862000 -20.148000 0.797000 176.000000 180.000000 192.000000
-14.908000 -20.155000 0.785000 56.000000 52.000000 67.000000
-14.934000 -20.169000 0.777000 38.000000 30.000000 45.000000
-14.849000 -20.164000 0.795000 160.000000 149.000000 179.000000
-14.955000 -20.127000 0.782000 37.000000 35.000000 40.000000
-14.934000 -20.163000 0.778000 39.000000 31.000000 44.000000
-14.891000 -20.183000 0.782000 116.000000 116.000000 114.000000
-14.857000 -20.144000 0.799000 176.000000 179.000000 196.000000
-14.930000 -20.132000 0.786000 29.000000 29.000000 37.000000
-14.850000 -20.226000 0.780000 142.000000 147.000000 189.000000
-14.889000 -20.198000 0.779000 157.000000 161.000000 170.000000
-14.870000 -20.179000 0.787000 158.000000 167.000000 184.000000
-14.826000 -20.160000 0.801000 42.000000 40.000000 53.000000
-14.871000 -20.171000 0.789000 154.000000 161.000000 171.000000
-14.839000 -20.155000 0.800000 148.000000 139.000000 170.000000
-14.836000 -20.158000 0.800000 101.000000 91.000000 115.000000
-14.901000 -20.172000 0.783000 113.000000 113.000000 121.000000
-14.858000 -20.182000 0.789000 104.000000 91.000000 109.000000
-14.880000 -20.152000 0.792000 144.000000 145.000000 150.000000
-14.896000 -20.140000 0.792000 52.000000 48.000000 65.000000
-14.951000 -20.147000 0.778000 40.000000 40.000000 42.000000
-14.832000 -20.253000 0.777000 51.000000 58.000000 77.000000
-14.842000 -20.202000 0.788000 154.000000 161.000000 179.000000
-14.957000 -20.148000 0.777000 36.000000 37.000000 39.000000
-14.916000 -20.131000 0.790000 39.000000 29.000000 37.000000
-14.924000 -20.130000 0.788000 52.000000 52.000000 60.000000
-14.862000 -20.157000 0.795000 137.000000 143.000000 157.000000
-14.897000 -20.177000 0.782000 163.000000 159.000000 158.000000
-14.886000 -20.183000 0.783000 144.000000 148.000000 149.000000
-14.929000 -20.171000 0.777000 32.000000 25.000000 41.000000
-14.860000 -20.202000 0.784000 64.000000 59.000000 99.000000
-14.843000 -20.252000 0.776000 108.000000 115.000000 161.000000
-14.881000 -20.152000 0.792000 151.000000 151.000000 159.000000
-14.979000 -20.128000 0.777000 61.000000 62.000000 67.000000
-14.842000 -20.229000 0.781000 136.000000 141.000000 199.000000
-14.894000 -20.133000 0.793000 48.000000 44.000000 61.000000
-14.932000 -20.141000 0.784000 38.000000 35.000000 42.000000
-14.846000 -20.162000 0.796000 115.000000 100.000000 129.000000
-14.893000 -20.176000 0.783000 173.000000 172.000000 170.000000
-14.871000 -20.219000 0.778000 60.000000 59.000000 116.000000
-14.888000 -20.178000 0.784000 125.000000 127.000000 126.000000
-14.897000 -20.183000 0.781000 156.000000 155.000000 153.000000
-14.901000 -20.183000 0.780000 153.000000 151.000000 152.000000
-14.919000 -20.148000 0.785000 40.000000 34.000000 48.000000
-14.828000 -20.175000 0.797000 136.000000 126.000000 163.000000
-14.940000 -20.143000 0.782000 27.000000 25.000000 30.000000
-14.860000 -20.139000 0.799000 141.000000 140.000000 158.000000
-14.841000 -20.232000 0.781000 130.000000 135.000000 193.000000
-14.833000 -20.167000 0.798000 58.000000 54.000000 71.000000
-14.894000 -20.159000 0.787000 43.000000 42.000000 50.000000
-14.875000 -20.192000 0.783000 181.000000 188.000000 198.000000
-14.853000 -20.168000 0.794000 154.000000 150.000000 177.000000
-14.959000 -20.133000 0.780000 43.000000 38.000000 44.000000
-14.924000 -20.166000 0.779000 34.000000 27.000000 43.000000
-14.835000 -20.213000 0.786000 100.000000 110.000000 172.000000
-14.893000 -20.139000 0.792000 62.000000 58.000000 75.000000
-14.945000 -20.141000 0.781000 29.000000 28.000000 33.000000
-14.945000 -20.127000 0.784000 26.000000 27.000000 32.000000
-14.862000 -20.188000 0.787000 92.000000 85.000000 101.000000
-14.922000 -20.126000 0.784000 37.000000 32.000000 36.000000
-14.838000 -20.136000 0.795000 138.000000 130.000000 203.000000
-14.907000 -20.129000 0.789000 84.000000 83.000000 97.000000
-14.820000 -20.133000 0.786000 159.000000 152.000000 144.000000
-14.823000 -20.132000 0.783000 144.000000 135.000000 130.000000
-14.870000 -20.129000 0.783000 98.000000 83.000000 64.000000
-14.860000 -20.127000 0.776000 146.000000 157.000000 151.000000
-14.826000 -20.137000 0.797000 133.000000 129.000000 188.000000
-14.901000 -20.126000 0.779000 75.000000 78.000000 109.000000
-14.864000 -20.131000 0.787000 125.000000 108.000000 98.000000
-14.892000 -20.130000 0.791000 52.000000 50.000000 63.000000
-14.866000 -20.127000 0.776000 121.000000 132.000000 116.000000
-14.826000 -20.136000 0.793000 150.000000 148.000000 195.000000
-14.890000 -20.125000 0.776000 59.000000 68.000000 75.000000
-14.832000 -20.137000 0.798000 90.000000 87.000000 154.000000
-14.834000 -20.139000 0.803000 164.000000 157.000000 201.000000
-14.826000 -20.135000 0.791000 196.000000 197.000000 218.000000
-14.923000 -20.126000 0.783000 37.000000 32.000000 36.000000
-14.841000 -20.129000 0.777000 166.000000 175.000000 182.000000
-14.902000 -20.127000 0.784000 87.000000 79.000000 102.000000
-14.887000 -20.131000 0.790000 75.000000 66.000000 71.000000
-14.845000 -20.138000 0.802000 108.000000 109.000000 140.000000
-14.832000 -20.131000 0.781000 164.000000 183.000000 181.000000
-14.833000 -20.138000 0.800000 101.000000 101.000000 163.000000
-14.830000 -20.132000 0.784000 164.000000 174.000000 175.000000
-14.954000 -20.122000 0.777000 62.000000 53.000000 58.000000
-14.895000 -20.126000 0.779000 68.000000 73.000000 95.000000
-14.903000 -20.125000 0.779000 75.000000 78.000000 109.000000
-14.824000 -20.133000 0.786000 202.000000 197.000000 193.000000
-14.836000 -20.131000 0.782000 140.000000 155.000000 150.000000
-14.850000 -20.135000 0.796000 134.000000 133.000000 177.000000
-14.889000 -20.126000 0.777000 62.000000 65.000000 72.000000
-14.954000 -20.123000 0.780000 53.000000 52.000000 58.000000
-14.821000 -20.156000 0.782000 145.000000 137.000000 188.000000
-14.821000 -20.151000 0.795000 132.000000 121.000000 217.000000
-14.827000 -20.215000 0.783000 82.000000 97.000000 162.000000
-14.820000 -20.149000 0.782000 105.000000 95.000000 119.000000
-14.819000 -20.149000 0.774000 125.000000 80.000000 61.000000
-14.823000 -20.165000 0.800000 144.000000 136.000000 160.000000
-14.824000 -20.188000 0.775000 154.000000 154.000000 218.000000
-14.819000 -20.146000 0.782000 87.000000 75.000000 87.000000
-14.823000 -20.171000 0.792000 184.000000 177.000000 221.000000
-14.825000 -20.194000 0.782000 174.000000 171.000000 250.000000
-14.824000 -20.195000 0.775000 172.000000 174.000000 249.000000
-14.831000 -20.250000 0.778000 46.000000 56.000000 68.000000
-14.823000 -20.178000 0.775000 125.000000 126.000000 193.000000
-14.825000 -20.191000 0.784000 188.000000 183.000000 255.000000
-14.822000 -20.164000 0.786000 150.000000 130.000000 225.000000
-14.823000 -20.173000 0.782000 163.000000 157.000000 253.000000
-14.830000 -20.237000 0.779000 93.000000 109.000000 143.000000
-14.823000 -20.175000 0.782000 163.000000 157.000000 253.000000
-14.823000 -20.174000 0.786000 158.000000 148.000000 235.000000
-14.823000 -20.172000 0.786000 184.000000 170.000000 247.000000
-14.826000 -20.196000 0.790000 136.000000 133.000000 214.000000
-14.821000 -20.149000 0.798000 114.000000 105.000000 184.000000
