-9.103500 20.501500 0.907000 159.000000 173.000000 218.000000
-9.059500 20.591500 0.826000 148.000000 164.000000 198.000000
-9.091500 20.516500 0.888000 163.000000 181.000000 229.000000
-9.079500 20.557500 0.861000 192.000000 211.000000 254.000000
-9.099500 20.515500 0.897000 163.000000 182.000000 224.000000
-9.096500 20.480500 0.905000 140.000000 154.000000 180.000000
-9.065500 20.593500 0.831000 147.000000 162.000000 191.000000
-9.109500 20.542500 0.901000 174.000000 188.000000 235.000000
-9.075500 20.536500 0.862000 179.000000 199.000000 249.000000
-9.061500 20.579500 0.832000 188.000000 208.000000 245.000000
-9.116500 20.531500 0.913000 164.000000 179.000000 222.000000
-9.104500 20.526500 0.900000 162.000000 178.000000 227.000000
-9.093500 20.537500 0.884000 191.000000 208.000000 254.000000
-9.080500 20.530500 0.870000 174.000000 195.000000 248.000000
-9.087500 20.558500 0.870000 188.000000 207.000000 250.000000
-9.101500 20.555500 0.887000 195.000000 210.000000 253.000000
-9.066500 20.559500 0.845000 185.000000 206.000000 249.000000
-9.075500 20.539500 0.862000 185.000000 203.000000 251.000000
-9.085500 20.536500 0.875000 184.000000 204.000000 255.000000
-9.081500 20.570500 0.859000 187.000000 203.000000 239.000000
-9.057500 20.571500 0.829000 190.000000 209.000000 252.000000
-9.118500 20.543500 0.912000 161.000000 177.000000 213.000000
-9.091500 20.570500 0.871000 162.000000 178.000000 212.000000
-9.079500 20.521500 0.872000 162.000000 184.000000 234.000000
-9.088500 20.522500 0.883000 171.000000 188.000000 240.000000
-9.068500 20.567500 0.843000 192.000000 211.000000 251.000000
-9.063500 20.594500 0.829000 151.000000 166.000000 195.000000
-9.112500 20.534500 0.908000 167.000000 181.000000 226.000000
-9.077500 20.566500 0.856000 190.000000 208.000000 246.000000
-9.074500 20.533500 0.861000 172.000000 192.000000 242.000000
-9.106500 20.550500 0.895000 195.000000 210.000000 251.000000
-9.109500 20.556500 0.897000 184.000000 198.000000 237.000000
-9.067500 20.556500 0.846000 185.000000 206.000000 249.000000
-9.100500 20.554500 0.886000 198.000000 213.000000 255.000000
-9.068500 20.548500 0.850000 185.000000 206.000000 251.000000
-9.081500 20.543500 0.867000 187.000000 205.000000 253.000000
-9.096500 20.535500 0.888000 193.000000 210.000000 254.000000
-9.077500 20.582500 0.850000 148.000000 162.000000 197.000000
-9.071500 20.553500 0.852000 187.000000 208.000000 251.000000
-9.084500 20.514500 0.880000 156.000000 178.000000 225.000000
-9.063500 20.578500 0.834000 186.000000 204.000000 242.000000
-9.083500 20.576500 0.859000 158.000000 172.000000 207.000000
-9.072500 20.563500 0.851000 191.000000 210.000000 252.000000
-9.064500 20.550500 0.845000 187.000000 208.000000 253.000000
-9.079500 20.533500 0.868000 176.000000 196.000000 247.000000
-9.071500 20.567500 0.847000 191.000000 209.000000 249.000000
-9.088500 20.528500 0.881000 179.000000 197.000000 247.000000
-9.057500 20.578500 0.827000 194.000000 212.000000 252.000000
-9.105500 20.532500 0.899000 178.000000 194.000000 243.000000
-9.087500 20.508500 0.885000 147.000000 165.000000 215.000000
-9.098500 20.538500 0.890000 193.000000 210.000000 253.000000
-9.062500 20.563500 0.837000 190.000000 209.000000 251.000000
-9.058500 20.592500 0.824000 150.000000 166.000000 202.000000
-9.115500 20.525500 0.914000 163.000000 177.000000 222.000000
-9.088500 20.529500 0.880000 179.000000 197.000000 247.000000
-9.094500 20.520500 0.890000 173.000000 192.000000 235.000000
-9.084500 20.526500 0.877000 166.000000 189.000000 241.000000
-9.071500 20.544500 0.855000 184.000000 205.000000 250.000000
-9.064500 20.558500 0.841000 187.000000 208.000000 251.000000
-9.107500 20.512500 0.908000 159.000000 175.000000 224.000000
-9.107500 20.550500 0.896000 195.000000 210.000000 251.000000
-9.085500 20.525500 0.877000 166.000000 189.000000 241.000000
-9.102500 20.527500 0.897000 169.000000 186.000000 232.000000
-9.110500 20.529500 0.907000 168.000000 182.000000 231.000000
-9.066500 20.526500 0.852000 168.000000 186.000000 236.000000
-9.089500 20.479500 0.896000 103.000000 116.000000 133.000000
-9.068500 20.459500 0.870000 110.000000 122.000000 138.000000
-9.085500 20.457500 0.895000 107.000000 119.000000 141.000000
-9.061500 20.520500 0.846000 153.000000 169.000000 218.000000
-9.063500 20.452500 0.864000 105.000000 117.000000 139.000000
-9.062500 20.461500 0.860000 111.000000 123.000000 139.000000
-9.064500 20.543500 0.846000 181.000000 202.000000 247.000000
-9.063500 20.467500 0.861000 109.000000 119.000000 129.000000
-9.080500 20.508500 0.876000 148.000000 171.000000 213.000000
-9.083500 20.481500 0.886000 110.000000 115.000000 134.000000
-9.062500 20.438500 0.866000 164.000000 178.000000 213.000000
-9.069500 20.446500 0.874000 132.000000 143.000000 175.000000
-9.069500 20.480500 0.867000 110.000000 118.000000 131.000000
-9.064500 20.497500 0.856000 114.000000 123.000000 152.000000
-9.075500 20.467500 0.878000 111.000000 119.000000 132.000000
-9.063500 20.509500 0.851000 138.000000 150.000000 188.000000
-9.069500 20.527500 0.856000 168.000000 188.000000 239.000000
-9.057500 20.544500 0.835000 177.000000 199.000000 249.000000
-9.077500 20.500500 0.873000 129.000000 149.000000 184.000000
-9.075500 20.464500 0.878000 110.000000 119.000000 134.000000
-9.056500 20.431500 0.859000 154.000000 170.000000 206.000000
-9.060500 20.525500 0.844000 160.000000 178.000000 228.000000
-9.055500 20.534500 0.835000 165.000000 186.000000 233.000000
-9.082500 20.478500 0.886000 111.000000 117.000000 133.000000
-9.066500 20.529500 0.852000 171.000000 189.000000 239.000000
-9.072500 20.530500 0.860000 173.000000 193.000000 244.000000
-9.065500 20.459500 0.866000 108.000000 119.000000 137.000000
-9.068500 20.508500 0.860000 143.000000 158.000000 197.000000
-9.084500 20.482500 0.888000 110.000000 115.000000 134.000000
-9.076500 20.479500 0.878000 109.000000 115.000000 129.000000
-9.078500 20.453500 0.885000 107.000000 120.000000 139.000000
-9.069500 20.490500 0.865000 109.000000 120.000000 140.000000
-9.072500 20.515500 0.863000 158.000000 176.000000 224.000000
-9.070500 20.499500 0.863000 121.000000 136.000000 167.000000
-9.085500 20.476500 0.891000 107.000000 119.000000 135.000000
-9.079500 20.455500 0.887000 108.000000 121.000000 140.000000
-9.057500 20.525500 0.840000 156.000000 177.000000 222.000000
-9.058500 20.462500 0.855000 111.000000 122.000000 140.000000
-9.061500 20.543500 0.841000 177.000000 198.000000 243.000000
-9.055500 20.516500 0.838000 146.000000 164.000000 202.000000
-9.070500 20.499500 0.864000 121.000000 136.000000 167.000000
-9.091500 20.480500 0.898000 103.000000 116.000000 135.000000
-9.071500 20.522500 0.860000 160.000000 180.000000 230.000000
-9.062500 20.518500 0.848000 153.000000 167.000000 214.000000
-9.085500 20.480500 0.890000 100.000000 113.000000 129.000000
-9.057500 20.486500 0.848000 107.000000 115.000000 134.000000
-9.055500 20.413500 0.860000 100.000000 106.000000 130.000000
-9.079500 20.496500 0.878000 128.000000 143.000000 172.000000
-9.076500 20.509500 0.870000 144.000000 163.000000 203.000000
-9.060500 20.555500 0.837000 187.000000 208.000000 253.000000
-9.071500 20.496500 0.867000 119.000000 131.000000 155.000000
-9.079500 20.473500 0.882000 113.000000 116.000000 131.000000
-9.056500 20.531500 0.837000 162.000000 183.000000 230.000000
-9.058500 20.552500 0.835000 183.000000 203.000000 254.000000
-9.076500 20.490500 0.874000 108.000000 120.000000 144.000000
-9.177500 20.472500 0.886000 169.000000 181.000000 229.000000
-9.185500 20.494500 0.911000 194.000000 206.000000 255.000000
-9.143500 20.417500 0.805000 109.000000 111.000000 126.000000
-9.133500 20.412500 0.788000 103.000000 111.000000 114.000000
-9.151500 20.433500 0.825000 113.000000 116.000000 125.000000
-9.157500 20.424500 0.827000 111.000000 113.000000 126.000000
-9.164500 20.461500 0.862000 138.000000 151.000000 193.000000
-9.157500 20.448500 0.843000 112.000000 123.000000 141.000000
-9.155500 20.423500 0.824000 115.000000 114.000000 128.000000
-9.174500 20.470500 0.881000 160.000000 173.000000 217.000000
-9.179500 20.489500 0.901000 185.000000 201.000000 252.000000
-9.135500 20.408500 0.788000 104.000000 113.000000 112.000000
-9.153500 20.408500 0.810000 110.000000 112.000000 127.000000
-9.133500 20.414500 0.789000 102.000000 109.000000 119.000000
-9.145500 20.427500 0.814000 110.000000 113.000000 120.000000
-9.151500 20.434500 0.826000 113.000000 116.000000 125.000000
-9.147500 20.412500 0.805000 109.000000 112.000000 129.000000
-9.135500 20.398500 0.781000 97.000000 96.000000 92.000000
-9.165500 20.463500 0.864000 141.000000 156.000000 199.000000
-9.143500 20.400500 0.793000 122.000000 132.000000 141.000000
-9.151500 20.434500 0.827000 112.000000 116.000000 127.000000
-9.140500 20.401500 0.789000 107.000000 118.000000 124.000000
-9.144500 20.423500 0.809000 111.000000 114.000000 123.000000
-9.153500 20.404500 0.808000 110.000000 112.000000 124.000000
-9.161500 20.432500 0.838000 108.000000 114.000000 130.000000
-9.146500 20.406500 0.800000 109.000000 112.000000 131.000000
-9.163500 20.441500 0.846000 108.000000 121.000000 138.000000
-9.149500 20.419500 0.814000 110.000000 109.000000 123.000000
-9.153500 20.439500 0.831000 109.000000 113.000000 124.000000
-9.158500 20.432500 0.834000 111.000000 114.000000 129.000000
-9.138500 20.404500 0.789000 112.000000 121.000000 130.000000
-9.148500 20.390500 0.792000 70.000000 80.000000 81.000000
-9.160500 20.448500 0.847000 110.000000 122.000000 144.000000
-9.066500 20.662500 0.786000 111.000000 122.000000 140.000000
-9.087500 20.732500 0.781000 100.000000 106.000000 122.000000
-9.070500 20.730500 0.781000 103.000000 114.000000 132.000000
-9.082500 20.731500 0.781000 101.000000 107.000000 123.000000
-9.084500 20.739500 0.781000 99.000000 106.000000 122.000000
-9.081500 20.703500 0.783000 105.000000 110.000000 129.000000
-9.060500 20.722500 0.782000 109.000000 116.000000 135.000000
-9.057500 20.694500 0.784000 111.000000 116.000000 136.000000
-9.081500 20.723500 0.782000 105.000000 110.000000 129.000000
-9.067500 20.737500 0.781000 106.000000 113.000000 132.000000
-9.093500 20.688500 0.783000 104.000000 107.000000 122.000000
-9.067500 20.719500 0.782000 107.000000 114.000000 133.000000
-9.113500 20.702500 0.782000 96.000000 96.000000 106.000000
-9.087500 20.690500 0.783000 105.000000 111.000000 127.000000
-9.093500 20.692500 0.783000 103.000000 106.000000 121.000000
-9.071500 20.694500 0.784000 108.000000 113.000000 133.000000
-9.063500 20.667500 0.785000 110.000000 121.000000 139.000000
-9.067500 20.712500 0.783000 107.000000 112.000000 132.000000
-9.096500 20.705500 0.782000 103.000000 107.000000 119.000000
-9.078500 20.730500 0.781000 103.000000 110.000000 128.000000
-9.058500 20.657500 0.786000 113.000000 126.000000 143.000000
-9.070500 20.727500 0.782000 104.000000 115.000000 133.000000
-9.083500 20.734500 0.781000 98.000000 107.000000 122.000000
-9.091500 20.712500 0.782000 104.000000 107.000000 122.000000
-9.067500 20.682500 0.784000 110.000000 117.000000 135.000000
-9.069500 20.697500 0.783000 109.000000 114.000000 134.000000
-9.088500 20.694500 0.783000 103.000000 109.000000 123.000000
-9.087500 20.711500 0.782000 105.000000 111.000000 127.000000
-9.083500 20.724500 0.781000 102.000000 108.000000 124.000000
-9.064500 20.733500 0.781000 107.000000 114.000000 133.000000
-9.072500 20.715500 0.782000 105.000000 112.000000 130.000000
-9.060500 20.743500 0.781000 109.000000 116.000000 135.000000
-9.064500 20.652500 0.786000 115.000000 126.000000 144.000000
-9.088500 20.691500 0.783000 103.000000 109.000000 123.000000
-9.067500 20.678500 0.785000 111.000000 118.000000 136.000000
-9.092500 20.698500 0.783000 103.000000 106.000000 121.000000
-9.066500 20.661500 0.786000 111.000000 122.000000 140.000000
-9.080500 20.675500 0.784000 109.000000 116.000000 132.000000
-9.057500 20.647500 0.787000 122.000000 133.000000 153.000000
-9.057500 20.707500 0.783000 110.000000 115.000000 135.000000
-9.063500 20.713500 0.783000 109.000000 114.000000 134.000000
-9.072500 20.679500 0.784000 110.000000 117.000000 133.000000
-9.081500 20.675500 0.784000 108.000000 115.000000 131.000000
-9.118500 20.685500 0.781000 93.000000 92.000000 100.000000
-9.103500 20.657500 0.782000 96.000000 101.000000 107.000000
-9.089500 20.661500 0.784000 106.000000 113.000000 129.000000
-9.084500 20.620500 0.783000 125.000000 137.000000 153.000000
-9.069500 20.608500 0.784000 132.000000 147.000000 176.000000
-9.063500 20.641500 0.786000 125.000000 133.000000 154.000000
-9.126500 20.705500 0.781000 94.000000 91.000000 98.000000
-9.123500 20.694500 0.781000 95.000000 93.000000 96.000000
-9.116500 20.695500 0.782000 95.000000 95.000000 103.000000
-9.095500 20.654500 0.783000 102.000000 110.000000 121.000000
-9.076500 20.633500 0.784000 118.000000 134.000000 150.000000
-9.102500 20.638500 0.781000 97.000000 102.000000 106.000000
-9.118500 20.694500 0.781000 95.000000 94.000000 102.000000
-9.069500 20.611500 0.784000 130.000000 147.000000 173.000000
-9.067500 20.633500 0.785000 125.000000 140.000000 161.000000
-9.079500 20.609500 0.783000 129.000000 141.000000 167.000000
-9.117500 20.689500 0.781000 94.000000 94.000000 102.000000
-9.096500 20.639500 0.782000 100.000000 109.000000 118.000000
-9.066500 20.608500 0.785000 133.000000 150.000000 178.000000
-9.098500 20.679500 0.783000 102.000000 106.000000 118.000000
-9.063500 20.626500 0.786000 131.000000 146.000000 167.000000
-9.109500 20.667500 0.781000 95.000000 96.000000 101.000000
-9.083500 20.602500 0.782000 134.000000 145.000000 177.000000
-9.072500 20.626500 0.785000 124.000000 140.000000 156.000000
-9.070500 20.637500 0.785000 124.000000 132.000000 153.000000
-9.094500 20.622500 0.781000 114.000000 122.000000 135.000000
-9.088500 20.638500 0.783000 109.000000 119.000000 131.000000
-9.087500 20.640500 0.783000 109.000000 119.000000 131.000000
-9.091500 20.614500 0.781000 127.000000 134.000000 152.000000
-9.075500 20.299500 0.792000 114.000000 123.000000 132.000000
-9.081500 20.295500 0.788000 111.000000 120.000000 129.000000
-9.068500 20.312500 0.798000 104.000000 109.000000 113.000000
-9.087500 20.347500 0.795000 79.000000 73.000000 73.000000
-9.080500 20.367500 0.802000 73.000000 69.000000 57.000000
-9.078500 20.370500 0.804000 73.000000 69.000000 57.000000
-9.060500 20.277500 0.795000 134.000000 145.000000 165.000000
-9.089500 20.346500 0.793000 79.000000 75.000000 76.000000
-9.075500 20.342500 0.800000 93.000000 87.000000 71.000000
-9.096500 20.354500 0.791000 70.000000 63.000000 53.000000
-9.086500 20.370500 0.799000 70.000000 66.000000 55.000000
-9.059500 20.353500 0.811000 92.000000 88.000000 79.000000
-9.076500 20.307500 0.792000 107.000000 109.000000 121.000000
-9.077500 20.286500 0.788000 119.000000 125.000000 141.000000
-9.087500 20.330500 0.791000 94.000000 90.000000 87.000000
-9.082500 20.302500 0.789000 105.000000 108.000000 117.000000
-9.069500 20.258500 0.787000 159.000000 172.000000 206.000000
-9.073500 20.301500 0.793000 114.000000 116.000000 128.000000
-9.064500 20.330500 0.804000 100.000000 101.000000 96.000000
-9.093500 20.363500 0.795000 69.000000 65.000000 54.000000
-9.105500 20.367500 0.789000 61.000000 56.000000 50.000000
-9.063500 20.341500 0.806000 100.000000 97.000000 90.000000
-9.077500 20.286500 0.788000 119.000000 125.000000 141.000000
-9.089500 20.288500 0.782000 98.000000 109.000000 137.000000
-9.084500 20.322500 0.791000 93.000000 93.000000 93.000000
-9.079500 20.371500 0.803000 73.000000 69.000000 57.000000
-9.080500 20.355500 0.800000 78.000000 72.000000 58.000000
-9.114500 20.354500 0.782000 67.000000 60.000000 54.000000
-9.079500 20.327500 0.795000 93.000000 97.000000 96.000000
-9.080500 20.307500 0.790000 104.000000 107.000000 116.000000
-9.057500 20.352500 0.812000 95.000000 88.000000 80.000000
-9.062500 20.220500 0.782000 156.000000 174.000000 214.000000
-9.081500 20.361500 0.801000 73.000000 69.000000 57.000000
-9.095500 20.315500 0.784000 84.000000 84.000000 92.000000
-9.074500 20.355500 0.803000 83.000000 77.000000 63.000000
-9.094500 20.341500 0.790000 78.000000 75.000000 70.000000
-9.080500 20.350500 0.799000 83.000000 77.000000 63.000000
-9.060500 20.319500 0.803000 104.000000 108.000000 111.000000
-9.074500 20.340500 0.800000 94.000000 91.000000 74.000000
-9.087500 20.352500 0.796000 76.000000 70.000000 58.000000
-9.119500 20.361500 0.781000 66.000000 61.000000 57.000000
-9.073500 20.298500 0.793000 114.000000 123.000000 132.000000
-9.069500 20.271500 0.789000 132.000000 144.000000 168.000000
-9.069500 20.285500 0.792000 124.000000 131.000000 149.000000
-9.080500 20.373500 0.803000 73.000000 69.000000 58.000000
-9.065500 20.333500 0.804000 100.000000 99.000000 94.000000
-9.059500 20.273500 0.795000 138.000000 149.000000 171.000000
-9.060500 20.277500 0.795000 134.000000 145.000000 165.000000
-9.107500 20.352500 0.785000 62.000000 55.000000 47.000000
-9.094500 20.349500 0.791000 72.000000 65.000000 55.000000
-9.059500 20.355500 0.811000 90.000000 83.000000 73.000000
-9.093500 20.373500 0.796000 66.000000 62.000000 53.000000
-9.110500 20.351500 0.783000 59.000000 52.000000 46.000000
-9.077500 20.278500 0.786000 123.000000 127.000000 154.000000
-9.082500 20.293500 0.787000 114.000000 120.000000 132.000000
-9.061500 20.233500 0.786000 163.000000 179.000000 215.000000
-9.070500 20.273500 0.789000 129.000000 140.000000 162.000000
-9.099500 20.353500 0.790000 68.000000 61.000000 51.000000
-9.063500 20.359500 0.810000 85.000000 78.000000 68.000000
-9.057500 20.347500 0.810000 98.000000 95.000000 88.000000
-9.080500 20.280500 0.785000 118.000000 124.000000 150.000000
-9.066500 20.320500 0.800000 101.000000 105.000000 108.000000
-9.090500 20.303500 0.784000 89.000000 95.000000 109.000000
-9.108500 20.341500 0.783000 57.000000 57.000000 55.000000
-9.105500 20.346500 0.785000 61.000000 61.000000 49.000000
-9.068500 20.325500 0.800000 99.000000 101.000000 98.000000
-9.091500 20.308500 0.784000 88.000000 92.000000 103.000000
-9.068500 20.352500 0.806000 86.000000 82.000000 71.000000
-9.084500 20.288500 0.785000 115.000000 123.000000 142.000000
-9.071500 20.265500 0.787000 139.000000 150.000000 178.000000
-9.074500 20.246500 0.781000 151.000000 172.000000 215.000000
-9.093500 20.364500 0.795000 69.000000 65.000000 54.000000
-9.107500 20.352500 0.785000 62.000000 55.000000 47.000000
-9.061500 20.284500 0.796000 126.000000 135.000000 152.000000
-9.060500 20.304500 0.800000 117.000000 124.000000 134.000000
-9.087500 20.335500 0.792000 90.000000 85.000000 82.000000
-9.078500 20.314500 0.793000 99.000000 103.000000 112.000000
-9.070500 20.284500 0.791000 121.000000 130.000000 147.000000
-9.078500 20.372500 0.804000 73.000000 69.000000 58.000000
-9.058500 20.360500 0.813000 84.000000 78.000000 66.000000
-9.146500 20.553500 0.855000 146.000000 162.000000 196.000000
-9.061500 20.603500 0.805000 143.000000 158.000000 189.000000
-9.175500 20.557500 0.789000 132.000000 130.000000 118.000000
-9.137500 20.574500 0.787000 127.000000 129.000000 144.000000
-9.179500 20.551500 0.805000 123.000000 128.000000 148.000000
-9.162500 20.546500 0.854000 147.000000 162.000000 195.000000
-9.121500 20.557500 0.883000 155.000000 171.000000 205.000000
-9.145500 20.545500 0.886000 149.000000 165.000000 201.000000
-9.159500 20.562500 0.796000 124.000000 130.000000 144.000000
-9.149500 20.546500 0.875000 152.000000 168.000000 202.000000
-9.101500 20.574500 0.848000 147.000000 161.000000 196.000000
-9.061500 20.607500 0.790000 140.000000 156.000000 181.000000
-9.135500 20.569500 0.809000 140.000000 155.000000 186.000000
-9.126500 20.550500 0.898000 164.000000 179.000000 218.000000
-9.065500 20.595500 0.830000 146.000000 162.000000 195.000000
-9.094500 20.595500 0.782000 125.000000 145.000000 172.000000
-9.203500 20.544500 0.791000 133.000000 129.000000 117.000000
-9.152500 20.560500 0.816000 136.000000 155.000000 188.000000
-9.135500 20.566500 0.821000 142.000000 158.000000 192.000000
-9.078500 20.585500 0.844000 147.000000 163.000000 196.000000
-9.140500 20.552500 0.866000 144.000000 160.000000 193.000000
-9.171500 20.543500 0.848000 145.000000 159.000000 194.000000
-9.113500 20.583500 0.793000 133.000000 148.000000 177.000000
-9.111500 20.572500 0.839000 147.000000 162.000000 195.000000
-9.104500 20.563500 0.888000 149.000000 165.000000 201.000000
-9.131500 20.561500 0.848000 146.000000 162.000000 195.000000
-9.154500 20.562500 0.803000 130.000000 141.000000 169.000000
-9.126500 20.567500 0.831000 145.000000 159.000000 194.000000
-9.055500 20.608500 0.798000 146.000000 154.000000 191.000000
-9.091500 20.586500 0.825000 145.000000 161.000000 194.000000
-9.093500 20.589500 0.809000 142.000000 157.000000 190.000000
-9.187500 20.553500 0.781000 138.000000 132.000000 116.000000
-9.065500 20.597500 0.823000 148.000000 163.000000 196.000000
-9.149500 20.568500 0.788000 132.000000 129.000000 136.000000
-9.128500 20.546500 0.910000 169.000000 183.000000 220.000000
-9.167500 20.554500 0.815000 135.000000 150.000000 181.000000
-9.140500 20.560500 0.836000 145.000000 160.000000 193.000000
-9.183500 20.547500 0.814000 128.000000 140.000000 164.000000
-9.104500 20.587500 0.793000 135.000000 150.000000 183.000000
-9.144500 20.569500 0.794000 126.000000 133.000000 151.000000
-9.139500 20.549500 0.881000 151.000000 167.000000 200.000000
-9.102500 20.566500 0.879000 157.000000 170.000000 212.000000
-9.179500 20.556500 0.782000 134.000000 131.000000 114.000000
-9.122500 20.563500 0.855000 147.000000 163.000000 196.000000
-9.115500 20.578500 0.809000 140.000000 155.000000 188.000000
-9.061500 20.606500 0.793000 144.000000 155.000000 185.000000
-9.125500 20.579500 0.787000 123.000000 132.000000 147.000000
-9.109500 20.571500 0.848000 147.000000 164.000000 194.000000
-9.101500 20.579500 0.828000 148.000000 161.000000 196.000000
-9.119500 20.564500 0.859000 146.000000 162.000000 195.000000
-9.119500 20.583500 0.781000 122.000000 130.000000 143.000000
-9.167500 20.559500 0.794000 129.000000 129.000000 137.000000
-9.154500 20.563500 0.801000 127.000000 135.000000 158.000000
-9.071500 20.591500 0.836000 146.000000 162.000000 195.000000
-9.120500 20.560500 0.870000 151.000000 167.000000 201.000000
-9.187500 20.551500 0.790000 133.000000 130.000000 115.000000
-9.101500 20.587500 0.797000 136.000000 152.000000 186.000000
-9.128500 20.579500 0.783000 123.000000 130.000000 138.000000
-9.171500 20.559500 0.786000 132.000000 129.000000 114.000000
-9.064500 20.604500 0.797000 145.000000 154.000000 193.000000
-9.145500 20.567500 0.801000 134.000000 144.000000 169.000000
-9.103500 20.566500 0.875000 149.000000 165.000000 199.000000
-9.134500 20.564500 0.828000 143.000000 159.000000 193.000000
-9.137500 20.558500 0.850000 146.000000 162.000000 196.000000
-9.105500 20.577500 0.830000 149.000000 162.000000 197.000000
-9.197500 20.543500 0.806000 128.000000 131.000000 136.000000
-9.161500 20.555500 0.818000 138.000000 154.000000 187.000000
-9.064500 20.598500 0.817000 145.000000 160.000000 191.000000
-9.194500 20.545500 0.804000 129.000000 130.000000 132.000000
-9.117500 20.567500 0.848000 146.000000 163.000000 193.000000
-9.146500 20.553500 0.851000 148.000000 163.000000 196.000000
-9.159500 20.549500 0.848000 146.000000 161.000000 194.000000
-9.142500 20.554500 0.856000 146.000000 162.000000 196.000000
-9.184500 20.544500 0.824000 134.000000 153.000000 185.000000
-9.169500 20.554500 0.811000 132.000000 143.000000 173.000000
-9.120500 20.560500 0.871000 153.000000 169.000000 203.000000
-9.158500 20.562500 0.797000 124.000000 130.000000 144.000000
-9.142500 20.565500 0.812000 140.000000 156.000000 189.000000
-9.128500 20.549500 0.898000 164.000000 179.000000 218.000000
-9.164500 20.556500 0.808000 133.000000 146.000000 178.000000
-9.118500 20.561500 0.871000 151.000000 167.000000 201.000000
-9.138500 20.570500 0.799000 129.000000 143.000000 170.000000
-9.121500 20.576500 0.807000 140.000000 155.000000 188.000000
-9.106500 20.567500 0.868000 151.000000 167.000000 201.000000
-9.137500 20.574500 0.789000 126.000000 129.000000 144.000000
-9.117500 20.582500 0.789000 126.000000 138.000000 160.000000
-9.161500 20.551500 0.835000 144.000000 157.000000 192.000000
-9.199500 20.547500 0.782000 138.000000 130.000000 119.000000
-9.082500 20.581500 0.855000 152.000000 167.000000 200.000000
-9.096500 20.594500 0.782000 123.000000 143.000000 168.000000
-9.110500 20.569500 0.853000 147.000000 164.000000 194.000000
-9.164500 20.557500 0.805000 128.000000 135.000000 163.000000
-9.103500 20.569500 0.864000 152.000000 168.000000 201.000000
-9.114500 20.571500 0.839000 147.000000 162.000000 195.000000
-9.173500 20.560500 0.781000 133.000000 129.000000 117.000000
-9.101500 20.576500 0.842000 145.000000 162.000000 192.000000
-9.176500 20.556500 0.791000 131.000000 128.000000 121.000000
-9.132500 20.555500 0.867000 147.000000 163.000000 197.000000
-9.091500 20.586500 0.825000 145.000000 161.000000 194.000000
-9.158500 20.565500 0.787000 131.000000 130.000000 128.000000
-9.143500 20.569500 0.796000 125.000000 136.000000 164.000000
-9.126500 20.558500 0.866000 147.000000 163.000000 197.000000
-9.115500 20.582500 0.792000 132.000000 146.000000 173.000000
-9.076500 20.590500 0.830000 145.000000 161.000000 194.000000
-9.158500 20.554500 0.828000 143.000000 158.000000 191.000000
-9.102500 20.579500 0.829000 148.000000 161.000000 196.000000
-9.112500 20.576500 0.823000 145.000000 158.000000 193.000000
-9.188500 20.545500 0.812000 126.000000 138.000000 162.000000
-9.123500 20.565500 0.844000 146.000000 162.000000 195.000000
-9.136500 20.561500 0.839000 147.000000 163.000000 197.000000
-9.164500 20.556500 0.811000 133.000000 146.000000 178.000000
-9.113500 20.560500 0.884000 152.000000 168.000000 204.000000
-9.075500 20.589500 0.835000 146.000000 162.000000 195.000000
-9.182500 20.555500 0.785000 134.000000 131.000000 112.000000
-9.098500 20.576500 0.846000 149.000000 163.000000 198.000000
-9.127500 20.561500 0.856000 146.000000 162.000000 195.000000
-9.139500 20.549500 0.883000 149.000000 165.000000 198.000000
-9.133500 20.553500 0.874000 153.000000 169.000000 203.000000
-9.104500 20.566500 0.877000 152.000000 168.000000 204.000000
-9.104500 20.566500 0.876000 149.000000 165.000000 199.000000
-9.145500 20.552500 0.859000 146.000000 162.000000 196.000000
-9.174500 20.553500 0.805000 127.000000 133.000000 157.000000
-9.126500 20.565500 0.841000 147.000000 163.000000 196.000000
-9.122500 20.568500 0.834000 146.000000 161.000000 194.000000
-9.097500 20.580500 0.834000 146.000000 163.000000 193.000000
-9.119500 20.554500 0.896000 166.000000 180.000000 219.000000
-9.091500 20.587500 0.820000 145.000000 160.000000 193.000000
-9.101500 20.565500 0.882000 152.000000 166.000000 205.000000
-9.183500 20.553500 0.787000 133.000000 130.000000 111.000000
-9.112500 20.572500 0.838000 147.000000 162.000000 195.000000
-9.102500 20.591500 0.781000 128.000000 133.000000 153.000000
-9.124500 20.565500 0.845000 146.000000 162.000000 195.000000
-9.141500 20.546500 0.889000 156.000000 172.000000 208.000000
-9.135500 20.572500 0.799000 134.000000 148.000000 177.000000
-9.149500 20.559500 0.823000 141.000000 158.000000 188.000000
-9.159500 20.544500 0.864000 146.000000 162.000000 195.000000
-9.181500 20.545500 0.824000 136.000000 155.000000 187.000000
-9.128500 20.570500 0.819000 142.000000 158.000000 192.000000
-9.103500 20.572500 0.851000 148.000000 165.000000 195.000000
-9.202500 20.543500 0.796000 132.000000 128.000000 117.000000
-9.204500 20.536500 0.812000 121.000000 128.000000 144.000000
-9.189500 20.513500 0.898000 191.000000 209.000000 249.000000
-9.197500 20.513500 0.885000 186.000000 204.000000 242.000000
-9.190500 20.526500 0.862000 146.000000 162.000000 198.000000
-9.184500 20.526500 0.873000 153.000000 169.000000 203.000000
-9.210500 20.541500 0.789000 136.000000 130.000000 114.000000
-9.147500 20.538500 0.903000 175.000000 188.000000 232.000000
-9.162500 20.530500 0.899000 177.000000 192.000000 233.000000
-9.188500 20.533500 0.844000 143.000000 157.000000 194.000000
-9.171500 20.519500 0.911000 194.000000 208.000000 253.000000
-9.186500 20.520500 0.885000 182.000000 200.000000 238.000000
-9.188500 20.506500 0.919000 197.000000 214.000000 255.000000
-9.182500 20.509500 0.920000 184.000000 201.000000 245.000000
-9.187500 20.530500 0.856000 143.000000 158.000000 197.000000
-9.168500 20.532500 0.882000 150.000000 166.000000 199.000000
-9.135500 20.541500 0.915000 163.000000 175.000000 213.000000
-9.191500 20.509500 0.905000 192.000000 209.000000 252.000000
-9.173500 20.538500 0.858000 145.000000 161.000000 195.000000
-9.171500 20.524500 0.899000 184.000000 199.000000 240.000000
-9.199500 20.538500 0.814000 125.000000 133.000000 152.000000
-9.163500 20.541500 0.867000 146.000000 162.000000 196.000000
-9.175500 20.531500 0.874000 144.000000 160.000000 194.000000
-9.197500 20.525500 0.853000 146.000000 160.000000 197.000000
-9.198500 20.540500 0.811000 120.000000 127.000000 143.000000
-9.152500 20.528500 0.922000 163.000000 179.000000 213.000000
-9.204500 20.522500 0.849000 141.000000 157.000000 193.000000
-9.143500 20.539500 0.906000 174.000000 187.000000 229.000000
-9.136500 20.543500 0.906000 170.000000 183.000000 225.000000
-9.188500 20.530500 0.853000 144.000000 158.000000 197.000000
-9.166500 20.523500 0.911000 192.000000 207.000000 250.000000
-9.180500 20.516500 0.905000 193.000000 210.000000 253.000000
-9.199500 20.538500 0.814000 125.000000 133.000000 152.000000
-9.202500 20.518500 0.864000 153.000000 171.000000 209.000000
-9.184500 20.534500 0.851000 144.000000 158.000000 197.000000
-9.157500 20.535500 0.893000 170.000000 185.000000 224.000000
-9.200500 20.526500 0.845000 141.000000 157.000000 193.000000
-9.209500 20.539500 0.794000 137.000000 131.000000 117.000000
-9.166500 20.519500 0.922000 167.000000 182.000000 225.000000
-9.182500 20.543500 0.830000 139.000000 158.000000 191.000000
-9.136500 20.542500 0.911000 170.000000 184.000000 223.000000
-9.198500 20.531500 0.835000 141.000000 159.000000 195.000000
-9.198500 20.518500 0.871000 162.000000 180.000000 218.000000
-9.148500 20.534500 0.912000 185.000000 200.000000 241.000000
-9.176500 20.540500 0.848000 145.000000 159.000000 196.000000
-9.179500 20.517500 0.904000 188.000000 205.000000 248.000000
-9.194500 20.529500 0.848000 145.000000 159.000000 196.000000
-9.185500 20.528500 0.865000 144.000000 160.000000 196.000000
-9.168500 20.518500 0.920000 167.000000 182.000000 225.000000
-9.193500 20.511500 0.898000 190.000000 208.000000 248.000000
-9.210500 20.529500 0.820000 125.000000 135.000000 160.000000
-9.139500 20.537500 0.917000 162.000000 175.000000 210.000000
-9.194500 20.539500 0.820000 135.000000 146.000000 176.000000
-9.161500 20.536500 0.885000 163.000000 179.000000 212.000000
-9.184500 20.511500 0.912000 196.000000 213.000000 255.000000
-9.166500 20.525500 0.907000 191.000000 206.000000 249.000000
-9.181500 20.523500 0.884000 172.000000 190.000000 226.000000
-9.190500 20.516500 0.889000 190.000000 208.000000 246.000000
-9.174500 20.533500 0.869000 150.000000 166.000000 200.000000
-9.155500 20.543500 0.875000 145.000000 161.000000 195.000000
-9.206500 20.527500 0.833000 141.000000 157.000000 193.000000
-9.198500 20.529500 0.840000 142.000000 158.000000 194.000000
-9.170500 20.542500 0.855000 148.000000 162.000000 197.000000
-9.150500 20.540500 0.893000 160.000000 175.000000 214.000000
-9.060500 20.406500 0.843000 87.000000 86.000000 91.000000
-9.067500 20.401500 0.824000 81.000000 82.000000 84.000000
-9.107500 20.425500 0.815000 114.000000 116.000000 137.000000
-9.087500 20.412500 0.816000 82.000000 88.000000 100.000000
-9.087500 20.401500 0.797000 81.000000 80.000000 88.000000
-9.084500 20.394500 0.789000 68.000000 64.000000 65.000000
-9.103500 20.438500 0.842000 112.000000 119.000000 137.000000
-9.087500 20.437500 0.859000 113.000000 126.000000 160.000000
-9.096500 20.441500 0.856000 109.000000 120.000000 138.000000
-9.098500 20.451500 0.871000 111.000000 120.000000 135.000000
-9.055500 20.383500 0.810000 81.000000 73.000000 62.000000
-9.084500 20.399500 0.798000 80.000000 75.000000 81.000000
-9.102500 20.434500 0.837000 112.000000 120.000000 139.000000
-9.074500 20.389500 0.795000 66.000000 61.000000 57.000000
-9.090500 20.402500 0.795000 78.000000 75.000000 82.000000
-9.057500 20.391500 0.821000 79.000000 72.000000 64.000000
-9.067500 20.408500 0.837000 87.000000 91.000000 102.000000
-9.100500 20.428500 0.829000 107.000000 115.000000 138.000000
-9.080500 20.395500 0.797000 74.000000 70.000000 71.000000
-9.094500 20.420500 0.820000 150.000000 158.000000 181.000000
-9.101500 20.423500 0.819000 111.000000 117.000000 139.000000
-9.073500 20.419500 0.850000 110.000000 122.000000 148.000000
-9.094500 20.422500 0.825000 149.000000 157.000000 180.000000
-9.080500 20.390500 0.789000 62.000000 58.000000 57.000000
-9.092500 20.455500 0.883000 110.000000 122.000000 138.000000
-9.058500 20.411500 0.854000 95.000000 100.000000 119.000000
-9.071500 20.431500 0.872000 154.000000 172.000000 208.000000
-9.058500 20.405500 0.845000 91.000000 92.000000 97.000000
-9.097500 20.400500 0.783000 72.000000 71.000000 76.000000
-9.078500 20.399500 0.809000 84.000000 82.000000 87.000000
-9.091500 20.427500 0.838000 139.000000 146.000000 174.000000
-9.071500 20.424500 0.860000 156.000000 172.000000 206.000000
-9.086500 20.398500 0.793000 81.000000 79.000000 84.000000
-9.088500 20.452500 0.884000 108.000000 121.000000 140.000000
-9.108500 20.409500 0.785000 110.000000 109.000000 114.000000
-9.067500 20.400500 0.824000 79.000000 79.000000 79.000000
-9.088500 20.441500 0.865000 109.000000 119.000000 144.000000
-9.082500 20.417500 0.834000 122.000000 126.000000 151.000000
-9.101500 20.431500 0.833000 109.000000 117.000000 138.000000
-9.062500 20.388500 0.810000 78.000000 69.000000 60.000000
-9.082500 20.394500 0.794000 73.000000 69.000000 70.000000
-9.074500 20.431500 0.867000 162.000000 178.000000 214.000000
-9.084500 20.403500 0.805000 84.000000 83.000000 91.000000
-9.109500 20.423500 0.809000 115.000000 116.000000 136.000000
-9.080500 20.393500 0.793000 66.000000 62.000000 61.000000
-9.059500 20.413500 0.856000 98.000000 104.000000 128.000000
-9.068500 20.420500 0.857000 125.000000 138.000000 170.000000
-9.091500 20.398500 0.786000 80.000000 79.000000 84.000000
-9.091500 20.445500 0.868000 113.000000 124.000000 142.000000
-9.092500 20.404500 0.796000 83.000000 83.000000 93.000000
-9.079500 20.401500 0.810000 85.000000 84.000000 90.000000
-9.073500 20.436500 0.879000 160.000000 174.000000 211.000000
-9.103500 20.428500 0.826000 112.000000 118.000000 140.000000
-9.071500 20.432500 0.874000 154.000000 172.000000 208.000000
-9.068500 20.400500 0.823000 82.000000 82.000000 84.000000
-9.082500 20.426500 0.849000 159.000000 173.000000 202.000000
-9.064500 20.404500 0.834000 78.000000 79.000000 81.000000
-9.097500 20.457500 0.883000 108.000000 120.000000 134.000000
-9.080500 20.425500 0.850000 159.000000 173.000000 202.000000
-9.084500 20.421500 0.837000 144.000000 150.000000 176.000000
-9.058500 20.408500 0.849000 94.000000 98.000000 110.000000
-9.090500 20.432500 0.846000 115.000000 122.000000 150.000000
-9.057500 20.395500 0.828000 74.000000 71.000000 66.000000
-9.061500 20.419500 0.865000 121.000000 135.000000 170.000000
-9.060500 20.397500 0.827000 76.000000 72.000000 69.000000
-9.094500 20.416500 0.815000 129.000000 137.000000 158.000000
-9.119500 20.457500 0.869000 108.000000 114.000000 126.000000
-9.131500 20.458500 0.864000 112.000000 118.000000 134.000000
-9.113500 20.411500 0.783000 129.000000 131.000000 144.000000
-9.129500 20.443500 0.837000 110.000000 116.000000 132.000000
-9.171500 20.483500 0.892000 167.000000 190.000000 242.000000
-9.159500 20.468500 0.870000 147.000000 159.000000 201.000000
-9.129500 20.419500 0.789000 101.000000 103.000000 118.000000
-9.118500 20.451500 0.858000 110.000000 117.000000 127.000000
-9.133500 20.480500 0.907000 151.000000 170.000000 210.000000
-9.113500 20.436500 0.832000 112.000000 118.000000 134.000000
-9.122500 20.473500 0.899000 115.000000 129.000000 155.000000
-9.141500 20.450500 0.843000 102.000000 114.000000 130.000000
-9.105500 20.440500 0.843000 108.000000 115.000000 131.000000
-9.110500 20.444500 0.848000 107.000000 115.000000 128.000000
-9.140500 20.464500 0.871000 118.000000 127.000000 156.000000
-9.114500 20.469500 0.895000 109.000000 117.000000 140.000000
-9.100500 20.471500 0.906000 130.000000 142.000000 166.000000
-9.137500 20.458500 0.861000 116.000000 119.000000 138.000000
-9.114500 20.442500 0.842000 109.000000 117.000000 130.000000
-9.160500 20.476500 0.885000 154.000000 174.000000 225.000000
-9.134500 20.442500 0.832000 116.000000 114.000000 135.000000
-9.114500 20.448500 0.854000 114.000000 121.000000 131.000000
-9.121500 20.460500 0.874000 108.000000 117.000000 134.000000
-9.155500 20.469500 0.874000 141.000000 159.000000 197.000000
-9.155500 20.455500 0.846000 110.000000 130.000000 155.000000
-9.154500 20.456500 0.848000 113.000000 127.000000 153.000000
-9.126500 20.458500 0.867000 111.000000 117.000000 133.000000
-9.161500 20.465500 0.862000 135.000000 157.000000 198.000000
-9.177500 20.492500 0.907000 187.000000 207.000000 255.000000
-9.134500 20.444500 0.836000 114.000000 112.000000 133.000000
-9.132500 20.465500 0.878000 113.000000 124.000000 152.000000
-9.147500 20.452500 0.845000 117.000000 123.000000 137.000000
-9.161500 20.494500 0.919000 159.000000 176.000000 230.000000
-9.111500 20.446500 0.853000 110.000000 117.000000 127.000000
-9.132500 20.428500 0.806000 107.000000 114.000000 120.000000
-9.131500 20.464500 0.876000 111.000000 121.000000 148.000000
-9.113500 20.436500 0.831000 112.000000 118.000000 134.000000
-9.124500 20.439500 0.831000 111.000000 117.000000 133.000000
-9.113500 20.425500 0.809000 112.000000 110.000000 131.000000
-9.136500 20.446500 0.839000 105.000000 117.000000 131.000000
-9.116500 20.444500 0.844000 108.000000 116.000000 129.000000
-9.122500 20.428500 0.811000 115.000000 114.000000 132.000000
-9.123500 20.459500 0.870000 108.000000 115.000000 131.000000
-9.109500 20.460500 0.881000 108.000000 116.000000 129.000000
-9.118500 20.465500 0.884000 107.000000 118.000000 138.000000
-9.168500 20.489500 0.906000 179.000000 200.000000 253.000000
-9.152500 20.455500 0.848000 113.000000 127.000000 153.000000
-9.142500 20.450500 0.843000 106.000000 115.000000 132.000000
-9.125500 20.414500 0.781000 106.000000 105.000000 123.000000
-9.118500 20.450500 0.855000 112.000000 119.000000 129.000000
-9.175500 20.487500 0.898000 176.000000 199.000000 249.000000
-9.128500 20.456500 0.863000 110.000000 113.000000 128.000000
-9.140500 20.449500 0.843000 102.000000 114.000000 130.000000
-9.132500 20.478500 0.902000 140.000000 158.000000 194.000000
-9.150500 20.488500 0.912000 162.000000 180.000000 226.000000
-9.118500 20.426500 0.808000 117.000000 116.000000 130.000000
-9.136500 20.451500 0.848000 110.000000 114.000000 126.000000
-9.115500 20.473500 0.902000 112.000000 123.000000 151.000000
-9.112500 20.424500 0.808000 112.000000 110.000000 131.000000
-9.129500 20.422500 0.795000 102.000000 108.000000 120.000000
-9.152500 20.473500 0.883000 150.000000 162.000000 202.000000
-9.126500 20.431500 0.815000 116.000000 115.000000 133.000000
-9.132500 20.447500 0.842000 107.000000 114.000000 124.000000
-9.110500 20.475500 0.909000 148.000000 163.000000 196.000000
-9.108500 20.469500 0.897000 106.000000 114.000000 137.000000
-9.124500 20.423500 0.799000 107.000000 114.000000 124.000000
-9.137500 20.485500 0.914000 157.000000 176.000000 219.000000
-9.136500 20.466500 0.878000 117.000000 130.000000 162.000000
-9.135500 20.484500 0.914000 155.000000 174.000000 217.000000
-9.114500 20.448500 0.853000 114.000000 121.000000 131.000000
-9.124500 20.423500 0.799000 107.000000 114.000000 124.000000
-9.144500 20.451500 0.843000 112.000000 118.000000 132.000000
-9.163500 20.486500 0.903000 169.000000 192.000000 242.000000
-9.144500 20.463500 0.867000 123.000000 131.000000 154.000000
-9.121500 20.416500 0.788000 108.000000 117.000000 126.000000
-9.116500 20.454500 0.865000 110.000000 117.000000 127.000000
-9.099500 20.467500 0.900000 102.000000 115.000000 132.000000
-9.127500 20.415500 0.783000 106.000000 105.000000 123.000000
-9.145500 20.478500 0.896000 147.000000 168.000000 211.000000
-9.135500 20.444500 0.835000 114.000000 112.000000 133.000000
-9.152500 20.469500 0.876000 142.000000 157.000000 200.000000
-9.110500 20.475500 0.909000 148.000000 163.000000 196.000000
-9.175500 20.460500 0.859000 144.000000 155.000000 201.000000
-9.212500 20.527500 0.814000 119.000000 127.000000 148.000000
-9.195500 20.495500 0.832000 187.000000 208.000000 253.000000
-9.187500 20.478500 0.830000 173.000000 191.000000 241.000000
-9.189500 20.500500 0.899000 197.000000 208.000000 254.000000
-9.201500 20.510500 0.842000 190.000000 206.000000 255.000000
-9.195500 20.486500 0.793000 137.000000 159.000000 198.000000
-9.166500 20.434500 0.826000 109.000000 116.000000 126.000000
-9.193500 20.501500 0.873000 190.000000 206.000000 255.000000
-9.184500 20.461500 0.781000 142.000000 161.000000 194.000000
-9.184500 20.482500 0.873000 178.000000 193.000000 248.000000
-9.186500 20.471500 0.804000 163.000000 185.000000 234.000000
-9.183500 20.467500 0.812000 154.000000 176.000000 226.000000
-9.176500 20.460500 0.844000 146.000000 163.000000 207.000000
-9.206500 20.513500 0.807000 157.000000 163.000000 185.000000
-9.198500 20.513500 0.881000 173.000000 195.000000 236.000000
-9.163500 20.421500 0.792000 107.000000 112.000000 118.000000
-9.185500 20.476500 0.835000 173.000000 191.000000 239.000000
-9.207500 20.521500 0.834000 136.000000 157.000000 204.000000
-9.161500 20.416500 0.789000 102.000000 107.000000 113.000000
-9.200500 20.499500 0.804000 199.000000 215.000000 251.000000
-9.186500 20.484500 0.862000 179.000000 201.000000 250.000000
-9.189500 20.482500 0.824000 180.000000 198.000000 248.000000
-9.183500 20.482500 0.884000 176.000000 194.000000 244.000000
-9.188500 20.471500 0.789000 156.000000 173.000000 216.000000
-9.162500 20.426500 0.821000 107.000000 111.000000 122.000000
-9.173500 20.445500 0.808000 117.000000 132.000000 151.000000
-9.184500 20.468500 0.812000 154.000000 176.000000 226.000000
-9.168500 20.431500 0.787000 111.000000 116.000000 120.000000
-9.150500 20.396500 0.795000 129.000000 132.000000 141.000000
-9.172500 20.445500 0.821000 116.000000 127.000000 147.000000
-9.187500 20.493500 0.891000 191.000000 204.000000 255.000000
-9.170500 20.441500 0.815000 110.000000 118.000000 131.000000
-9.172500 20.454500 0.857000 128.000000 143.000000 174.000000
-9.166500 20.432500 0.816000 111.000000 118.000000 128.000000
-9.195500 20.489500 0.807000 176.000000 194.000000 242.000000
-9.201500 20.504500 0.816000 191.000000 208.000000 251.000000
-9.185500 20.479500 0.851000 173.000000 194.000000 241.000000
-9.199500 20.492500 0.782000 114.000000 136.000000 183.000000
-9.176500 20.463500 0.863000 148.000000 159.000000 205.000000
-9.198500 20.503500 0.835000 186.000000 207.000000 250.000000
-9.176500 20.466500 0.876000 154.000000 171.000000 215.000000
-9.185500 20.474500 0.828000 169.000000 187.000000 235.000000
-9.184500 20.471500 0.823000 164.000000 182.000000 230.000000
-9.208500 20.513500 0.785000 84.000000 89.000000 108.000000
-9.195500 20.503500 0.864000 189.000000 205.000000 254.000000
-9.204500 20.511500 0.825000 174.000000 189.000000 230.000000
-9.194500 20.499500 0.856000 191.000000 208.000000 254.000000
-9.190500 20.495500 0.876000 186.000000 207.000000 254.000000
-9.186500 20.494500 0.905000 188.000000 206.000000 254.000000
-9.197500 20.500500 0.840000 190.000000 209.000000 252.000000
-9.165500 20.437500 0.839000 111.000000 117.000000 131.000000
-9.193500 20.487500 0.808000 171.000000 189.000000 237.000000
-9.190500 20.487500 0.843000 185.000000 203.000000 251.000000
-9.178500 20.456500 0.811000 139.000000 157.000000 193.000000
-9.173500 20.452500 0.840000 125.000000 140.000000 171.000000
-9.201500 20.503500 0.813000 196.000000 211.000000 252.000000
-9.182500 20.461500 0.801000 152.000000 170.000000 208.000000
-9.202500 20.498500 0.783000 125.000000 144.000000 184.000000
-9.209500 20.519500 0.807000 128.000000 136.000000 147.000000
-9.192500 20.490500 0.832000 183.000000 201.000000 249.000000
-9.213500 20.523500 0.788000 147.000000 144.000000 139.000000
-9.198500 20.511500 0.879000 185.000000 209.000000 247.000000
-9.183500 20.460500 0.783000 146.000000 162.000000 196.000000
-9.192500 20.494500 0.852000 190.000000 207.000000 253.000000
-9.218500 20.530500 0.781000 155.000000 147.000000 145.000000
-9.178500 20.450500 0.784000 123.000000 134.000000 154.000000
-9.189500 20.476500 0.798000 187.000000 209.000000 250.000000
-9.182500 20.467500 0.821000 160.000000 178.000000 226.000000
-9.191500 20.498500 0.882000 187.000000 208.000000 251.000000
-9.160500 20.419500 0.814000 112.000000 114.000000 126.000000
-9.194500 20.498500 0.856000 191.000000 208.000000 254.000000
-9.199500 20.502500 0.823000 190.000000 211.000000 254.000000
-9.163500 20.430500 0.830000 112.000000 116.000000 127.000000
-9.178500 20.471500 0.881000 162.000000 180.000000 228.000000
-9.187500 20.472500 0.805000 163.000000 185.000000 234.000000
-9.184500 20.488500 0.899000 186.000000 206.000000 255.000000
-9.208500 20.522500 0.832000 133.000000 154.000000 199.000000
-9.196500 20.504500 0.856000 192.000000 208.000000 255.000000
-9.168500 20.434500 0.804000 109.000000 116.000000 122.000000
-9.165500 20.429500 0.811000 110.000000 114.000000 123.000000
-9.181500 20.472500 0.853000 164.000000 185.000000 232.000000
-9.189500 20.490500 0.860000 183.000000 204.000000 251.000000
-9.179500 20.454500 0.793000 134.000000 149.000000 180.000000
-9.190500 20.495500 0.870000 184.000000 205.000000 252.000000
-9.201500 20.512500 0.849000 181.000000 195.000000 234.000000
-9.159500 20.414500 0.795000 107.000000 116.000000 123.000000
-9.198500 20.497500 0.813000 188.000000 205.000000 249.000000
-9.153500 20.399500 0.788000 104.000000 108.000000 111.000000
-9.169500 20.441500 0.824000 109.000000 118.000000 135.000000
-9.184500 20.461500 0.782000 146.000000 162.000000 196.000000
-9.200500 20.501500 0.814000 188.000000 205.000000 249.000000
-9.197500 20.492500 0.797000 150.000000 170.000000 207.000000
-9.213500 20.521500 0.781000 134.000000 137.000000 146.000000
-9.202500 20.503500 0.802000 206.000000 217.000000 247.000000
-9.212500 20.527500 0.821000 129.000000 139.000000 166.000000
-9.188500 20.496500 0.898000 191.000000 209.000000 255.000000
-9.176500 20.459500 0.842000 147.000000 165.000000 211.000000
-9.194500 20.499500 0.861000 192.000000 209.000000 255.000000
-9.196500 20.507500 0.874000 195.000000 209.000000 248.000000
-9.196500 20.499500 0.834000 187.000000 208.000000 251.000000
-9.184500 20.482500 0.874000 178.000000 193.000000 248.000000
-9.174500 20.462500 0.874000 146.000000 161.000000 202.000000
-9.183500 20.482500 0.883000 176.000000 194.000000 244.000000
-9.186500 20.473500 0.817000 160.000000 182.000000 232.000000
-9.207500 20.514500 0.808000 157.000000 163.000000 185.000000
-9.218500 20.532500 0.782000 155.000000 147.000000 145.000000
-9.184500 20.486500 0.893000 178.000000 198.000000 248.000000
-9.177500 20.458500 0.832000 142.000000 158.000000 194.000000
-9.205500 20.519500 0.847000 138.000000 162.000000 200.000000
-9.210500 20.525500 0.827000 132.000000 150.000000 190.000000
-9.187500 20.483500 0.851000 178.000000 199.000000 246.000000
-9.196500 20.504500 0.861000 189.000000 205.000000 254.000000
-9.190500 20.491500 0.863000 186.000000 204.000000 252.000000
-9.161500 20.425500 0.832000 112.000000 116.000000 128.000000
-9.191500 20.490500 0.846000 187.000000 205.000000 253.000000
-9.167500 20.438500 0.829000 110.000000 118.000000 131.000000
-9.190500 20.500500 0.903000 197.000000 208.000000 254.000000
-9.182500 20.460500 0.795000 150.000000 166.000000 202.000000
-9.195500 20.491500 0.810000 189.000000 207.000000 255.000000
-9.177500 20.465500 0.861000 154.000000 168.000000 215.000000
-9.186500 20.477500 0.830000 173.000000 191.000000 241.000000
-9.190500 20.479500 0.805000 174.000000 195.000000 242.000000
