-11.389500 20.728500 0.055000 124.000000 132.000000 145.000000
-11.368500 20.680500 0.046000 129.000000 140.000000 172.000000
-11.358500 20.664500 0.037000 78.000000 87.000000 118.000000
-11.363500 20.671500 0.042000 120.000000 131.000000 163.000000
-11.358500 20.662500 0.038000 78.000000 87.000000 118.000000
-11.362500 20.660500 0.045000 100.000000 111.000000 143.000000
-11.388500 20.736500 0.050000 117.000000 124.000000 140.000000
-11.391500 20.732500 0.057000 129.000000 137.000000 150.000000
-11.359500 20.658500 0.042000 97.000000 106.000000 139.000000
-11.373500 20.706500 0.040000 115.000000 126.000000 148.000000
-11.371500 20.692500 0.044000 121.000000 130.000000 159.000000
-11.393500 20.712500 0.069000 125.000000 133.000000 144.000000
-11.391500 20.750500 0.047000 121.000000 129.000000 142.000000
-11.396500 20.730500 0.065000 124.000000 130.000000 144.000000
-11.380500 20.716500 0.046000 115.000000 123.000000 142.000000
-11.393500 20.764500 0.043000 127.000000 135.000000 148.000000
-11.374500 20.682500 0.053000 114.000000 125.000000 145.000000
-11.393500 20.774500 0.038000 123.000000 131.000000 144.000000
-11.394500 20.778500 0.038000 126.000000 134.000000 147.000000
-11.394500 20.767500 0.043000 130.000000 136.000000 148.000000
-11.377500 20.708500 0.046000 116.000000 124.000000 147.000000
-11.393500 20.726500 0.061000 129.000000 137.000000 150.000000
-11.354500 20.654500 0.036000 62.000000 71.000000 102.000000
-11.375500 20.712500 0.040000 115.000000 126.000000 148.000000
-11.395500 20.712500 0.072000 123.000000 129.000000 141.000000
-11.380500 20.692500 0.059000 120.000000 128.000000 147.000000
-11.394500 20.741500 0.057000 127.000000 135.000000 148.000000
-11.361500 20.670500 0.039000 97.000000 108.000000 138.000000
-11.389500 20.735500 0.051000 120.000000 128.000000 141.000000
-11.372500 20.675500 0.054000 113.000000 124.000000 144.000000
-11.376500 20.693500 0.051000 114.000000 125.000000 145.000000
-11.389500 20.753500 0.042000 118.000000 125.000000 141.000000
-11.372500 20.705500 0.040000 115.000000 125.000000 150.000000
-11.391500 20.728500 0.058000 129.000000 137.000000 150.000000
-11.370500 20.689500 0.043000 126.000000 135.000000 164.000000
-11.381500 20.733500 0.040000 117.000000 126.000000 141.000000
-11.386500 20.746500 0.041000 120.000000 127.000000 143.000000
-11.397500 20.738500 0.063000 122.000000 130.000000 143.000000
-11.375500 20.706500 0.044000 114.000000 125.000000 147.000000
-11.394500 20.715500 0.069000 124.000000 132.000000 143.000000
-11.393500 20.730500 0.060000 128.000000 136.000000 149.000000
-11.386500 20.709500 0.060000 117.000000 126.000000 141.000000
-11.382500 20.713500 0.051000 121.000000 130.000000 147.000000
-11.395500 20.737500 0.059000 126.000000 134.000000 147.000000
-11.359500 20.651500 0.049000 92.000000 100.000000 136.000000
-11.362500 20.624500 0.081000 126.000000 136.000000 163.000000
-11.346500 20.623500 0.046000 22.000000 30.000000 66.000000
-11.366500 20.639500 0.076000 121.000000 131.000000 156.000000
-11.370500 20.629500 0.097000 126.000000 137.000000 157.000000
-11.353500 20.631500 0.054000 63.000000 71.000000 107.000000
-11.370500 20.664500 0.059000 118.000000 129.000000 151.000000
-11.357500 20.618500 0.078000 100.000000 104.000000 141.000000
-11.378500 20.668500 0.074000 119.000000 126.000000 142.000000
-11.382500 20.655500 0.097000 119.000000 125.000000 137.000000
-11.380500 20.648500 0.102000 119.000000 123.000000 135.000000
-11.370500 20.632500 0.094000 114.000000 125.000000 143.000000
-11.362500 20.646500 0.060000 125.000000 134.000000 167.000000
-11.347500 20.624500 0.047000 25.000000 33.000000 69.000000
-11.384500 20.647500 0.113000 116.000000 120.000000 131.000000
-11.357500 20.621500 0.074000 105.000000 109.000000 146.000000
-11.347500 20.625500 0.046000 25.000000 33.000000 69.000000
-11.353500 20.634500 0.052000 61.000000 69.000000 105.000000
-11.380500 20.636500 0.113000 115.000000 119.000000 130.000000
-11.338500 20.609500 0.039000 23.000000 29.000000 61.000000
-11.358500 20.624500 0.073000 134.000000 143.000000 174.000000
-11.362500 20.651500 0.055000 127.000000 136.000000 167.000000
-11.384500 20.656500 0.102000 122.000000 129.000000 137.000000
-11.341500 20.613500 0.045000 25.000000 34.000000 67.000000
-11.344500 20.609500 0.055000 17.000000 26.000000 59.000000
-11.389500 20.696500 0.071000 127.000000 135.000000 146.000000
-11.385500 20.692500 0.067000 117.000000 126.000000 141.000000
-11.382500 20.657500 0.095000 121.000000 127.000000 139.000000
-11.383500 20.686500 0.068000 117.000000 126.000000 141.000000
-11.360500 20.641500 0.061000 104.000000 113.000000 146.000000
-11.371500 20.669500 0.058000 115.000000 126.000000 146.000000
-11.376500 20.648500 0.094000 120.000000 128.000000 139.000000
-11.345500 20.614500 0.053000 40.000000 49.000000 82.000000
-11.366500 20.654500 0.060000 131.000000 140.000000 169.000000
-11.353500 20.621500 0.065000 53.000000 57.000000 94.000000
-11.357500 20.628500 0.068000 63.000000 72.000000 105.000000
-11.382500 20.656500 0.096000 119.000000 125.000000 137.000000
-11.384500 20.643500 0.117000 118.000000 122.000000 133.000000
-11.369500 20.659500 0.062000 119.000000 130.000000 152.000000
-11.370500 20.663500 0.060000 118.000000 129.000000 151.000000
-11.339500 20.612500 0.040000 19.000000 28.000000 59.000000
-11.349500 20.635500 0.041000 33.000000 42.000000 75.000000
-11.362500 20.656500 0.048000 101.000000 111.000000 146.000000
-11.365500 20.645500 0.068000 128.000000 138.000000 165.000000
-11.368500 20.663500 0.055000 130.000000 140.000000 167.000000
-11.339500 20.604500 0.047000 24.000000 33.000000 64.000000
-11.364500 20.642500 0.070000 134.000000 144.000000 171.000000
-11.368500 20.638500 0.083000 122.000000 130.000000 149.000000
-11.338500 20.610500 0.038000 25.000000 32.000000 61.000000
-11.376500 20.660500 0.077000 115.000000 124.000000 141.000000
-11.365500 20.637500 0.078000 124.000000 134.000000 159.000000
-11.347500 20.625500 0.047000 25.000000 33.000000 69.000000
-11.370500 20.654500 0.070000 120.000000 128.000000 151.000000
-11.395500 20.708500 0.074000 125.000000 131.000000 143.000000
-11.355500 20.623500 0.065000 108.000000 112.000000 149.000000
-11.396500 20.709500 0.076000 122.000000 128.000000 140.000000
-11.374500 20.653500 0.079000 116.000000 125.000000 142.000000
-11.340500 20.618500 0.037000 21.000000 30.000000 61.000000
-11.370500 20.669500 0.054000 119.000000 130.000000 152.000000
-11.360500 20.622500 0.105000 74.000000 80.000000 112.000000
-11.366500 20.625500 0.099000 135.000000 142.000000 168.000000
-11.329500 20.608500 0.140000 26.000000 40.000000 171.000000
-11.369500 20.635500 0.162000 85.000000 91.000000 117.000000
-11.361500 20.621500 0.087000 124.000000 134.000000 161.000000
-11.340500 20.617500 0.157000 36.000000 51.000000 206.000000
-11.354500 20.623500 0.142000 39.000000 43.000000 114.000000
-11.382500 20.638500 0.123000 113.000000 116.000000 125.000000
-11.344500 20.621500 0.170000 34.000000 56.000000 217.000000
-11.342500 20.623500 0.198000 34.000000 63.000000 251.000000
-11.335500 20.602500 0.062000 25.000000 35.000000 70.000000
-11.330500 20.599500 0.067000 25.000000 34.000000 73.000000
-11.362500 20.622500 0.092000 116.000000 126.000000 151.000000
-11.364500 20.630500 0.146000 89.000000 95.000000 129.000000
-11.369500 20.628500 0.107000 133.000000 140.000000 156.000000
-11.362500 20.623500 0.102000 105.000000 112.000000 141.000000
-11.327500 20.595500 0.042000 26.000000 32.000000 68.000000
-11.353500 20.627500 0.183000 43.000000 59.000000 204.000000
-11.365500 20.624500 0.092000 120.000000 130.000000 155.000000
-11.358500 20.620500 0.090000 83.000000 87.000000 122.000000
-11.322500 20.594500 0.061000 25.000000 32.000000 74.000000
-11.359500 20.626500 0.139000 58.000000 65.000000 111.000000
-11.327500 20.605500 0.130000 31.000000 44.000000 156.000000
-11.333500 20.613500 0.162000 39.000000 57.000000 245.000000
-11.374500 20.633500 0.121000 122.000000 129.000000 139.000000
-11.336500 20.614500 0.157000 37.000000 52.000000 215.000000
-11.340500 20.614500 0.137000 29.000000 41.000000 151.000000
-11.338500 20.614500 0.147000 37.000000 45.000000 190.000000
-11.343500 20.616500 0.136000 30.000000 39.000000 132.000000
-11.356500 20.630500 0.191000 44.000000 60.000000 199.000000
-11.353500 20.624500 0.154000 36.000000 51.000000 144.000000
-11.329500 20.597500 0.052000 26.000000 33.000000 75.000000
-11.357500 20.619500 0.096000 78.000000 82.000000 117.000000
-11.336500 20.606500 0.094000 24.000000 34.000000 85.000000
-11.354500 20.627500 0.178000 40.000000 57.000000 187.000000
-11.336500 20.614500 0.159000 37.000000 53.000000 226.000000
-11.363500 20.630500 0.153000 57.000000 64.000000 106.000000
-11.333500 20.617500 0.197000 28.000000 68.000000 252.000000
-11.344500 20.618500 0.151000 39.000000 50.000000 176.000000
-11.357500 20.622500 0.119000 37.000000 44.000000 90.000000
-11.336500 20.622500 0.222000 35.000000 81.000000 252.000000
-11.344500 20.622500 0.185000 41.000000 66.000000 246.000000
-11.345500 20.621500 0.168000 34.000000 56.000000 217.000000
-11.335500 20.600500 0.046000 25.000000 31.000000 63.000000
-11.327500 20.598500 0.068000 25.000000 34.000000 73.000000
-11.332500 20.609500 0.137000 29.000000 43.000000 165.000000
-11.338500 20.609500 0.105000 25.000000 36.000000 92.000000
-11.365500 20.625500 0.099000 135.000000 142.000000 168.000000
-11.344500 20.610500 0.085000 31.000000 38.000000 80.000000
-11.338500 20.614500 0.146000 37.000000 45.000000 190.000000
-11.330500 20.607500 0.130000 33.000000 47.000000 154.000000
-11.376500 20.633500 0.110000 119.000000 123.000000 134.000000
-11.338500 20.619500 0.186000 32.000000 62.000000 254.000000
-11.351500 20.629500 0.205000 43.000000 61.000000 255.000000
-11.348500 20.629500 0.219000 37.000000 66.000000 246.000000
-11.340500 20.611500 0.110000 25.000000 35.000000 94.000000
-11.331500 20.598500 0.047000 28.000000 34.000000 68.000000
-11.350500 20.617500 0.108000 26.000000 31.000000 73.000000
-11.357500 20.626500 0.151000 40.000000 49.000000 124.000000
-11.362500 20.624500 0.109000 87.000000 94.000000 123.000000
-11.326500 20.597500 0.059000 26.000000 33.000000 75.000000
-11.353500 20.629500 0.199000 49.000000 64.000000 225.000000
-11.335500 20.616500 0.180000 39.000000 67.000000 254.000000
-11.353500 20.623500 0.148000 35.000000 46.000000 126.000000
-11.344500 20.607500 0.060000 27.000000 37.000000 72.000000
-11.374500 20.631500 0.108000 127.000000 134.000000 144.000000
-11.361500 20.629500 0.154000 49.000000 58.000000 113.000000
-11.352500 20.623500 0.151000 34.000000 48.000000 137.000000
-11.353500 20.621500 0.127000 27.000000 36.000000 91.000000
-11.364500 20.634500 0.183000 45.000000 57.000000 115.000000
-11.338500 20.612500 0.131000 28.000000 41.000000 137.000000
-11.361500 20.628500 0.150000 57.000000 64.000000 118.000000
-11.336500 20.612500 0.137000 30.000000 43.000000 158.000000
-11.336500 20.603500 0.068000 24.000000 34.000000 70.000000
-11.374500 20.634500 0.133000 113.000000 117.000000 129.000000
-11.340500 20.617500 0.161000 36.000000 53.000000 218.000000
-11.324500 20.599500 0.091000 24.000000 35.000000 89.000000
-11.365500 20.631500 0.147000 72.000000 77.000000 117.000000
-11.353500 20.630500 0.203000 49.000000 64.000000 229.000000
-11.333500 20.600500 0.052000 25.000000 33.000000 70.000000
-11.332500 20.599500 0.051000 25.000000 33.000000 72.000000
-11.340500 20.622500 0.200000 30.000000 65.000000 251.000000
-11.372500 20.630500 0.109000 132.000000 138.000000 152.000000
-11.377500 20.636500 0.137000 109.000000 112.000000 117.000000
-11.340500 20.628500 0.253000 40.000000 83.000000 221.000000
-11.338500 20.623500 0.223000 34.000000 78.000000 249.000000
-11.290500 20.600500 0.206000 32.000000 72.000000 255.000000
-11.307500 20.598500 0.140000 31.000000 45.000000 180.000000
-11.304500 20.590500 0.091000 21.000000 31.000000 82.000000
-11.281500 20.603500 0.261000 54.000000 111.000000 252.000000
-11.304500 20.589500 0.084000 23.000000 31.000000 77.000000
-11.311500 20.598500 0.128000 30.000000 42.000000 144.000000
-11.319500 20.612500 0.204000 34.000000 74.000000 255.000000
-11.287500 20.584500 0.101000 25.000000 31.000000 91.000000
-11.313500 20.599500 0.130000 29.000000 40.000000 156.000000
-11.252500 20.588500 0.236000 40.000000 99.000000 253.000000
-11.301500 20.596500 0.147000 30.000000 44.000000 192.000000
-11.310500 20.589500 0.065000 25.000000 29.000000 76.000000
-11.285500 20.605500 0.258000 54.000000 111.000000 254.000000
-11.292500 20.607500 0.250000 54.000000 110.000000 255.000000
-11.226500 20.580500 0.254000 50.000000 111.000000 254.000000
-11.311500 20.599500 0.135000 31.000000 45.000000 170.000000
-11.298500 20.597500 0.163000 31.000000 53.000000 250.000000
-11.283500 20.595500 0.192000 33.000000 61.000000 255.000000
-11.255500 20.582500 0.176000 30.000000 53.000000 255.000000
-11.312500 20.589500 0.057000 25.000000 30.000000 70.000000
-11.294500 20.607500 0.247000 53.000000 111.000000 255.000000
-11.332500 20.618500 0.211000 29.000000 74.000000 253.000000
-11.291500 20.582500 0.071000 24.000000 28.000000 75.000000
-11.317500 20.613500 0.219000 35.000000 88.000000 254.000000
-11.288500 20.590500 0.144000 32.000000 45.000000 185.000000
-11.330500 20.613500 0.178000 43.000000 67.000000 255.000000
-11.306500 20.596500 0.131000 31.000000 43.000000 151.000000
-11.253500 20.592500 0.257000 52.000000 110.000000 253.000000
-11.294500 20.586500 0.094000 22.000000 32.000000 85.000000
-11.276500 20.591500 0.188000 31.000000 59.000000 254.000000
-11.243500 20.580500 0.199000 30.000000 63.000000 254.000000
-11.318500 20.618500 0.254000 45.000000 103.000000 249.000000
-11.307500 20.592500 0.094000 22.000000 32.000000 85.000000
-11.306500 20.611500 0.242000 47.000000 107.000000 255.000000
-11.325500 20.608500 0.157000 35.000000 48.000000 225.000000
-11.289500 20.584500 0.091000 23.000000 30.000000 82.000000
-11.314500 20.608500 0.193000 32.000000 67.000000 255.000000
-11.233500 20.584500 0.257000 51.000000 112.000000 255.000000
-11.236500 20.579500 0.215000 30.000000 76.000000 255.000000
-11.285500 20.585500 0.117000 27.000000 33.000000 117.000000
-11.252500 20.587500 0.226000 34.000000 89.000000 252.000000
-11.311500 20.610500 0.214000 33.000000 85.000000 255.000000
-11.262500 20.582500 0.157000 30.000000 46.000000 219.000000
-11.257500 20.581500 0.167000 31.000000 49.000000 247.000000
-11.295500 20.588500 0.102000 23.000000 31.000000 93.000000
-11.324500 20.605500 0.135000 27.000000 42.000000 171.000000
-11.227500 20.581500 0.254000 50.000000 111.000000 254.000000
-11.294500 20.597500 0.171000 29.000000 55.000000 255.000000
-11.238500 20.581500 0.225000 32.000000 86.000000 254.000000
-11.268500 20.599500 0.259000 54.000000 112.000000 255.000000
-11.254500 20.592500 0.249000 48.000000 109.000000 252.000000
-11.303500 20.600500 0.165000 32.000000 54.000000 251.000000
-11.299500 20.587500 0.082000 23.000000 31.000000 77.000000
-11.274500 20.583500 0.135000 29.000000 41.000000 163.000000
-11.306500 20.593500 0.108000 26.000000 33.000000 111.000000
-11.282500 20.589500 0.154000 31.000000 45.000000 216.000000
-11.237500 20.586500 0.264000 51.000000 111.000000 255.000000
-11.318500 20.597500 0.096000 22.000000 33.000000 89.000000
-11.306500 20.598500 0.145000 30.000000 44.000000 192.000000
-11.254500 20.595500 0.271000 51.000000 107.000000 254.000000
-11.303500 20.597500 0.144000 30.000000 45.000000 188.000000
-11.302500 20.596500 0.142000 30.000000 45.000000 188.000000
-11.299500 20.596500 0.149000 29.000000 44.000000 207.000000
-11.294500 20.581500 0.056000 24.000000 28.000000 66.000000
-11.313500 20.591500 0.072000 24.000000 31.000000 77.000000
-11.300500 20.608500 0.235000 42.000000 103.000000 254.000000
-11.305500 20.588500 0.075000 23.000000 30.000000 76.000000
-11.286500 20.591500 0.159000 31.000000 47.000000 228.000000
-11.298500 20.594500 0.142000 30.000000 45.000000 186.000000
-11.281500 20.599500 0.231000 37.000000 97.000000 255.000000
-11.232500 20.582500 0.250000 48.000000 108.000000 254.000000
-11.266500 20.593500 0.221000 30.000000 84.000000 254.000000
-11.260500 20.585500 0.182000 28.000000 54.000000 253.000000
-11.304500 20.594500 0.122000 31.000000 40.000000 133.000000
-11.241500 20.581500 0.212000 31.000000 73.000000 255.000000
-11.296500 20.590500 0.114000 29.000000 35.000000 121.000000
-11.274500 20.587500 0.163000 33.000000 51.000000 247.000000
-11.284500 20.590500 0.153000 29.000000 45.000000 216.000000
-11.317500 20.616500 0.237000 48.000000 102.000000 254.000000
-11.306500 20.587500 0.063000 24.000000 28.000000 75.000000
-11.284500 20.582500 0.094000 23.000000 30.000000 84.000000
-11.259500 20.588500 0.207000 31.000000 69.000000 254.000000
-11.278500 20.597500 0.222000 32.000000 86.000000 254.000000
-11.292500 20.608500 0.255000 54.000000 110.000000 255.000000
-11.312500 20.607500 0.190000 32.000000 66.000000 255.000000
-11.309500 20.592500 0.090000 22.000000 32.000000 83.000000
-11.324500 20.616500 0.215000 33.000000 80.000000 255.000000
-11.298500 20.595500 0.144000 30.000000 45.000000 190.000000
-11.301500 20.582500 0.042000 22.000000 25.000000 66.000000
-11.312500 20.606500 0.182000 34.000000 64.000000 255.000000
-11.299500 20.595500 0.141000 31.000000 45.000000 180.000000
-11.274500 20.588500 0.172000 30.000000 53.000000 253.000000
-11.311500 20.614500 0.242000 50.000000 106.000000 255.000000
-11.315500 20.609500 0.194000 32.000000 67.000000 255.000000
-11.322500 20.614500 0.214000 35.000000 82.000000 255.000000
-11.285500 20.597500 0.203000 32.000000 70.000000 255.000000
-11.257500 20.587500 0.208000 32.000000 70.000000 255.000000
-11.304500 20.586500 0.062000 25.000000 28.000000 73.000000
-11.307500 20.612500 0.238000 45.000000 105.000000 255.000000
-11.319500 20.618500 0.246000 45.000000 105.000000 255.000000
-11.253500 20.591500 0.251000 49.000000 110.000000 253.000000
-11.263500 20.582500 0.153000 28.000000 44.000000 201.000000
-11.295500 20.593500 0.138000 31.000000 45.000000 178.000000
-11.274500 20.580500 0.113000 26.000000 32.000000 110.000000
-11.216500 20.578500 0.270000 50.000000 114.000000 250.000000
-11.287500 20.606500 0.263000 53.000000 108.000000 250.000000
-11.241500 20.588500 0.262000 51.000000 111.000000 255.000000
-11.304500 20.608500 0.225000 35.000000 95.000000 253.000000
-11.289500 20.587500 0.112000 28.000000 33.000000 114.000000
-11.323500 20.619500 0.243000 46.000000 106.000000 254.000000
-11.304500 20.609500 0.229000 36.000000 96.000000 252.000000
-11.274500 20.584500 0.142000 29.000000 42.000000 180.000000
-11.217500 20.579500 0.271000 52.000000 114.000000 251.000000
-11.302500 20.592500 0.112000 27.000000 34.000000 115.000000
-11.274500 20.589500 0.179000 29.000000 56.000000 251.000000
-11.237500 20.583500 0.240000 40.000000 101.000000 254.000000
-11.282500 20.599500 0.223000 32.000000 89.000000 254.000000
-11.313500 20.614500 0.240000 50.000000 104.000000 254.000000
-11.226500 20.582500 0.269000 53.000000 115.000000 252.000000
-11.330500 20.619500 0.225000 37.000000 89.000000 251.000000
-11.303500 20.598500 0.152000 28.000000 45.000000 211.000000
-11.255500 20.591500 0.242000 44.000000 103.000000 255.000000
-11.273500 20.589500 0.183000 29.000000 56.000000 251.000000
-11.272500 20.601500 0.271000 53.000000 108.000000 250.000000
-11.300500 20.592500 0.116000 29.000000 35.000000 123.000000
-11.298500 20.587500 0.086000 23.000000 31.000000 77.000000
-11.308500 20.614500 0.257000 51.000000 106.000000 248.000000
-11.320500 20.597500 0.091000 23.000000 34.000000 88.000000
-11.274500 20.597500 0.240000 44.000000 103.000000 255.000000
-11.258500 20.585500 0.187000 30.000000 56.000000 254.000000
-11.267500 20.597500 0.248000 46.000000 108.000000 253.000000
-11.307500 20.584500 0.041000 22.000000 27.000000 65.000000
-11.312500 20.606500 0.181000 34.000000 64.000000 255.000000
-11.278500 20.594500 0.204000 33.000000 68.000000 254.000000
-11.276500 20.581500 0.111000 26.000000 32.000000 110.000000
-11.236500 20.583500 0.242000 42.000000 103.000000 254.000000
-11.257500 20.594500 0.261000 52.000000 110.000000 255.000000
-11.307500 20.610500 0.226000 34.000000 94.000000 252.000000
-11.313500 20.600500 0.138000 30.000000 43.000000 184.000000
-11.305500 20.593500 0.112000 27.000000 34.000000 115.000000
-11.271500 20.580500 0.121000 29.000000 36.000000 126.000000
-11.262500 20.583500 0.163000 30.000000 47.000000 238.000000
-11.285500 20.584500 0.110000 26.000000 32.000000 106.000000
-11.316500 20.598500 0.113000 27.000000 35.000000 118.000000
-11.267500 20.595500 0.231000 34.000000 92.000000 251.000000
-11.306500 20.603500 0.180000 30.000000 63.000000 252.000000
-11.294500 20.583500 0.069000 22.000000 26.000000 73.000000
-11.242500 20.586500 0.249000 47.000000 107.000000 255.000000
-11.292500 20.592500 0.147000 29.000000 44.000000 205.000000
-11.314500 20.591500 0.070000 23.000000 30.000000 76.000000
-11.213500 20.578500 0.278000 55.000000 112.000000 253.000000
-11.311500 20.587500 0.047000 24.000000 30.000000 66.000000
-11.290500 20.608500 0.265000 54.000000 107.000000 247.000000
-11.297500 20.602500 0.203000 33.000000 72.000000 255.000000
-11.320500 20.619500 0.254000 45.000000 103.000000 249.000000
-11.305500 20.583500 0.037000 22.000000 26.000000 64.000000
-11.276500 20.594500 0.208000 31.000000 73.000000 255.000000
-11.328500 20.617500 0.218000 30.000000 80.000000 253.000000
-11.296500 20.610500 0.262000 52.000000 105.000000 247.000000
-11.316500 20.610500 0.201000 34.000000 73.000000 255.000000
-11.313500 20.612500 0.224000 34.000000 92.000000 254.000000
-11.290500 20.595500 0.172000 27.000000 55.000000 253.000000
-11.318500 20.599500 0.112000 28.000000 36.000000 117.000000
-11.228500 20.584500 0.277000 55.000000 111.000000 255.000000
-11.308500 20.602500 0.164000 32.000000 54.000000 251.000000
-11.302500 20.590500 0.100000 22.000000 30.000000 93.000000
-11.308500 20.608500 0.208000 29.000000 76.000000 252.000000
-11.300500 20.590500 0.105000 25.000000 32.000000 102.000000
-11.331500 20.621500 0.235000 40.000000 94.000000 246.000000
-11.292500 20.583500 0.082000 22.000000 30.000000 76.000000
-11.308500 20.614500 0.249000 49.000000 105.000000 254.000000
-11.280500 20.584500 0.122000 32.000000 39.000000 129.000000
-11.232500 20.583500 0.253000 50.000000 110.000000 255.000000
-11.256500 20.590500 0.234000 37.000000 96.000000 252.000000
-11.312500 20.614500 0.241000 50.000000 104.000000 254.000000
-11.293500 20.604500 0.224000 33.000000 91.000000 253.000000
-11.288500 20.587500 0.120000 30.000000 37.000000 128.000000
-11.315500 20.616500 0.245000 49.000000 106.000000 255.000000
-11.261500 20.592500 0.230000 34.000000 92.000000 251.000000
-11.293500 20.588500 0.115000 28.000000 34.000000 120.000000
-11.315500 20.614500 0.236000 45.000000 100.000000 252.000000
-11.209500 20.551500 0.122000 22.000000 24.000000 63.000000
-11.228500 20.561500 0.117000 23.000000 27.000000 90.000000
-11.260500 20.573500 0.103000 28.000000 32.000000 95.000000
-11.261500 20.564500 0.038000 21.000000 23.000000 36.000000
-11.202500 20.545500 0.101000 14.000000 18.000000 47.000000
-11.234500 20.556500 0.069000 22.000000 26.000000 63.000000
-11.242500 20.577500 0.182000 27.000000 53.000000 252.000000
-11.249500 20.559500 0.045000 18.000000 17.000000 31.000000
-11.197500 20.539500 0.076000 16.000000 20.000000 47.000000
-11.224500 20.576500 0.228000 30.000000 82.000000 254.000000
-11.255500 20.575500 0.128000 28.000000 37.000000 132.000000
-11.202500 20.562500 0.210000 33.000000 52.000000 217.000000
-11.219500 20.560500 0.143000 20.000000 35.000000 130.000000
-11.239500 20.567500 0.126000 23.000000 31.000000 114.000000
-11.221500 20.551500 0.075000 24.000000 27.000000 62.000000
-11.247500 20.557500 0.037000 33.000000 32.000000 37.000000
-11.247500 20.572500 0.137000 28.000000 41.000000 155.000000
-11.252500 20.562500 0.056000 23.000000 28.000000 60.000000
-11.244500 20.565500 0.098000 23.000000 30.000000 76.000000
-11.221500 20.566500 0.175000 26.000000 45.000000 227.000000
-11.226500 20.566500 0.160000 26.000000 42.000000 190.000000
-11.268500 20.577500 0.108000 27.000000 32.000000 98.000000
-11.199500 20.540500 0.080000 10.000000 16.000000 40.000000
-11.235500 20.576500 0.195000 32.000000 57.000000 255.000000
-11.254500 20.567500 0.080000 24.000000 31.000000 75.000000
-11.284500 20.580500 0.077000 22.000000 29.000000 75.000000
-11.204500 20.567500 0.243000 29.000000 79.000000 254.000000
-11.227500 20.558500 0.102000 22.000000 26.000000 71.000000
-11.207500 20.572500 0.264000 44.000000 109.000000 255.000000
-11.295500 20.579500 0.043000 22.000000 25.000000 66.000000
-11.261500 20.578500 0.133000 27.000000 37.000000 150.000000
-11.210500 20.551500 0.108000 25.000000 24.000000 58.000000
-11.211500 20.547500 0.081000 16.000000 21.000000 50.000000
-11.258500 20.575500 0.124000 30.000000 37.000000 128.000000
-11.208500 20.555500 0.152000 23.000000 30.000000 111.000000
-11.268500 20.569500 0.049000 24.000000 28.000000 66.000000
-11.285500 20.576500 0.052000 26.000000 28.000000 67.000000
-11.207500 20.557500 0.163000 22.000000 28.000000 124.000000
-11.208500 20.548500 0.106000 25.000000 24.000000 58.000000
-11.253500 20.578500 0.155000 26.000000 44.000000 204.000000
-11.219500 20.564500 0.165000 26.000000 42.000000 199.000000
-11.207500 20.539500 0.047000 33.000000 31.000000 34.000000
-11.245500 20.575500 0.158000 26.000000 44.000000 212.000000
-11.240500 20.577500 0.191000 31.000000 57.000000 255.000000
-11.283500 20.579500 0.077000 22.000000 29.000000 75.000000
-11.266500 20.569500 0.057000 24.000000 28.000000 66.000000
-11.219500 20.568500 0.192000 33.000000 52.000000 252.000000
-11.202500 20.549500 0.127000 14.000000 18.000000 53.000000
-11.228500 20.560500 0.112000 23.000000 26.000000 81.000000
-11.264500 20.574500 0.095000 28.000000 31.000000 86.000000
-11.237500 20.559500 0.079000 22.000000 29.000000 71.000000
-11.233500 20.570500 0.165000 32.000000 48.000000 229.000000
-11.246500 20.578500 0.176000 28.000000 51.000000 251.000000
-11.275500 20.573500 0.064000 27.000000 29.000000 77.000000
-11.247500 20.575500 0.150000 26.000000 43.000000 191.000000
-11.224500 20.552500 0.075000 23.000000 26.000000 61.000000
-11.206500 20.561500 0.191000 33.000000 51.000000 223.000000
-11.243500 20.569500 0.128000 24.000000 35.000000 125.000000
-11.228500 20.559500 0.108000 23.000000 26.000000 77.000000
-11.254500 20.573500 0.118000 27.000000 34.000000 112.000000
-11.235500 20.555500 0.063000 27.000000 29.000000 54.000000
-11.221500 20.561500 0.145000 20.000000 35.000000 130.000000
-11.284500 20.578500 0.071000 24.000000 28.000000 75.000000
-11.237500 20.559500 0.079000 22.000000 29.000000 71.000000
-11.211500 20.553500 0.122000 22.000000 23.000000 67.000000
-11.226500 20.550500 0.053000 33.000000 32.000000 30.000000
-11.253500 20.565500 0.069000 23.000000 27.000000 74.000000
-11.226500 20.569500 0.178000 32.000000 52.000000 245.000000
-11.198500 20.542500 0.092000 7.000000 13.000000 39.000000
-11.264500 20.573500 0.089000 28.000000 31.000000 82.000000
-11.254500 20.569500 0.093000 25.000000 31.000000 79.000000
-11.250500 20.568500 0.098000 25.000000 31.000000 81.000000
-11.284500 20.580500 0.083000 22.000000 29.000000 75.000000
-11.261500 20.574500 0.102000 27.000000 31.000000 92.000000
-11.257500 20.573500 0.113000 30.000000 34.000000 105.000000
-11.228500 20.553500 0.069000 22.000000 25.000000 58.000000
-11.209500 20.564500 0.197000 33.000000 57.000000 243.000000
-11.229500 20.557500 0.093000 22.000000 25.000000 66.000000
-11.244500 20.572500 0.142000 26.000000 41.000000 166.000000
-11.234500 20.572500 0.174000 30.000000 52.000000 251.000000
-11.209500 20.554500 0.130000 22.000000 24.000000 75.000000
-11.225500 20.573500 0.204000 29.000000 62.000000 255.000000
-11.218500 20.570500 0.211000 27.000000 64.000000 255.000000
-11.231500 20.560500 0.103000 20.000000 26.000000 76.000000
-11.203500 20.563500 0.219000 30.000000 58.000000 243.000000
-11.266500 20.567500 0.047000 23.000000 27.000000 62.000000
-11.203500 20.564500 0.221000 30.000000 60.000000 246.000000
-11.214500 20.566500 0.199000 30.000000 56.000000 255.000000
-11.232500 20.551500 0.040000 31.000000 27.000000 28.000000
-11.206500 20.558500 0.177000 26.000000 35.000000 166.000000
-11.276500 20.572500 0.050000 26.000000 29.000000 70.000000
-11.265500 20.573500 0.087000 27.000000 31.000000 78.000000
-11.209500 20.556500 0.148000 20.000000 29.000000 96.000000
-11.202500 20.551500 0.142000 15.000000 23.000000 72.000000
-11.213500 20.545500 0.061000 33.000000 33.000000 41.000000
-11.258500 20.565500 0.055000 23.000000 27.000000 64.000000
-11.204500 20.548500 0.118000 20.000000 20.000000 54.000000
-11.216500 20.567500 0.196000 34.000000 53.000000 253.000000
-11.230500 20.567500 0.153000 25.000000 43.000000 181.000000
-11.209500 20.541500 0.052000 30.000000 28.000000 31.000000
-11.200500 20.550500 0.141000 10.000000 19.000000 62.000000
-11.213500 20.567500 0.208000 30.000000 60.000000 255.000000
-11.207500 20.565500 0.214000 31.000000 58.000000 249.000000
-11.215500 20.574500 0.247000 44.000000 103.000000 255.000000
-11.208500 20.568500 0.231000 25.000000 71.000000 255.000000
-11.231500 20.573500 0.190000 30.000000 52.000000 255.000000
-11.225500 20.558500 0.109000 23.000000 26.000000 79.000000
-11.217500 20.558500 0.139000 23.000000 30.000000 108.000000
-11.284500 20.576500 0.052000 26.000000 28.000000 67.000000
-11.210500 20.556500 0.141000 18.000000 26.000000 98.000000
-11.239500 20.560500 0.078000 22.000000 29.000000 73.000000
-11.280500 20.578500 0.078000 25.000000 29.000000 76.000000
-11.282500 20.576500 0.062000 26.000000 29.000000 74.000000
-11.215500 20.549500 0.083000 16.000000 21.000000 53.000000
-11.209500 20.569500 0.233000 24.000000 73.000000 253.000000
-11.225500 20.547500 0.038000 36.000000 32.000000 29.000000
-11.231500 20.567500 0.153000 25.000000 43.000000 181.000000
-11.242500 20.563500 0.092000 23.000000 30.000000 74.000000
-11.233500 20.564500 0.125000 23.000000 32.000000 111.000000
-11.256500 20.575500 0.130000 28.000000 37.000000 138.000000
-11.234500 20.566500 0.138000 27.000000 39.000000 147.000000
-11.223500 20.576500 0.232000 30.000000 84.000000 252.000000
-11.254500 20.571500 0.108000 27.000000 33.000000 91.000000
-11.258500 20.570500 0.087000 24.000000 31.000000 77.000000
-11.200500 20.546500 0.112000 10.000000 15.000000 44.000000
-11.207500 20.570500 0.251000 42.000000 97.000000 255.000000
-11.216500 20.545500 0.053000 32.000000 32.000000 32.000000
-11.233500 20.577500 0.212000 30.000000 72.000000 255.000000
-11.237500 20.566500 0.125000 23.000000 31.000000 112.000000
-11.206500 20.554500 0.149000 21.000000 28.000000 96.000000
-11.204500 20.559500 0.186000 26.000000 38.000000 184.000000
-11.261500 20.577500 0.125000 30.000000 36.000000 130.000000
-11.223500 20.552500 0.079000 21.000000 23.000000 61.000000
-11.276500 20.574500 0.066000 27.000000 29.000000 77.000000
-11.209500 20.558500 0.160000 24.000000 32.000000 141.000000
-11.243500 20.565500 0.098000 23.000000 30.000000 76.000000
-11.267500 20.580500 0.126000 27.000000 36.000000 127.000000
-11.252500 20.576500 0.143000 28.000000 41.000000 169.000000
-11.265500 20.578500 0.120000 25.000000 30.000000 122.000000
-11.219500 20.545500 0.044000 29.000000 25.000000 22.000000
-11.262500 20.569500 0.069000 24.000000 28.000000 75.000000
-11.286500 20.576500 0.049000 23.000000 26.000000 69.000000
-11.249500 20.559500 0.041000 23.000000 23.000000 33.000000
-11.233500 20.574500 0.189000 28.000000 53.000000 255.000000
-11.237500 20.553500 0.040000 33.000000 28.000000 32.000000
-11.205500 20.573500 0.296000 56.000000 104.000000 248.000000
-11.204500 20.569500 0.258000 41.000000 99.000000 255.000000
-11.351500 20.756500 0.247000 16.000000 19.000000 28.000000
-11.312500 20.819500 0.282000 12.000000 16.000000 17.000000
-11.301500 20.830500 0.290000 15.000000 17.000000 16.000000
-11.342500 20.781500 0.256000 41.000000 45.000000 82.000000
-11.331500 20.755500 0.262000 17.000000 18.000000 48.000000
-11.310500 20.795500 0.281000 15.000000 15.000000 25.000000
-11.300500 20.745500 0.284000 19.000000 20.000000 40.000000
-11.312500 20.795500 0.279000 16.000000 16.000000 26.000000
-11.314500 20.820500 0.280000 12.000000 16.000000 17.000000
-11.347500 20.780500 0.253000 13.000000 18.000000 48.000000
-11.325500 20.809500 0.271000 17.000000 14.000000 23.000000
-11.324500 20.762500 0.268000 13.000000 23.000000 33.000000
-11.298500 20.741500 0.285000 18.000000 18.000000 42.000000
-11.308500 20.772500 0.281000 17.000000 16.000000 48.000000
-11.304500 20.808500 0.287000 15.000000 14.000000 22.000000
-11.352500 20.771500 0.248000 14.000000 20.000000 34.000000
-11.307500 20.751500 0.279000 17.000000 19.000000 40.000000
-11.304500 20.775500 0.284000 20.000000 18.000000 39.000000
-11.294500 20.782500 0.292000 20.000000 29.000000 36.000000
-11.304500 20.754500 0.282000 13.000000 19.000000 51.000000
-11.350500 20.771500 0.250000 15.000000 21.000000 35.000000
-11.305500 20.723500 0.278000 3.000000 10.000000 38.000000
-11.347500 20.785500 0.253000 19.000000 23.000000 58.000000
-11.295500 20.818500 0.294000 15.000000 14.000000 20.000000
-11.319500 20.756500 0.271000 19.000000 17.000000 38.000000
-11.298500 20.754500 0.287000 62.000000 74.000000 122.000000
-11.323500 20.786500 0.271000 14.000000 19.000000 12.000000
-11.322500 20.730500 0.267000 11.000000 15.000000 40.000000
-11.351500 20.763500 0.248000 17.000000 20.000000 29.000000
-11.317500 20.759500 0.273000 17.000000 20.000000 37.000000
-11.307500 20.825500 0.286000 14.000000 18.000000 19.000000
-11.295500 20.838500 0.296000 16.000000 17.000000 21.000000
-11.296500 20.814500 0.293000 16.000000 14.000000 25.000000
-11.308500 20.781500 0.282000 24.000000 27.000000 42.000000
-11.333500 20.774500 0.262000 10.000000 15.000000 45.000000
-11.305500 20.813500 0.286000 16.000000 15.000000 23.000000
-11.339500 20.778500 0.258000 24.000000 28.000000 63.000000
-11.348500 20.745500 0.249000 14.000000 18.000000 30.000000
-11.313500 20.799500 0.279000 17.000000 14.000000 25.000000
-11.318500 20.775500 0.274000 108.000000 109.000000 157.000000
-11.300500 20.835500 0.292000 15.000000 16.000000 18.000000
-11.309500 20.779500 0.280000 19.000000 17.000000 38.000000
-11.342500 20.753500 0.254000 15.000000 18.000000 35.000000
-11.325500 20.801500 0.271000 18.000000 14.000000 31.000000
-11.304500 20.762500 0.282000 95.000000 114.000000 147.000000
-11.321500 20.807500 0.274000 18.000000 12.000000 26.000000
-11.331500 20.729500 0.260000 45.000000 48.000000 93.000000
-11.318500 20.767500 0.273000 46.000000 62.000000 88.000000
-11.318500 20.749500 0.271000 19.000000 22.000000 41.000000
-11.326500 20.782500 0.268000 24.000000 18.000000 44.000000
-11.297500 20.795500 0.290000 16.000000 15.000000 21.000000
-11.300500 20.803500 0.289000 19.000000 17.000000 20.000000
-11.350500 20.749500 0.248000 16.000000 18.000000 30.000000
-11.292500 20.825500 0.297000 16.000000 19.000000 12.000000
-11.310500 20.748500 0.277000 19.000000 22.000000 39.000000
-11.343500 20.773500 0.254000 14.000000 19.000000 39.000000
-11.291500 20.840500 0.299000 17.000000 17.000000 27.000000
-11.359500 20.763500 0.242000 15.000000 19.000000 31.000000
-11.347500 20.755500 0.251000 17.000000 19.000000 32.000000
-11.292500 20.793500 0.294000 19.000000 18.000000 23.000000
-11.318500 20.807500 0.276000 18.000000 12.000000 26.000000
-11.328500 20.783500 0.267000 24.000000 18.000000 44.000000
-11.321500 20.800500 0.274000 15.000000 14.000000 28.000000
-11.309500 20.751500 0.278000 21.000000 24.000000 43.000000
-11.325500 20.739500 0.265000 15.000000 18.000000 35.000000
-11.311500 20.763500 0.278000 37.000000 54.000000 82.000000
-11.343500 20.749500 0.253000 16.000000 19.000000 36.000000
-11.349500 20.745500 0.248000 15.000000 17.000000 29.000000
-11.311500 20.768500 0.278000 67.000000 77.000000 113.000000
-11.324500 20.752500 0.267000 16.000000 18.000000 39.000000
-11.320500 20.765500 0.271000 4.000000 20.000000 35.000000
