-9.067500 18.848500 0.781000 64.000000 71.000000 81.000000
-9.102500 18.832500 0.782000 49.000000 52.000000 59.000000
-9.065500 18.850500 0.781000 64.000000 71.000000 81.000000
-9.073500 18.828500 0.787000 74.000000 78.000000 89.000000
-9.078500 18.844500 0.781000 60.000000 64.000000 76.000000
-9.065500 18.827500 0.788000 50.000000 55.000000 61.000000
-9.089500 18.835500 0.783000 63.000000 67.000000 78.000000
-9.106500 18.832500 0.782000 37.000000 40.000000 45.000000
-9.063500 18.817500 0.791000 14.000000 17.000000 22.000000
-9.138500 18.819500 0.783000 23.000000 22.000000 27.000000
-9.140500 18.825500 0.781000 20.000000 23.000000 28.000000
-9.063500 18.813500 0.793000 10.000000 14.000000 17.000000
-9.066500 18.828500 0.787000 70.000000 77.000000 85.000000
-9.074500 18.813500 0.791000 15.000000 16.000000 21.000000
-9.067500 18.820500 0.790000 14.000000 17.000000 22.000000
-9.101500 18.819500 0.787000 22.000000 21.000000 26.000000
-9.070500 18.849500 0.781000 64.000000 71.000000 81.000000
-9.074500 18.815500 0.791000 15.000000 16.000000 21.000000
-9.057500 18.843500 0.784000 64.000000 72.000000 85.000000
-9.087500 18.839500 0.782000 63.000000 67.000000 78.000000
-9.117500 18.828500 0.782000 21.000000 22.000000 26.000000
-9.064500 18.836500 0.785000 69.000000 78.000000 87.000000
-9.151500 18.818500 0.782000 25.000000 26.000000 30.000000
-9.087500 18.822500 0.787000 24.000000 24.000000 34.000000
-9.078500 18.816500 0.790000 16.000000 17.000000 22.000000
-9.061500 18.769500 0.811000 68.000000 71.000000 78.000000
-9.066500 18.735500 0.822000 51.000000 63.000000 89.000000
-9.092500 18.745500 0.822000 65.000000 70.000000 92.000000
-9.111500 18.790500 0.810000 15.000000 19.000000 22.000000
-9.080500 18.798500 0.804000 18.000000 18.000000 18.000000
-9.074500 18.782500 0.808000 15.000000 19.000000 18.000000
-9.117500 18.799500 0.808000 32.000000 36.000000 39.000000
-9.067500 18.743500 0.819000 56.000000 65.000000 82.000000
-9.068500 18.753500 0.817000 61.000000 70.000000 79.000000
-9.103500 18.791500 0.809000 12.000000 16.000000 15.000000
-9.071500 18.783500 0.808000 15.000000 17.000000 16.000000
-9.065500 18.741500 0.820000 55.000000 66.000000 86.000000
-9.119500 18.801500 0.808000 37.000000 38.000000 43.000000
-9.079500 18.737500 0.823000 101.000000 107.000000 131.000000
-9.076500 18.731500 0.824000 113.000000 119.000000 141.000000
-9.062500 18.785500 0.806000 17.000000 17.000000 19.000000
-9.084500 18.795500 0.805000 18.000000 18.000000 16.000000
-9.093500 18.803500 0.804000 18.000000 18.000000 18.000000
-9.116500 18.795500 0.809000 28.000000 32.000000 35.000000
-9.068500 18.735500 0.822000 57.000000 69.000000 95.000000
-9.131500 18.797500 0.810000 36.000000 36.000000 44.000000
-9.122500 18.792500 0.811000 23.000000 26.000000 35.000000
-9.085500 18.767500 0.814000 68.000000 73.000000 79.000000
-9.101500 18.798500 0.806000 19.000000 21.000000 20.000000
-9.071500 18.735500 0.822000 78.000000 86.000000 109.000000
-9.074500 18.784500 0.808000 15.000000 19.000000 18.000000
-9.082500 18.779500 0.810000 17.000000 21.000000 22.000000
-9.071500 18.758500 0.815000 64.000000 68.000000 80.000000
-9.057500 18.784500 0.806000 16.000000 15.000000 20.000000
-9.101500 18.776500 0.813000 34.000000 37.000000 42.000000
-9.076500 18.727500 0.825000 72.000000 79.000000 97.000000
-9.071500 18.792500 0.805000 17.000000 17.000000 17.000000
-9.062500 18.797500 0.802000 16.000000 14.000000 17.000000
-9.060500 18.806500 0.799000 14.000000 14.000000 16.000000
-9.097500 18.792500 0.808000 15.000000 17.000000 14.000000
-9.111500 18.803500 0.806000 19.000000 23.000000 26.000000
-9.078500 18.756500 0.817000 64.000000 67.000000 82.000000
-9.098500 18.791500 0.809000 13.000000 17.000000 16.000000
-9.075500 18.788500 0.806000 15.000000 17.000000 14.000000
-9.079500 18.785500 0.808000 14.000000 16.000000 15.000000
-9.085500 18.799500 0.804000 18.000000 18.000000 18.000000
-9.072500 18.804500 0.801000 15.000000 13.000000 16.000000
-9.098500 18.773500 0.814000 70.000000 74.000000 83.000000
-9.185500 18.750500 0.786000 39.000000 42.000000 57.000000
-9.193500 18.809500 0.793000 20.000000 23.000000 32.000000
-9.208500 18.810500 0.789000 29.000000 31.000000 43.000000
-9.193500 18.801500 0.792000 23.000000 26.000000 35.000000
-9.181500 18.771500 0.790000 30.000000 34.000000 46.000000
-9.204500 18.811500 0.790000 27.000000 29.000000 41.000000
-9.193500 18.779500 0.788000 32.000000 36.000000 48.000000
-9.168500 18.794500 0.798000 24.000000 27.000000 32.000000
-9.208500 18.780500 0.784000 37.000000 41.000000 53.000000
-9.150500 18.800500 0.805000 33.000000 33.000000 41.000000
-9.201500 18.767500 0.784000 38.000000 42.000000 54.000000
-9.184500 18.773500 0.790000 31.000000 35.000000 47.000000
-9.216500 18.784500 0.782000 37.000000 40.000000 59.000000
-9.183500 18.757500 0.788000 36.000000 40.000000 52.000000
-9.211500 18.781500 0.783000 38.000000 42.000000 54.000000
-9.163500 18.775500 0.797000 30.000000 33.000000 40.000000
-9.185500 18.771500 0.789000 31.000000 35.000000 47.000000
-9.210500 18.779500 0.783000 37.000000 41.000000 53.000000
-9.176500 18.761500 0.790000 33.000000 35.000000 48.000000
-9.182500 18.773500 0.790000 30.000000 34.000000 46.000000
-9.177500 18.765500 0.791000 31.000000 35.000000 47.000000
-9.168500 18.790500 0.798000 26.000000 29.000000 36.000000
-9.199500 18.753500 0.782000 42.000000 44.000000 57.000000
-9.234500 18.814500 0.781000 36.000000 43.000000 59.000000
-9.220500 18.786500 0.781000 41.000000 44.000000 63.000000
-9.197500 18.743500 0.781000 43.000000 46.000000 61.000000
-9.177500 18.765500 0.791000 31.000000 35.000000 47.000000
-9.174500 18.799500 0.797000 23.000000 26.000000 31.000000
-9.204500 18.793500 0.787000 32.000000 34.000000 47.000000
-9.175500 18.797500 0.797000 23.000000 26.000000 31.000000
-9.221500 18.792500 0.782000 38.000000 41.000000 60.000000
-9.155500 18.796500 0.803000 28.000000 31.000000 36.000000
-9.146500 18.799500 0.806000 31.000000 31.000000 39.000000
-9.194500 18.796500 0.791000 29.000000 31.000000 43.000000
-9.187500 18.773500 0.789000 31.000000 35.000000 47.000000
-9.225500 18.810500 0.783000 36.000000 39.000000 56.000000
-9.204500 18.785500 0.786000 35.000000 37.000000 50.000000
-9.175500 18.777500 0.793000 28.000000 32.000000 43.000000
-9.174500 18.795500 0.797000 24.000000 27.000000 32.000000
-9.191500 18.769500 0.787000 35.000000 39.000000 51.000000
-9.152500 18.798500 0.804000 31.000000 32.000000 37.000000
-9.183500 18.808500 0.796000 21.000000 24.000000 29.000000
-9.162500 18.793500 0.800000 28.000000 31.000000 36.000000
-9.067500 18.698500 0.834000 40.000000 40.000000 42.000000
-9.058500 18.736500 0.821000 52.000000 62.000000 87.000000
-9.065500 18.715500 0.828000 28.000000 31.000000 48.000000
-9.065500 18.723500 0.826000 84.000000 96.000000 118.000000
-9.074500 18.682500 0.839000 70.000000 64.000000 64.000000
-9.072500 18.677500 0.841000 122.000000 117.000000 114.000000
-9.057500 18.736500 0.821000 52.000000 62.000000 87.000000
-9.069500 18.711500 0.830000 29.000000 31.000000 46.000000
-9.062500 18.709500 0.830000 28.000000 30.000000 42.000000
-9.164500 18.688500 0.789000 66.000000 75.000000 92.000000
-9.152500 18.735500 0.798000 34.000000 37.000000 44.000000
-9.169500 18.747500 0.792000 38.000000 38.000000 50.000000
-9.105500 18.719500 0.815000 35.000000 38.000000 47.000000
-9.166500 18.740500 0.792000 37.000000 39.000000 51.000000
-9.108500 18.736500 0.816000 37.000000 36.000000 54.000000
-9.169500 18.751500 0.792000 37.000000 37.000000 49.000000
-9.135500 18.728500 0.804000 28.000000 31.000000 36.000000
-9.159500 18.752500 0.796000 32.000000 35.000000 44.000000
-9.114500 18.732500 0.813000 34.000000 33.000000 49.000000
-9.119500 18.771500 0.814000 64.000000 65.000000 83.000000
-9.110500 18.740500 0.815000 60.000000 58.000000 80.000000
-9.103500 18.752500 0.819000 54.000000 57.000000 76.000000
-9.154500 18.691500 0.793000 57.000000 64.000000 80.000000
-9.163500 18.746500 0.794000 34.000000 38.000000 49.000000
-9.141500 18.696500 0.799000 45.000000 52.000000 62.000000
-9.116500 18.710500 0.810000 41.000000 41.000000 51.000000
-9.113500 18.768500 0.816000 62.000000 65.000000 80.000000
-9.175500 18.700500 0.785000 44.000000 47.000000 62.000000
-9.119500 18.763500 0.813000 60.000000 57.000000 84.000000
-9.160500 18.692500 0.791000 57.000000 64.000000 80.000000
-9.160500 18.771500 0.797000 30.000000 33.000000 40.000000
-9.154500 18.734500 0.797000 34.000000 37.000000 46.000000
-9.088500 18.728500 0.823000 32.000000 38.000000 54.000000
-9.159500 18.732500 0.795000 35.000000 38.000000 47.000000
-9.156500 18.775500 0.799000 30.000000 33.000000 40.000000
-9.140500 18.798500 0.808000 33.000000 33.000000 41.000000
-9.142500 18.723500 0.801000 30.000000 33.000000 38.000000
-9.180500 18.744500 0.787000 37.000000 41.000000 53.000000
-9.177500 18.698500 0.785000 44.000000 47.000000 62.000000
-9.158500 18.731500 0.795000 35.000000 38.000000 47.000000
-9.133500 18.773500 0.809000 29.000000 31.000000 43.000000
-9.152500 18.725500 0.797000 35.000000 38.000000 47.000000
-9.141500 18.749500 0.804000 21.000000 24.000000 29.000000
-9.175500 18.700500 0.786000 43.000000 46.000000 61.000000
-9.117500 18.732500 0.812000 35.000000 32.000000 49.000000
-9.168500 18.730500 0.791000 37.000000 39.000000 51.000000
-9.130500 18.779500 0.811000 36.000000 38.000000 51.000000
-9.091500 18.714500 0.821000 26.000000 31.000000 37.000000
-9.142500 18.696500 0.799000 50.000000 56.000000 68.000000
-9.082500 18.712500 0.824000 29.000000 32.000000 41.000000
-9.182500 18.720500 0.784000 42.000000 48.000000 62.000000
-9.130500 18.703500 0.804000 44.000000 49.000000 55.000000
-9.092500 18.726500 0.821000 29.000000 32.000000 47.000000
-9.099500 18.743500 0.820000 118.000000 118.000000 142.000000
-9.120500 18.746500 0.812000 83.000000 81.000000 102.000000
-9.124500 18.713500 0.808000 37.000000 38.000000 43.000000
-9.115500 18.733500 0.813000 34.000000 33.000000 49.000000
-9.171500 18.710500 0.788000 41.000000 43.000000 56.000000
-9.138500 18.698500 0.801000 47.000000 51.000000 60.000000
-9.184500 18.707500 0.783000 43.000000 49.000000 63.000000
-9.136500 18.767500 0.807000 37.000000 41.000000 52.000000
-9.190500 18.723500 0.781000 43.000000 49.000000 65.000000
-9.134500 18.745500 0.806000 36.000000 39.000000 48.000000
-9.184500 18.719500 0.784000 43.000000 49.000000 63.000000
-9.134500 18.702500 0.803000 33.000000 37.000000 46.000000
-9.131500 18.751500 0.808000 50.000000 49.000000 63.000000
-9.122500 18.761500 0.812000 60.000000 58.000000 82.000000
-9.131500 18.750500 0.808000 50.000000 49.000000 63.000000
-9.135500 18.767500 0.808000 38.000000 42.000000 53.000000
-9.137500 18.721500 0.803000 26.000000 30.000000 33.000000
-9.133500 18.708500 0.803000 31.000000 34.000000 39.000000
-9.115500 18.711500 0.811000 36.000000 36.000000 44.000000
-9.133500 18.755500 0.807000 77.000000 76.000000 92.000000
-9.125500 18.746500 0.810000 51.000000 50.000000 68.000000
-9.131500 18.733500 0.806000 36.000000 36.000000 44.000000
-9.108500 18.707500 0.813000 26.000000 30.000000 33.000000
-9.115500 18.722500 0.812000 36.000000 36.000000 46.000000
-9.135500 18.732500 0.804000 29.000000 32.000000 37.000000
-9.154500 18.693500 0.794000 55.000000 63.000000 76.000000
-9.161500 18.749500 0.795000 33.000000 37.000000 46.000000
-9.122500 18.778500 0.814000 54.000000 56.000000 71.000000
-9.107500 18.738500 0.817000 49.000000 47.000000 68.000000
-9.138500 18.756500 0.805000 37.000000 40.000000 49.000000
-9.119500 18.762500 0.814000 60.000000 57.000000 84.000000
-9.121500 18.773500 0.814000 64.000000 65.000000 83.000000
-9.132500 18.718500 0.804000 36.000000 37.000000 41.000000
-9.133500 18.764500 0.808000 50.000000 52.000000 64.000000
-9.175500 18.713500 0.787000 46.000000 48.000000 61.000000
-9.132500 18.764500 0.808000 47.000000 51.000000 63.000000
-9.153500 18.783500 0.802000 28.000000 31.000000 38.000000
-9.172500 18.724500 0.789000 42.000000 46.000000 57.000000
-9.166500 18.744500 0.793000 36.000000 38.000000 50.000000
-9.147500 18.748500 0.801000 32.000000 35.000000 40.000000
-9.091500 18.732500 0.823000 58.000000 63.000000 83.000000
-9.116500 18.671500 0.821000 29.000000 28.000000 34.000000
-9.104500 18.693500 0.819000 21.000000 29.000000 32.000000
-9.089500 18.680500 0.832000 26.000000 32.000000 48.000000
-9.092500 18.680500 0.831000 29.000000 35.000000 51.000000
-9.101500 18.684500 0.824000 25.000000 32.000000 40.000000
-9.111500 18.684500 0.818000 24.000000 29.000000 33.000000
-9.086500 18.704500 0.824000 28.000000 31.000000 40.000000
-9.089500 18.658500 0.841000 50.000000 53.000000 72.000000
-9.139500 18.657500 0.814000 41.000000 45.000000 57.000000
-9.173500 18.677500 0.787000 80.000000 88.000000 101.000000
-9.172500 18.637500 0.803000 48.000000 50.000000 62.000000
-9.172500 18.660500 0.794000 63.000000 71.000000 82.000000
-9.075500 18.690500 0.836000 37.000000 32.000000 36.000000
-9.116500 18.673500 0.820000 29.000000 28.000000 34.000000
-9.105500 18.684500 0.822000 24.000000 31.000000 37.000000
-9.175500 18.668500 0.789000 58.000000 65.000000 75.000000
-9.191500 18.657500 0.785000 29.000000 29.000000 27.000000
-9.106500 18.695500 0.817000 18.000000 26.000000 29.000000
-9.121500 18.668500 0.819000 25.000000 26.000000 31.000000
-9.172500 18.655500 0.796000 55.000000 63.000000 76.000000
-9.133500 18.689500 0.805000 49.000000 53.000000 64.000000
-9.172500 18.678500 0.787000 80.000000 88.000000 101.000000
-9.108500 18.637500 0.839000 28.000000 32.000000 43.000000
-9.085500 18.677500 0.835000 35.000000 35.000000 47.000000
-9.082500 18.695500 0.830000 36.000000 34.000000 45.000000
-9.099500 18.660500 0.835000 30.000000 33.000000 50.000000
-9.168500 18.649500 0.800000 57.000000 63.000000 79.000000
-9.198500 18.645500 0.786000 30.000000 29.000000 25.000000
-9.177500 18.637500 0.800000 46.000000 49.000000 58.000000
-9.159500 18.639500 0.810000 62.000000 68.000000 82.000000
-9.120500 18.638500 0.832000 27.000000 31.000000 42.000000
-9.138500 18.645500 0.819000 30.000000 34.000000 46.000000
-9.085500 18.676500 0.836000 36.000000 36.000000 48.000000
-9.118500 18.653500 0.827000 31.000000 31.000000 39.000000
-9.124500 18.696500 0.806000 56.000000 60.000000 69.000000
-9.091500 18.700500 0.824000 30.000000 32.000000 44.000000
-9.142500 18.655500 0.813000 54.000000 60.000000 72.000000
-9.098500 18.703500 0.819000 23.000000 28.000000 31.000000
-9.124500 18.639500 0.829000 26.000000 30.000000 41.000000
-9.080500 18.697500 0.830000 36.000000 34.000000 45.000000
-9.120500 18.687500 0.812000 29.000000 33.000000 42.000000
-9.166500 18.664500 0.796000 68.000000 76.000000 89.000000
-9.102500 18.626500 0.847000 44.000000 50.000000 62.000000
-9.152500 18.636500 0.815000 63.000000 66.000000 81.000000
-9.124500 18.694500 0.807000 53.000000 57.000000 66.000000
-9.159500 18.659500 0.802000 52.000000 59.000000 77.000000
-9.177500 18.670500 0.788000 66.000000 75.000000 84.000000
-9.097500 18.684500 0.827000 27.000000 33.000000 45.000000
-9.178500 18.674500 0.785000 60.000000 67.000000 75.000000
-9.154500 18.673500 0.799000 54.000000 61.000000 77.000000
-9.104500 18.661500 0.832000 29.000000 31.000000 43.000000
-9.104500 18.652500 0.835000 28.000000 32.000000 44.000000
-9.148500 18.652500 0.811000 65.000000 71.000000 85.000000
-9.188500 18.655500 0.787000 27.000000 29.000000 28.000000
-9.118500 18.665500 0.822000 28.000000 29.000000 34.000000
-9.194500 18.656500 0.783000 30.000000 31.000000 26.000000
-9.175500 18.644500 0.799000 38.000000 42.000000 53.000000
-9.138500 18.692500 0.800000 47.000000 54.000000 64.000000
-9.115500 18.627500 0.839000 28.000000 32.000000 44.000000
-9.113500 18.639500 0.835000 28.000000 30.000000 42.000000
-9.078500 18.673500 0.841000 106.000000 104.000000 109.000000
-9.161500 18.666500 0.798000 59.000000 68.000000 85.000000
-9.117500 18.663500 0.824000 29.000000 30.000000 35.000000
-9.112500 18.643500 0.835000 28.000000 30.000000 42.000000
-9.134500 18.637500 0.824000 26.000000 30.000000 42.000000
-9.119500 18.657500 0.825000 28.000000 31.000000 40.000000
-9.121500 18.656500 0.824000 27.000000 30.000000 39.000000
-9.120500 18.654500 0.826000 27.000000 30.000000 39.000000
-9.088500 18.644500 0.848000 37.000000 44.000000 62.000000
-9.109500 18.640500 0.837000 28.000000 32.000000 43.000000
-9.107500 18.622500 0.845000 42.000000 46.000000 58.000000
-9.181500 18.662500 0.789000 52.000000 57.000000 63.000000
-9.096500 18.625500 0.851000 36.000000 43.000000 61.000000
-9.077500 18.681500 0.838000 52.000000 47.000000 53.000000
-9.209500 18.641500 0.781000 30.000000 29.000000 25.000000
-9.206500 18.645500 0.781000 32.000000 31.000000 26.000000
-9.128500 18.670500 0.815000 31.000000 31.000000 39.000000
-9.133500 18.634500 0.826000 25.000000 29.000000 41.000000
-9.198500 18.656500 0.781000 31.000000 30.000000 26.000000
-9.087500 18.662500 0.840000 40.000000 43.000000 60.000000
-9.193500 18.645500 0.788000 29.000000 28.000000 24.000000
-9.132500 18.692500 0.804000 47.000000 51.000000 60.000000
-9.082500 18.685500 0.834000 40.000000 37.000000 46.000000
-9.162500 18.655500 0.802000 57.000000 64.000000 80.000000
-9.093500 18.698500 0.824000 29.000000 33.000000 42.000000
-9.166500 18.667500 0.795000 62.000000 71.000000 88.000000
-9.082500 18.664500 0.843000 126.000000 129.000000 136.000000
-9.131500 18.688500 0.806000 49.000000 53.000000 64.000000
-9.086500 18.690500 0.830000 31.000000 33.000000 46.000000
-9.108500 18.635500 0.840000 28.000000 32.000000 43.000000
-9.192500 18.642500 0.790000 31.000000 31.000000 29.000000
-9.112500 18.691500 0.815000 23.000000 28.000000 32.000000
-9.112500 18.691500 0.815000 25.000000 30.000000 36.000000
-9.122500 18.694500 0.808000 48.000000 52.000000 61.000000
-9.122500 18.659500 0.823000 31.000000 34.000000 43.000000
-9.082500 18.629500 0.857000 160.000000 175.000000 196.000000
-9.126500 18.584500 0.828000 29.000000 32.000000 37.000000
-9.146500 18.586500 0.815000 22.000000 22.000000 20.000000
-9.175500 18.629500 0.803000 32.000000 32.000000 40.000000
-9.163500 18.586500 0.803000 26.000000 22.000000 21.000000
-9.199500 18.612500 0.784000 27.000000 25.000000 26.000000
-9.146500 18.600500 0.818000 26.000000 27.000000 31.000000
-9.140500 18.620500 0.825000 26.000000 30.000000 42.000000
-9.164500 18.585500 0.803000 26.000000 22.000000 21.000000
-9.161500 18.607500 0.809000 24.000000 25.000000 29.000000
-9.194500 18.587500 0.783000 26.000000 25.000000 20.000000
-9.152500 18.607500 0.815000 30.000000 31.000000 36.000000
-9.137500 18.599500 0.823000 26.000000 29.000000 34.000000
-9.168500 18.604500 0.804000 25.000000 23.000000 26.000000
-9.179500 18.594500 0.794000 24.000000 22.000000 25.000000
-9.109500 18.596500 0.842000 34.000000 38.000000 47.000000
-9.126500 18.605500 0.832000 27.000000 31.000000 42.000000
-9.161500 18.622500 0.812000 43.000000 45.000000 60.000000
-9.144500 18.609500 0.820000 34.000000 36.000000 48.000000
-9.135500 18.593500 0.824000 28.000000 31.000000 36.000000
-9.147500 18.583500 0.814000 24.000000 23.000000 21.000000
-9.184500 18.610500 0.794000 26.000000 24.000000 25.000000
-9.175500 18.624500 0.802000 27.000000 28.000000 33.000000
-9.202500 18.610500 0.782000 26.000000 24.000000 25.000000
-9.110500 18.618500 0.845000 35.000000 38.000000 55.000000
-9.137500 18.589500 0.822000 22.000000 23.000000 25.000000
-9.189500 18.569500 0.783000 53.000000 46.000000 38.000000
-9.108500 18.604500 0.844000 37.000000 41.000000 50.000000
-9.184500 18.604500 0.793000 25.000000 23.000000 24.000000
-9.190500 18.585500 0.785000 27.000000 26.000000 21.000000
-9.187500 18.607500 0.791000 25.000000 23.000000 24.000000
-9.156500 18.626500 0.816000 77.000000 80.000000 95.000000
-9.100500 18.616500 0.852000 36.000000 42.000000 58.000000
-9.193500 18.575500 0.781000 42.000000 39.000000 30.000000
-9.176500 18.589500 0.795000 23.000000 21.000000 22.000000
-9.147500 18.615500 0.820000 33.000000 37.000000 49.000000
-9.150500 18.606500 0.816000 32.000000 35.000000 42.000000
-9.151500 18.618500 0.817000 70.000000 74.000000 86.000000
-9.190500 18.579500 0.784000 29.000000 29.000000 21.000000
-9.205500 18.620500 0.781000 26.000000 25.000000 30.000000
-9.193500 18.618500 0.789000 30.000000 26.000000 27.000000
-9.189500 18.590500 0.787000 24.000000 23.000000 21.000000
-9.179500 18.589500 0.794000 23.000000 21.000000 22.000000
-9.167500 18.560500 0.796000 24.000000 23.000000 18.000000
-9.166500 18.592500 0.803000 26.000000 22.000000 19.000000
-9.120500 18.619500 0.838000 33.000000 35.000000 48.000000
-9.154500 18.625500 0.817000 72.000000 75.000000 90.000000
-9.185500 18.618500 0.794000 26.000000 24.000000 25.000000
-9.174500 18.617500 0.802000 26.000000 28.000000 27.000000
-9.196500 18.594500 0.783000 26.000000 25.000000 21.000000
-9.167500 18.620500 0.807000 30.000000 33.000000 40.000000
-9.155500 18.572500 0.807000 18.000000 16.000000 17.000000
-9.142500 18.577500 0.816000 23.000000 23.000000 21.000000
-9.166500 18.562500 0.797000 24.000000 23.000000 18.000000
-9.150500 18.588500 0.812000 21.000000 20.000000 18.000000
-9.141500 18.595500 0.820000 23.000000 24.000000 28.000000
-9.174500 18.564500 0.792000 25.000000 24.000000 20.000000
-9.155500 18.625500 0.816000 80.000000 83.000000 98.000000
-9.163500 18.602500 0.806000 24.000000 24.000000 24.000000
-9.193500 18.573500 0.781000 50.000000 48.000000 36.000000
-9.201500 18.608500 0.782000 26.000000 24.000000 25.000000
-9.069500 18.676500 0.843000 151.000000 146.000000 140.000000
-9.064500 18.697500 0.840000 162.000000 167.000000 171.000000
-9.058500 18.723500 0.831000 107.000000 115.000000 136.000000
-9.067500 18.681500 0.858000 174.000000 181.000000 210.000000
-9.063500 18.698500 0.849000 159.000000 171.000000 193.000000
-9.059500 18.701500 0.884000 89.000000 100.000000 120.000000
-9.064500 18.690500 0.865000 76.000000 91.000000 114.000000
-9.057500 18.731500 0.827000 63.000000 73.000000 98.000000
-9.066500 18.676500 0.877000 101.000000 108.000000 126.000000
-9.073500 18.659500 0.852000 191.000000 197.000000 195.000000
-9.064500 18.696500 0.848000 156.000000 167.000000 185.000000
-9.056500 18.728500 0.843000 149.000000 165.000000 191.000000
-9.059500 18.708500 0.873000 104.000000 111.000000 127.000000
-9.066500 18.677500 0.878000 101.000000 108.000000 127.000000
-9.060500 18.710500 0.849000 141.000000 159.000000 195.000000
-9.059500 18.703500 0.880000 93.000000 98.000000 127.000000
-9.058500 18.707500 0.879000 99.000000 105.000000 119.000000
-9.057500 18.713500 0.869000 86.000000 93.000000 111.000000
-9.060500 18.699500 0.884000 88.000000 99.000000 119.000000
-9.062500 18.704500 0.842000 154.000000 167.000000 183.000000
-9.067500 18.682500 0.847000 164.000000 165.000000 167.000000
-9.063500 18.703500 0.833000 35.000000 34.000000 39.000000
-9.070500 18.674500 0.843000 166.000000 163.000000 154.000000
-9.074500 18.653500 0.850000 178.000000 187.000000 184.000000
-9.071500 18.667500 0.847000 163.000000 167.000000 153.000000
-9.056500 18.715500 0.884000 88.000000 90.000000 111.000000
-9.070500 18.665500 0.868000 76.000000 86.000000 95.000000
-9.071500 18.666500 0.847000 163.000000 167.000000 153.000000
-9.065500 18.686500 0.868000 72.000000 85.000000 101.000000
-9.063500 18.700500 0.848000 159.000000 171.000000 193.000000
-9.064500 18.690500 0.859000 161.000000 175.000000 214.000000
-9.066500 18.690500 0.840000 147.000000 147.000000 147.000000
-9.058500 18.712500 0.869000 85.000000 93.000000 112.000000
-9.356500 18.789500 0.816000 32.000000 36.000000 45.000000
-9.330500 18.800500 0.792000 33.000000 36.000000 41.000000
-9.358500 18.767500 0.800000 36.000000 35.000000 40.000000
-9.363500 18.753500 0.794000 34.000000 35.000000 39.000000
-9.346500 18.786500 0.799000 37.000000 36.000000 44.000000
-9.342500 18.778500 0.787000 34.000000 35.000000 39.000000
-9.344500 18.788500 0.799000 36.000000 36.000000 44.000000
-9.355500 18.755500 0.785000 35.000000 36.000000 40.000000
-9.375500 18.724500 0.784000 37.000000 38.000000 40.000000
-9.370500 18.750500 0.800000 38.000000 38.000000 40.000000
-9.327500 18.798500 0.786000 36.000000 36.000000 44.000000
-9.346500 18.776500 0.792000 35.000000 36.000000 40.000000
-9.330500 18.815500 0.804000 34.000000 39.000000 43.000000
-9.374500 18.737500 0.794000 35.000000 37.000000 36.000000
-9.382500 18.711500 0.783000 36.000000 36.000000 34.000000
-9.346500 18.793500 0.807000 34.000000 39.000000 43.000000
-9.352500 18.808500 0.827000 46.000000 49.000000 64.000000
-9.335500 18.800500 0.798000 35.000000 39.000000 40.000000
-9.342500 18.798500 0.805000 33.000000 38.000000 41.000000
-9.376500 18.724500 0.786000 36.000000 37.000000 39.000000
-9.333500 18.807500 0.801000 37.000000 41.000000 42.000000
-9.340500 18.793500 0.797000 38.000000 39.000000 44.000000
-9.356500 18.754500 0.786000 34.000000 35.000000 39.000000
-9.333500 18.788500 0.785000 35.000000 34.000000 40.000000
-9.349500 18.802500 0.818000 43.000000 47.000000 58.000000
-9.329500 18.800500 0.790000 33.000000 36.000000 41.000000
-9.347500 18.805500 0.817000 41.000000 45.000000 54.000000
-9.360500 18.752500 0.790000 34.000000 35.000000 39.000000
-9.362500 18.771500 0.808000 37.000000 38.000000 42.000000
-9.356500 18.761500 0.792000 35.000000 36.000000 40.000000
-9.368500 18.760500 0.806000 37.000000 36.000000 41.000000
-9.363500 18.746500 0.788000 35.000000 36.000000 40.000000
-9.337500 18.794500 0.795000 38.000000 39.000000 43.000000
-9.344500 18.787500 0.798000 36.000000 36.000000 44.000000
-9.356500 18.766500 0.796000 37.000000 36.000000 41.000000
-9.317500 18.813500 0.785000 37.000000 41.000000 50.000000
-9.346500 18.764500 0.782000 33.000000 37.000000 40.000000
-9.322500 18.804500 0.784000 35.000000 38.000000 47.000000
-9.334500 18.786500 0.784000 36.000000 35.000000 41.000000
-9.357500 18.800500 0.826000 48.000000 51.000000 66.000000
-9.360500 18.748500 0.787000 33.000000 34.000000 38.000000
-9.338500 18.785500 0.789000 36.000000 35.000000 41.000000
-9.335500 18.805500 0.803000 35.000000 40.000000 44.000000
-9.342500 18.780500 0.790000 35.000000 34.000000 40.000000
-9.338500 18.780500 0.784000 35.000000 34.000000 39.000000
-9.156500 18.771500 0.903000 105.000000 111.000000 123.000000
-9.150500 18.746500 0.905000 96.000000 104.000000 115.000000
-9.224500 18.775500 0.900000 138.000000 157.000000 187.000000
-9.063500 18.765500 0.907000 148.000000 157.000000 152.000000
-9.114500 18.718500 0.909000 151.000000 166.000000 195.000000
-9.176500 18.752500 0.904000 84.000000 100.000000 123.000000
-9.248500 18.855500 0.893000 215.000000 227.000000 253.000000
-9.130500 18.696500 0.910000 101.000000 115.000000 128.000000
-9.162500 18.771500 0.903000 102.000000 106.000000 118.000000
-9.183500 18.712500 0.907000 92.000000 99.000000 115.000000
-9.092500 18.762500 0.906000 138.000000 151.000000 168.000000
-9.071500 18.758500 0.908000 126.000000 142.000000 157.000000
-9.103500 18.795500 0.903000 97.000000 98.000000 102.000000
-9.158500 18.726500 0.907000 91.000000 97.000000 113.000000
-9.160500 18.788500 0.902000 101.000000 110.000000 125.000000
-9.198500 18.733500 0.905000 92.000000 104.000000 116.000000
-9.140500 18.781500 0.903000 104.000000 111.000000 129.000000
-9.115500 18.754500 0.906000 101.000000 109.000000 130.000000
-9.172500 18.715500 0.907000 96.000000 103.000000 122.000000
-9.152500 18.710500 0.908000 87.000000 93.000000 107.000000
-9.214500 18.747500 0.903000 182.000000 188.000000 204.000000
-9.216500 18.819500 0.897000 159.000000 170.000000 190.000000
-9.163500 18.800500 0.901000 95.000000 106.000000 124.000000
-9.181500 18.705500 0.908000 97.000000 104.000000 123.000000
-9.180500 18.751500 0.904000 79.000000 91.000000 115.000000
-9.218500 18.782500 0.900000 159.000000 181.000000 228.000000
-9.117500 18.757500 0.906000 93.000000 101.000000 122.000000
-9.222500 18.821500 0.897000 145.000000 157.000000 173.000000
-9.131500 18.761500 0.905000 99.000000 104.000000 123.000000
-9.085500 18.791500 0.904000 149.000000 142.000000 136.000000
-9.130500 18.686500 0.911000 126.000000 133.000000 139.000000
-9.102500 18.753500 0.907000 138.000000 149.000000 171.000000
-9.135500 18.650500 0.914000 31.000000 28.000000 37.000000
-9.196500 18.753500 0.903000 101.000000 115.000000 142.000000
-9.167500 18.670500 0.911000 92.000000 94.000000 109.000000
-9.123500 18.681500 0.912000 155.000000 165.000000 175.000000
-9.147500 18.798500 0.901000 101.000000 112.000000 132.000000
-9.106500 18.705500 0.910000 151.000000 164.000000 199.000000
-9.208500 18.829500 0.897000 156.000000 179.000000 210.000000
-9.173500 18.708500 0.908000 100.000000 108.000000 129.000000
-9.126500 18.781500 0.904000 95.000000 105.000000 117.000000
-9.137500 18.792500 0.902000 83.000000 91.000000 110.000000
-9.172500 18.686500 0.910000 90.000000 95.000000 117.000000
-9.148500 18.717500 0.908000 84.000000 91.000000 107.000000
-9.198500 18.714500 0.906000 82.000000 89.000000 97.000000
-9.163500 18.745500 0.905000 97.000000 110.000000 129.000000
-9.159500 18.715500 0.908000 84.000000 90.000000 106.000000
-9.178500 18.787500 0.901000 79.000000 86.000000 105.000000
-9.167500 18.715500 0.907000 96.000000 101.000000 121.000000
-9.141500 18.683500 0.911000 109.000000 112.000000 121.000000
-9.190500 18.814500 0.898000 127.000000 141.000000 170.000000
-9.164500 18.646500 0.913000 21.000000 22.000000 26.000000
-9.241500 18.833500 0.895000 139.000000 148.000000 179.000000
-9.125500 18.693500 0.911000 141.000000 154.000000 163.000000
-9.136500 18.735500 0.907000 85.000000 93.000000 112.000000
-9.188500 18.832500 0.897000 133.000000 148.000000 169.000000
-9.107500 18.804500 0.902000 91.000000 90.000000 98.000000
-9.190500 18.739500 0.905000 68.000000 73.000000 92.000000
-9.171500 18.779500 0.902000 93.000000 94.000000 114.000000
-9.113500 18.759500 0.906000 97.000000 105.000000 126.000000
-9.180500 18.706500 0.908000 97.000000 104.000000 123.000000
-9.114500 18.749500 0.907000 116.000000 121.000000 141.000000
-9.163500 18.671500 0.911000 94.000000 96.000000 109.000000
-9.225500 18.771500 0.901000 146.000000 162.000000 195.000000
-9.187500 18.741500 0.904000 73.000000 75.000000 96.000000
-9.187500 18.704500 0.907000 90.000000 96.000000 112.000000
-9.071500 18.741500 0.909000 94.000000 105.000000 123.000000
-9.176500 18.797500 0.900000 80.000000 88.000000 109.000000
-9.158500 18.722500 0.907000 92.000000 98.000000 114.000000
-9.162500 18.752500 0.905000 98.000000 109.000000 127.000000
-9.190500 18.704500 0.907000 86.000000 89.000000 104.000000
-9.196500 18.780500 0.901000 132.000000 138.000000 174.000000
-9.230500 18.779500 0.900000 153.000000 168.000000 189.000000
-9.178500 18.666500 0.911000 93.000000 97.000000 108.000000
-9.158500 18.725500 0.907000 91.000000 97.000000 113.000000
-9.144500 18.700500 0.909000 95.000000 102.000000 112.000000
-9.073500 18.752500 0.908000 112.000000 127.000000 146.000000
-9.122500 18.777500 0.904000 86.000000 95.000000 110.000000
-9.222500 18.789500 0.899000 139.000000 158.000000 198.000000
-9.213500 18.752500 0.903000 165.000000 177.000000 199.000000
-9.072500 18.758500 0.908000 132.000000 149.000000 159.000000
-9.214500 18.756500 0.902000 170.000000 184.000000 210.000000
-9.176500 18.760500 0.903000 76.000000 97.000000 116.000000
-9.069500 18.769500 0.907000 142.000000 152.000000 153.000000
-9.186500 18.785500 0.901000 98.000000 104.000000 130.000000
-9.201500 18.790500 0.900000 139.000000 148.000000 181.000000
-9.159500 18.665500 0.912000 96.000000 98.000000 111.000000
-9.152500 18.748500 0.905000 97.000000 105.000000 116.000000
-9.182500 18.676500 0.910000 84.000000 88.000000 100.000000
-9.129500 18.691500 0.911000 119.000000 130.000000 136.000000
-9.127500 18.761500 0.905000 93.000000 100.000000 118.000000
-9.149500 18.754500 0.905000 99.000000 106.000000 116.000000
-9.075500 18.739500 0.909000 97.000000 105.000000 124.000000
-9.140500 18.760500 0.905000 103.000000 109.000000 125.000000
-9.183500 18.822500 0.898000 104.000000 119.000000 142.000000
-9.218500 18.797500 0.899000 124.000000 142.000000 180.000000
-9.152500 18.803500 0.901000 108.000000 119.000000 137.000000
-9.203500 18.815500 0.898000 148.000000 159.000000 187.000000
-9.169500 18.702500 0.908000 96.000000 101.000000 121.000000
-9.207500 18.787500 0.900000 144.000000 158.000000 197.000000
-9.083500 18.728500 0.910000 95.000000 97.000000 122.000000
-9.254500 18.839500 0.894000 106.000000 111.000000 143.000000
-9.198500 18.838500 0.896000 174.000000 194.000000 221.000000
-9.226500 18.834500 0.895000 161.000000 175.000000 201.000000
-9.160500 18.750500 0.905000 94.000000 107.000000 126.000000
-9.133500 18.794500 0.902000 84.000000 93.000000 110.000000
-9.185500 18.678500 0.910000 85.000000 89.000000 101.000000
-9.193500 18.711500 0.907000 83.000000 90.000000 100.000000
-9.107500 18.781500 0.904000 112.000000 121.000000 130.000000
-9.157500 18.697500 0.909000 91.000000 94.000000 111.000000
-9.178500 18.765500 0.903000 67.000000 85.000000 105.000000
-9.188500 18.721500 0.906000 80.000000 88.000000 99.000000
-9.142500 18.777500 0.903000 99.000000 106.000000 122.000000
-9.241500 18.818500 0.896000 61.000000 74.000000 93.000000
-9.089500 18.763500 0.907000 134.000000 147.000000 164.000000
-9.168500 18.662500 0.912000 100.000000 103.000000 112.000000
-9.158500 18.696500 0.909000 91.000000 94.000000 111.000000
-9.211500 18.814500 0.898000 152.000000 163.000000 185.000000
-9.170500 18.788500 0.901000 89.000000 96.000000 112.000000
-9.146500 18.705500 0.909000 88.000000 96.000000 109.000000
-9.169500 18.703500 0.908000 96.000000 101.000000 121.000000
-9.062500 18.786500 0.906000 144.000000 148.000000 151.000000
-9.145500 18.642500 0.914000 28.000000 27.000000 32.000000
-9.212500 18.791500 0.900000 137.000000 152.000000 193.000000
-9.144500 18.649500 0.914000 24.000000 23.000000 29.000000
-9.062500 18.779500 0.906000 155.000000 155.000000 153.000000
-9.187500 18.769500 0.902000 81.000000 95.000000 122.000000
-9.165500 18.768500 0.903000 97.000000 110.000000 119.000000
-9.184500 18.724500 0.906000 88.000000 97.000000 112.000000
-9.235500 18.799500 0.898000 162.000000 184.000000 208.000000
-9.153500 18.760500 0.904000 101.000000 109.000000 120.000000
-9.215500 18.759500 0.902000 175.000000 186.000000 214.000000
-9.259500 18.856500 0.892000 206.000000 212.000000 238.000000
-9.081500 18.794500 0.904000 147.000000 140.000000 132.000000
-9.171500 18.756500 0.904000 82.000000 101.000000 118.000000
-9.178500 18.722500 0.906000 100.000000 106.000000 122.000000
-9.151500 18.656500 0.913000 76.000000 76.000000 86.000000
-9.157500 18.766500 0.904000 106.000000 112.000000 124.000000
-9.146500 18.650500 0.913000 28.000000 27.000000 33.000000
-9.193500 18.756500 0.903000 95.000000 108.000000 142.000000
-9.221500 18.767500 0.901000 155.000000 170.000000 201.000000
-9.110500 18.767500 0.905000 96.000000 104.000000 123.000000
-9.154500 18.820500 0.899000 99.000000 103.000000 115.000000
-9.194500 18.788500 0.900000 112.000000 117.000000 147.000000
-9.242500 18.820500 0.896000 61.000000 74.000000 93.000000
-9.186500 18.716500 0.907000 82.000000 90.000000 103.000000
-9.171500 18.724500 0.906000 109.000000 112.000000 131.000000
-9.176500 18.661500 0.911000 87.000000 92.000000 98.000000
-9.167500 18.686500 0.910000 89.000000 94.000000 116.000000
-9.093500 18.738500 0.908000 118.000000 122.000000 149.000000
-9.138500 18.700500 0.910000 93.000000 103.000000 113.000000
-9.124500 18.757500 0.906000 93.000000 100.000000 119.000000
-9.099500 18.720500 0.910000 140.000000 146.000000 172.000000
-9.173500 18.748500 0.904000 88.000000 100.000000 122.000000
-9.156500 18.708500 0.908000 85.000000 91.000000 107.000000
-9.126500 18.803500 0.902000 91.000000 100.000000 107.000000
-9.157500 18.619500 0.916000 20.000000 20.000000 22.000000
-9.056500 18.764500 0.908000 158.000000 165.000000 157.000000
-9.087500 18.729500 0.909000 107.000000 109.000000 134.000000
-9.074500 18.766500 0.907000 143.000000 156.000000 162.000000
-9.158500 18.766500 0.904000 103.000000 109.000000 121.000000
-9.137500 18.739500 0.907000 92.000000 99.000000 117.000000
-9.177500 18.728500 0.906000 96.000000 103.000000 119.000000
-9.145500 18.726500 0.907000 80.000000 91.000000 111.000000
-9.194500 18.763500 0.902000 104.000000 114.000000 150.000000
-9.104500 18.703500 0.911000 151.000000 164.000000 199.000000
-9.166500 18.717500 0.907000 96.000000 101.000000 121.000000
-9.175500 18.716500 0.907000 98.000000 105.000000 124.000000
-9.072500 18.781500 0.906000 157.000000 156.000000 154.000000
-9.188500 18.716500 0.906000 78.000000 86.000000 97.000000
-9.178500 18.740500 0.905000 94.000000 97.000000 116.000000
-9.142500 18.695500 0.910000 100.000000 107.000000 117.000000
-9.117500 18.677500 0.912000 183.000000 192.000000 199.000000
-9.056500 18.789500 0.906000 136.000000 145.000000 154.000000
-9.200500 18.770500 0.902000 151.000000 159.000000 206.000000
-9.195500 18.740500 0.904000 72.000000 84.000000 100.000000
-9.126500 18.786500 0.903000 98.000000 108.000000 120.000000
-9.103500 18.760500 0.906000 137.000000 146.000000 163.000000
-9.174500 18.685500 0.910000 95.000000 99.000000 124.000000
-9.156500 18.706500 0.909000 86.000000 92.000000 106.000000
-9.109500 18.739500 0.908000 133.000000 135.000000 158.000000
-9.176500 18.798500 0.900000 78.000000 89.000000 111.000000
-9.195500 18.702500 0.907000 81.000000 84.000000 99.000000
-9.162500 18.779500 0.902000 109.000000 111.000000 126.000000
-9.249500 18.836500 0.894000 118.000000 124.000000 158.000000
-9.101500 18.734500 0.908000 134.000000 138.000000 165.000000
-9.137500 18.786500 0.903000 108.000000 117.000000 134.000000
-9.146500 18.646500 0.914000 25.000000 24.000000 29.000000
-9.087500 18.761500 0.907000 132.000000 148.000000 164.000000
-9.152500 18.771500 0.903000 105.000000 108.000000 123.000000
-9.171500 18.785500 0.902000 90.000000 97.000000 113.000000
-9.108500 18.763500 0.906000 108.000000 116.000000 135.000000
-9.107500 18.728500 0.909000 124.000000 130.000000 156.000000
-9.106500 18.768500 0.905000 106.000000 114.000000 133.000000
-9.134500 18.667500 0.913000 148.000000 146.000000 160.000000
-9.151500 18.658500 0.913000 76.000000 76.000000 86.000000
-9.232500 18.809500 0.897000 152.000000 172.000000 196.000000
-9.182500 18.723500 0.906000 93.000000 100.000000 116.000000
-9.075500 18.795500 0.904000 142.000000 139.000000 132.000000
-9.068500 18.746500 0.909000 94.000000 108.000000 121.000000
-9.147500 18.675500 0.911000 144.000000 142.000000 156.000000
-9.124500 18.702500 0.910000 132.000000 148.000000 171.000000
-9.128500 18.670500 0.912000 163.000000 163.000000 165.000000
-9.186500 18.677500 0.910000 86.000000 90.000000 102.000000
-9.216500 18.809500 0.898000 142.000000 154.000000 178.000000
-9.154500 18.798500 0.901000 109.000000 120.000000 138.000000
-9.190500 18.719500 0.906000 78.000000 86.000000 97.000000
-9.164500 18.633500 0.914000 20.000000 21.000000 25.000000
-9.087500 18.751500 0.908000 123.000000 133.000000 158.000000
-9.221500 18.800500 0.898000 127.000000 147.000000 184.000000
-9.115500 18.791500 0.903000 84.000000 92.000000 95.000000
-9.164500 18.766500 0.903000 97.000000 110.000000 119.000000
-9.097500 18.736500 0.908000 125.000000 129.000000 156.000000
-9.199500 18.775500 0.901000 148.000000 155.000000 197.000000
-9.132500 18.741500 0.907000 91.000000 97.000000 113.000000
-9.068500 18.786500 0.905000 150.000000 150.000000 148.000000
-9.183500 18.829500 0.898000 104.000000 113.000000 130.000000
-9.213500 18.770500 0.901000 161.000000 179.000000 225.000000
-9.155500 18.749500 0.905000 94.000000 105.000000 125.000000
-9.211500 18.819500 0.897000 149.000000 163.000000 189.000000
-9.196500 18.765500 0.902000 124.000000 134.000000 170.000000
-9.160500 18.625500 0.915000 17.000000 18.000000 22.000000
-9.181500 18.677500 0.910000 84.000000 88.000000 100.000000
-9.166500 18.749500 0.905000 94.000000 107.000000 126.000000
-9.187500 18.750500 0.904000 70.000000 80.000000 105.000000
-9.170500 18.755500 0.904000 87.000000 106.000000 123.000000
-9.167500 18.687500 0.910000 86.000000 91.000000 113.000000
-9.103500 18.694500 0.911000 149.000000 162.000000 194.000000
-9.209500 18.817500 0.898000 148.000000 160.000000 186.000000
-9.259500 18.849500 0.893000 207.000000 213.000000 237.000000
-9.149500 18.647500 0.914000 20.000000 19.000000 24.000000
-9.115500 18.787500 0.903000 82.000000 91.000000 96.000000
-9.147500 18.633500 0.915000 22.000000 22.000000 24.000000
-9.223500 18.818500 0.897000 125.000000 137.000000 153.000000
-9.171500 18.664500 0.911000 100.000000 104.000000 115.000000
-9.220500 18.816500 0.897000 132.000000 143.000000 161.000000
-9.166500 18.632500 0.914000 17.000000 18.000000 22.000000
-9.097500 18.778500 0.905000 135.000000 142.000000 158.000000
-9.156500 18.716500 0.908000 86.000000 92.000000 108.000000
-9.158500 18.716500 0.908000 86.000000 92.000000 108.000000
-9.145500 18.668500 0.912000 122.000000 121.000000 135.000000
-9.191500 18.734500 0.905000 69.000000 81.000000 97.000000
-9.069500 18.605500 0.918000 25.000000 26.000000 31.000000
-9.064500 18.641500 0.916000 20.000000 20.000000 28.000000
-9.076500 18.645500 0.915000 16.000000 19.000000 26.000000
-9.065500 18.657500 0.915000 48.000000 48.000000 60.000000
-9.087500 18.710500 0.911000 140.000000 146.000000 168.000000
-9.072500 18.722500 0.910000 119.000000 120.000000 140.000000
-9.115500 18.625500 0.916000 19.000000 20.000000 25.000000
-9.081500 18.639500 0.916000 18.000000 19.000000 23.000000
-9.057500 18.739500 0.909000 102.000000 115.000000 121.000000
-9.105500 18.623500 0.916000 21.000000 21.000000 29.000000
-9.084500 18.657500 0.914000 36.000000 34.000000 45.000000
-9.066500 18.630500 0.917000 25.000000 26.000000 31.000000
-9.086500 18.584500 0.919000 21.000000 24.000000 29.000000
-9.127500 18.644500 0.914000 19.000000 16.000000 23.000000
-9.087500 18.683500 0.913000 125.000000 135.000000 162.000000
-9.083500 18.702500 0.911000 129.000000 135.000000 157.000000
-9.072500 18.602500 0.918000 23.000000 22.000000 28.000000
-9.086500 18.618500 0.917000 23.000000 22.000000 27.000000
-9.121500 18.627500 0.916000 17.000000 18.000000 23.000000
-9.090500 18.691500 0.912000 126.000000 135.000000 164.000000
-9.070500 18.731500 0.910000 99.000000 105.000000 121.000000
-9.061500 18.588500 0.920000 20.000000 23.000000 30.000000
-9.065500 18.601500 0.919000 26.000000 25.000000 31.000000
-9.091500 18.596500 0.919000 22.000000 25.000000 32.000000
-9.095500 18.586500 0.919000 20.000000 23.000000 28.000000
-9.077500 18.716500 0.911000 148.000000 150.000000 171.000000
-9.070500 18.625500 0.917000 47.000000 48.000000 52.000000
-9.069500 18.652500 0.915000 21.000000 19.000000 30.000000
-9.133500 18.634500 0.915000 21.000000 20.000000 26.000000
-9.120500 18.630500 0.916000 19.000000 18.000000 24.000000
-9.087500 18.638500 0.916000 28.000000 28.000000 30.000000
-9.095500 18.640500 0.915000 29.000000 29.000000 31.000000
-9.062500 18.700500 0.912000 130.000000 133.000000 148.000000
-9.130500 18.606500 0.917000 16.000000 24.000000 26.000000
-9.071500 18.722500 0.910000 124.000000 125.000000 143.000000
-9.127500 18.640500 0.915000 24.000000 21.000000 28.000000
-9.095500 18.680500 0.913000 130.000000 140.000000 165.000000
-9.085500 18.588500 0.919000 22.000000 23.000000 28.000000
-9.070500 18.659500 0.915000 92.000000 94.000000 109.000000
-9.090500 18.656500 0.914000 35.000000 42.000000 52.000000
-9.084500 18.667500 0.914000 113.000000 120.000000 138.000000
-9.069500 18.738500 0.909000 97.000000 109.000000 121.000000
-9.061500 18.738500 0.909000 100.000000 113.000000 121.000000
-9.071500 18.569500 0.921000 60.000000 63.000000 70.000000
-9.128500 18.620500 0.916000 18.000000 21.000000 26.000000
-9.110500 18.607500 0.917000 21.000000 18.000000 29.000000
-9.114500 18.622500 0.916000 20.000000 20.000000 28.000000
-9.088500 18.633500 0.916000 32.000000 32.000000 32.000000
-9.076500 18.641500 0.916000 20.000000 21.000000 26.000000
-9.080500 18.663500 0.914000 122.000000 123.000000 141.000000
-9.059500 18.563500 0.921000 89.000000 92.000000 99.000000
-9.107500 18.593500 0.918000 23.000000 24.000000 29.000000
-9.105500 18.671500 0.913000 168.000000 178.000000 188.000000
-9.118500 18.594500 0.918000 18.000000 23.000000 29.000000
-9.126500 18.621500 0.916000 19.000000 20.000000 25.000000
-9.136500 18.640500 0.915000 25.000000 22.000000 29.000000
-9.072500 18.723500 0.910000 119.000000 120.000000 140.000000
-9.072500 18.641500 0.916000 20.000000 21.000000 26.000000
-9.064500 18.609500 0.918000 24.000000 25.000000 30.000000
-9.063500 18.613500 0.918000 28.000000 29.000000 34.000000
-9.098500 18.591500 0.919000 24.000000 25.000000 30.000000
-9.056500 18.603500 0.919000 28.000000 27.000000 33.000000
-9.058500 18.703500 0.912000 129.000000 131.000000 143.000000
-9.057500 18.600500 0.919000 28.000000 27.000000 33.000000
-9.057500 18.607500 0.918000 23.000000 24.000000 29.000000
-9.113500 18.672500 0.913000 177.000000 184.000000 190.000000
-9.064500 18.716500 0.911000 146.000000 147.000000 165.000000
-9.091500 18.666500 0.914000 109.000000 117.000000 130.000000
-9.104500 18.592500 0.918000 24.000000 25.000000 30.000000
-9.106500 18.589500 0.919000 21.000000 24.000000 31.000000
-9.110500 18.591500 0.918000 20.000000 25.000000 31.000000
-9.060500 18.614500 0.918000 25.000000 28.000000 33.000000
-9.099500 18.632500 0.916000 22.000000 21.000000 26.000000
-9.072500 18.659500 0.915000 73.000000 72.000000 86.000000
-9.061500 18.704500 0.912000 132.000000 134.000000 147.000000
-9.144500 18.627500 0.915000 18.000000 19.000000 23.000000
-9.117500 18.603500 0.917000 20.000000 25.000000 31.000000
-9.089500 18.647500 0.915000 21.000000 23.000000 22.000000
-9.110500 18.639500 0.915000 25.000000 24.000000 29.000000
-9.114500 18.604500 0.917000 19.000000 24.000000 30.000000
-9.062500 18.571500 0.921000 47.000000 48.000000 52.000000
-9.095500 18.699500 0.911000 140.000000 149.000000 182.000000
-9.078500 18.648500 0.915000 16.000000 19.000000 24.000000
-9.075500 18.653500 0.915000 26.000000 24.000000 35.000000
-9.078500 18.606500 0.918000 22.000000 22.000000 30.000000
-9.085500 18.622500 0.917000 23.000000 23.000000 25.000000
-9.076500 18.683500 0.913000 133.000000 144.000000 166.000000
-9.085500 18.679500 0.913000 120.000000 127.000000 153.000000
-9.068500 18.569500 0.921000 60.000000 63.000000 70.000000
-9.067500 18.702500 0.912000 128.000000 131.000000 148.000000
-9.072500 18.572500 0.920000 50.000000 53.000000 60.000000
-9.061500 18.742500 0.909000 98.000000 113.000000 120.000000
-9.109500 18.681500 0.912000 167.000000 179.000000 195.000000
-9.115500 18.646500 0.915000 30.000000 28.000000 33.000000
-9.236500 18.779500 0.899000 158.000000 163.000000 169.000000
-9.251500 18.696500 0.897000 82.000000 85.000000 90.000000
-9.242500 18.730500 0.898000 155.000000 166.000000 172.000000
-9.238500 18.707500 0.899000 165.000000 181.000000 204.000000
-9.244500 18.674500 0.898000 126.000000 132.000000 148.000000
-9.213500 18.635500 0.905000 33.000000 45.000000 57.000000
-9.236500 18.740500 0.899000 173.000000 178.000000 172.000000
-9.203500 18.637500 0.907000 31.000000 38.000000 46.000000
-9.239500 18.790500 0.898000 164.000000 176.000000 188.000000
-9.207500 18.694500 0.905000 112.000000 122.000000 149.000000
-9.218500 18.671500 0.903000 151.000000 165.000000 191.000000
-9.268500 18.704500 0.893000 37.000000 36.000000 31.000000
-9.256500 18.670500 0.896000 35.000000 37.000000 49.000000
-9.214500 18.652500 0.904000 162.000000 175.000000 192.000000
-9.198500 18.632500 0.908000 24.000000 25.000000 27.000000
-9.230500 18.768500 0.900000 157.000000 161.000000 172.000000
-9.257500 18.838500 0.894000 69.000000 74.000000 103.000000
-9.261500 18.692500 0.895000 30.000000 32.000000 31.000000
-9.245500 18.800500 0.897000 160.000000 176.000000 189.000000
-9.251500 18.765500 0.896000 84.000000 83.000000 79.000000
-9.244500 18.661500 0.898000 166.000000 172.000000 198.000000
-9.261500 18.715500 0.894000 36.000000 36.000000 28.000000
-9.242500 18.632500 0.899000 102.000000 109.000000 119.000000
-9.255500 18.705500 0.896000 43.000000 42.000000 40.000000
-9.235500 18.644500 0.900000 192.000000 202.000000 229.000000
-9.237500 18.634500 0.900000 131.000000 139.000000 152.000000
-9.233500 18.697500 0.900000 153.000000 164.000000 192.000000
-9.230500 18.672500 0.901000 150.000000 161.000000 189.000000
-9.163500 18.619500 0.915000 21.000000 21.000000 23.000000
-9.255500 18.741500 0.895000 46.000000 53.000000 61.000000
-9.177500 18.633500 0.912000 15.000000 18.000000 23.000000
-9.255500 18.632500 0.896000 46.000000 49.000000 56.000000
-9.265500 18.812500 0.893000 25.000000 32.000000 42.000000
-9.258500 18.727500 0.895000 29.000000 34.000000 40.000000
-9.248500 18.763500 0.897000 126.000000 121.000000 115.000000
-9.272500 18.666500 0.893000 31.000000 34.000000 41.000000
-9.241500 18.793500 0.898000 156.000000 170.000000 173.000000
-9.260500 18.743500 0.894000 28.000000 33.000000 36.000000
-9.260500 18.784500 0.894000 41.000000 32.000000 37.000000
-9.257500 18.827500 0.894000 55.000000 61.000000 85.000000
-9.236500 18.765500 0.899000 164.000000 164.000000 166.000000
-9.264500 18.662500 0.894000 31.000000 35.000000 44.000000
-9.246500 18.773500 0.897000 150.000000 147.000000 142.000000
-9.178500 18.658500 0.912000 70.000000 75.000000 81.000000
-9.265500 18.655500 0.894000 32.000000 35.000000 42.000000
-9.262500 18.696500 0.894000 33.000000 35.000000 32.000000
-9.220500 18.681500 0.903000 125.000000 139.000000 166.000000
-9.256500 18.723500 0.895000 43.000000 46.000000 51.000000
-9.209500 18.687500 0.905000 117.000000 127.000000 154.000000
-9.259500 18.732500 0.895000 29.000000 36.000000 46.000000
-9.254500 18.815500 0.895000 96.000000 105.000000 120.000000
-9.239500 18.729500 0.899000 168.000000 179.000000 185.000000
-9.248500 18.692500 0.897000 99.000000 103.000000 112.000000
-9.255500 18.664500 0.896000 47.000000 50.000000 65.000000
-9.248500 18.816500 0.896000 120.000000 132.000000 148.000000
-9.263500 18.685500 0.894000 30.000000 34.000000 37.000000
-9.258500 18.655500 0.896000 34.000000 37.000000 52.000000
-9.218500 18.729500 0.903000 173.000000 179.000000 175.000000
-9.261500 18.845500 0.893000 100.000000 108.000000 129.000000
-9.227500 18.750500 0.901000 163.000000 163.000000 161.000000
-9.266500 18.720500 0.893000 38.000000 37.000000 33.000000
-9.253500 18.757500 0.896000 58.000000 53.000000 57.000000
-9.250500 18.662500 0.897000 93.000000 98.000000 118.000000
-9.219500 18.744500 0.902000 189.000000 194.000000 200.000000
-9.237500 18.770500 0.899000 172.000000 172.000000 174.000000
-9.256500 18.680500 0.896000 36.000000 39.000000 46.000000
-9.267500 18.721500 0.893000 40.000000 36.000000 35.000000
-9.229500 18.694500 0.901000 136.000000 149.000000 181.000000
-9.185500 18.664500 0.910000 89.000000 96.000000 104.000000
-9.267500 18.821500 0.892000 109.000000 115.000000 139.000000
-9.268500 18.675500 0.893000 33.000000 36.000000 41.000000
-9.204500 18.666500 0.906000 130.000000 143.000000 159.000000
-9.230500 18.638500 0.901000 144.000000 155.000000 173.000000
-9.201500 18.695500 0.907000 93.000000 96.000000 113.000000
-9.208500 18.626500 0.906000 19.000000 24.000000 28.000000
-9.199500 18.651500 0.907000 100.000000 109.000000 116.000000
-9.206500 18.685500 0.906000 107.000000 117.000000 142.000000
-9.233500 18.722500 0.900000 165.000000 178.000000 186.000000
-9.199500 18.672500 0.907000 92.000000 101.000000 116.000000
-9.236500 18.660500 0.900000 183.000000 190.000000 218.000000
-9.244500 18.656500 0.898000 162.000000 168.000000 194.000000
-9.242500 18.714500 0.898000 156.000000 169.000000 186.000000
-9.236500 18.753500 0.899000 166.000000 165.000000 161.000000
-9.193500 18.627500 0.909000 16.000000 19.000000 24.000000
-9.178500 18.644500 0.912000 19.000000 22.000000 27.000000
-9.200500 18.664500 0.907000 107.000000 119.000000 133.000000
-9.255500 18.813500 0.895000 81.000000 88.000000 104.000000
-9.239500 18.762500 0.898000 171.000000 166.000000 162.000000
-9.213500 18.689500 0.904000 125.000000 136.000000 164.000000
-9.208500 18.663500 0.905000 167.000000 180.000000 197.000000
-9.253500 18.812500 0.895000 96.000000 105.000000 120.000000
-9.227500 18.732500 0.901000 177.000000 186.000000 181.000000
-9.239500 18.643500 0.899000 175.000000 181.000000 205.000000
-9.267500 18.755500 0.893000 35.000000 36.000000 40.000000
-9.244500 18.684500 0.898000 150.000000 153.000000 168.000000
-9.251500 18.698500 0.897000 63.000000 64.000000 68.000000
-9.224500 18.728500 0.902000 177.000000 186.000000 183.000000
-9.225500 18.682500 0.902000 137.000000 151.000000 178.000000
-9.267500 18.806500 0.892000 29.000000 34.000000 38.000000
-9.267500 18.712500 0.893000 40.000000 37.000000 30.000000
-9.202500 18.669500 0.907000 122.000000 134.000000 150.000000
-9.242500 18.752500 0.898000 153.000000 149.000000 148.000000
-9.245500 18.740500 0.897000 154.000000 160.000000 160.000000
-9.256500 18.651500 0.896000 32.000000 35.000000 50.000000
-9.187500 18.647500 0.910000 30.000000 35.000000 39.000000
-9.260500 18.676500 0.895000 33.000000 36.000000 43.000000
-9.230500 18.712500 0.901000 169.000000 184.000000 203.000000
-9.267500 18.640500 0.894000 36.000000 37.000000 41.000000
-9.221500 18.707500 0.902000 148.000000 163.000000 182.000000
-9.234500 18.721500 0.900000 163.000000 175.000000 189.000000
-9.241500 18.788500 0.898000 169.000000 178.000000 187.000000
-9.245500 18.658500 0.898000 162.000000 168.000000 194.000000
-9.245500 18.680500 0.898000 142.000000 145.000000 160.000000
-9.190500 18.684500 0.909000 88.000000 94.000000 110.000000
-9.254500 18.662500 0.896000 50.000000 53.000000 68.000000
-9.269500 18.697500 0.893000 35.000000 37.000000 34.000000
-9.270500 18.772500 0.892000 38.000000 38.000000 40.000000
-9.221500 18.651500 0.903000 168.000000 179.000000 201.000000
-9.234500 18.774500 0.899000 155.000000 162.000000 170.000000
-9.268500 18.825500 0.892000 112.000000 119.000000 145.000000
-9.271500 18.645500 0.893000 37.000000 38.000000 42.000000
-9.266500 18.813500 0.893000 30.000000 37.000000 47.000000
-9.249500 18.650500 0.897000 74.000000 76.000000 97.000000
-9.267500 18.778500 0.893000 40.000000 38.000000 43.000000
-9.240500 18.762500 0.898000 171.000000 166.000000 162.000000
-9.251500 18.715500 0.896000 61.000000 66.000000 70.000000
-9.260500 18.692500 0.895000 30.000000 32.000000 31.000000
-9.249500 18.635500 0.897000 77.000000 77.000000 87.000000
-9.214500 18.645500 0.904000 153.000000 168.000000 189.000000
-9.243500 18.767500 0.898000 164.000000 159.000000 155.000000
-9.191500 18.630500 0.909000 16.000000 21.000000 27.000000
-9.226500 18.683500 0.902000 137.000000 151.000000 178.000000
-9.245500 18.672500 0.898000 126.000000 132.000000 148.000000
-9.239500 18.724500 0.899000 156.000000 168.000000 182.000000
-9.217500 18.664500 0.904000 177.000000 189.000000 213.000000
-9.174500 18.823500 0.872000 212.000000 229.000000 255.000000
-9.212500 18.830500 0.846000 13.000000 16.000000 21.000000
-9.202500 18.820500 0.819000 32.000000 31.000000 36.000000
-9.116500 18.803500 0.876000 117.000000 129.000000 151.000000
-9.221500 18.839500 0.868000 73.000000 77.000000 88.000000
-9.186500 18.824500 0.861000 83.000000 87.000000 98.000000
-9.210500 18.839500 0.881000 214.000000 231.000000 255.000000
-9.162500 18.816500 0.862000 203.000000 214.000000 236.000000
-9.157500 18.814500 0.863000 216.000000 230.000000 255.000000
-9.140500 18.816500 0.890000 72.000000 82.000000 91.000000
-9.132500 18.811500 0.886000 72.000000 75.000000 90.000000
-9.160500 18.821500 0.883000 173.000000 193.000000 220.000000
-9.227500 18.840500 0.861000 48.000000 53.000000 59.000000
-9.197500 18.834500 0.881000 202.000000 225.000000 255.000000
-9.193500 18.816500 0.821000 33.000000 32.000000 38.000000
-9.211500 18.832500 0.855000 58.000000 61.000000 66.000000
-9.195500 18.819500 0.825000 26.000000 32.000000 44.000000
-9.234500 18.851500 0.892000 211.000000 224.000000 255.000000
-9.141500 18.815500 0.887000 83.000000 94.000000 112.000000
-9.158500 18.811500 0.849000 82.000000 86.000000 98.000000
-9.070500 18.792500 0.896000 120.000000 120.000000 122.000000
-9.212500 18.838500 0.874000 201.000000 207.000000 223.000000
-9.210500 18.828500 0.839000 27.000000 30.000000 37.000000
-9.176500 18.831500 0.897000 67.000000 72.000000 92.000000
-9.250500 18.855500 0.887000 202.000000 201.000000 219.000000
-9.186500 18.821500 0.846000 45.000000 49.000000 52.000000
-9.060500 18.788500 0.897000 145.000000 144.000000 139.000000
-9.184500 18.822500 0.855000 75.000000 78.000000 85.000000
-9.252500 18.856500 0.887000 202.000000 201.000000 219.000000
-9.223500 18.842500 0.877000 189.000000 195.000000 207.000000
-9.192500 18.835500 0.892000 164.000000 180.000000 203.000000
-9.078500 18.795500 0.898000 130.000000 128.000000 131.000000
-9.206500 18.828500 0.847000 18.000000 21.000000 26.000000
-9.188500 18.833500 0.891000 170.000000 186.000000 209.000000
-9.173500 18.820500 0.863000 202.000000 210.000000 231.000000
-9.244500 18.854500 0.891000 217.000000 228.000000 255.000000
-9.170500 18.818500 0.859000 145.000000 151.000000 167.000000
-9.211500 18.833500 0.859000 68.000000 72.000000 81.000000
-9.139500 18.816500 0.894000 83.000000 91.000000 102.000000
-9.199500 18.817500 0.817000 32.000000 30.000000 33.000000
-9.185500 18.821500 0.849000 67.000000 68.000000 72.000000
-9.215500 18.841500 0.884000 214.000000 231.000000 255.000000
-9.063500 18.790500 0.901000 143.000000 142.000000 140.000000
-9.106500 18.799500 0.873000 96.000000 109.000000 128.000000
-9.151500 18.812500 0.863000 214.000000 228.000000 255.000000
-9.189500 18.825500 0.859000 83.000000 87.000000 98.000000
-9.179500 18.817500 0.844000 40.000000 43.000000 48.000000
-9.160500 18.815500 0.862000 207.000000 217.000000 242.000000
-9.203500 18.825500 0.838000 19.000000 22.000000 29.000000
-9.172500 18.828500 0.891000 123.000000 139.000000 162.000000
-9.198500 18.836500 0.888000 169.000000 186.000000 214.000000
-9.174500 18.816500 0.844000 56.000000 59.000000 64.000000
-9.180500 18.828500 0.881000 170.000000 194.000000 238.000000
-9.190500 18.823500 0.848000 52.000000 53.000000 57.000000
-9.116500 18.800500 0.866000 165.000000 185.000000 218.000000
-9.193500 18.817500 0.821000 33.000000 32.000000 38.000000
-9.119500 18.808500 0.890000 86.000000 92.000000 106.000000
-9.219500 18.831500 0.839000 29.000000 32.000000 39.000000
-9.102500 18.801500 0.889000 93.000000 99.000000 111.000000
-9.173500 18.823500 0.873000 212.000000 229.000000 255.000000
-9.250500 18.856500 0.889000 211.000000 218.000000 244.000000
-9.209500 18.841500 0.890000 174.000000 189.000000 218.000000
-9.240500 18.850500 0.881000 182.000000 190.000000 211.000000
-9.148500 18.819500 0.892000 64.000000 77.000000 86.000000
-9.195500 18.833500 0.880000 213.000000 229.000000 255.000000
-9.215500 18.839500 0.876000 209.000000 221.000000 237.000000
-9.093500 18.800500 0.893000 80.000000 84.000000 93.000000
-9.218500 18.843500 0.886000 218.000000 229.000000 255.000000
-9.168500 18.819500 0.866000 212.000000 226.000000 252.000000
-9.146500 18.810500 0.859000 213.000000 225.000000 251.000000
-9.209500 18.826500 0.835000 30.000000 33.000000 42.000000
-9.161500 18.824500 0.895000 67.000000 75.000000 96.000000
-9.195500 18.825500 0.849000 59.000000 60.000000 64.000000
-9.121500 18.807500 0.886000 79.000000 82.000000 97.000000
-9.117500 18.800500 0.864000 163.000000 186.000000 220.000000
-9.198500 18.833500 0.875000 216.000000 226.000000 251.000000
-9.097500 18.801500 0.890000 90.000000 97.000000 107.000000
-9.127500 18.812500 0.896000 92.000000 98.000000 110.000000
-9.206500 18.830500 0.853000 41.000000 44.000000 49.000000
-9.058500 18.787500 0.896000 145.000000 145.000000 137.000000
-9.149500 18.815500 0.875000 161.000000 184.000000 215.000000
-9.101500 18.804500 0.899000 81.000000 82.000000 86.000000
-9.208500 18.824500 0.829000 32.000000 33.000000 38.000000
-9.109500 18.805500 0.896000 89.000000 93.000000 102.000000
-9.206500 18.837500 0.880000 216.000000 235.000000 255.000000
-9.217500 18.836500 0.861000 66.000000 71.000000 77.000000
-9.230500 18.847500 0.886000 222.000000 226.000000 251.000000
-9.219500 18.831500 0.838000 29.000000 32.000000 39.000000
-9.104500 18.799500 0.876000 73.000000 80.000000 98.000000
-9.139500 18.808500 0.863000 214.000000 229.000000 255.000000
-9.194500 18.828500 0.864000 149.000000 156.000000 174.000000
-9.229500 18.841500 0.862000 63.000000 68.000000 71.000000
-9.237500 18.846500 0.872000 67.000000 71.000000 82.000000
-9.090500 18.799500 0.894000 81.000000 80.000000 94.000000
-9.219500 18.839500 0.868000 78.000000 82.000000 94.000000
-9.198500 18.825500 0.845000 19.000000 22.000000 27.000000
-9.207500 18.829500 0.847000 18.000000 21.000000 26.000000
-9.116500 18.809500 0.899000 87.000000 90.000000 97.000000
-9.223500 18.834500 0.846000 22.000000 25.000000 30.000000
-9.173500 18.813500 0.835000 14.000000 19.000000 22.000000
-9.180500 18.821500 0.857000 87.000000 90.000000 105.000000
-9.146500 18.807500 0.850000 172.000000 179.000000 198.000000
-9.157500 18.812500 0.791000 18.000000 24.000000 22.000000
-9.213500 18.817500 0.782000 32.000000 35.000000 50.000000
-9.179500 18.813500 0.789000 22.000000 22.000000 30.000000
-9.194500 18.813500 0.790000 25.000000 26.000000 31.000000
-9.179500 18.812500 0.792000 22.000000 21.000000 29.000000
-9.060500 18.808500 0.797000 9.000000 14.000000 20.000000
-9.132500 18.810500 0.794000 21.000000 23.000000 22.000000
-9.057500 18.808500 0.797000 10.000000 15.000000 21.000000
-9.098500 18.808500 0.800000 28.000000 23.000000 30.000000
-9.162500 18.814500 0.788000 17.000000 23.000000 19.000000
-9.136500 18.815500 0.786000 23.000000 20.000000 31.000000
-9.096500 18.814500 0.789000 14.000000 14.000000 24.000000
-9.102500 18.807500 0.800000 30.000000 25.000000 32.000000
-9.150500 18.809500 0.797000 23.000000 26.000000 33.000000
-9.092500 18.812500 0.793000 13.000000 18.000000 22.000000
-9.131500 18.812500 0.790000 21.000000 20.000000 28.000000
-9.201500 18.815500 0.785000 29.000000 33.000000 42.000000
-9.140500 18.808500 0.799000 26.000000 27.000000 32.000000
-9.170500 18.810500 0.795000 25.000000 23.000000 37.000000
-9.178500 18.815500 0.786000 20.000000 25.000000 19.000000
-9.174500 18.811500 0.794000 22.000000 21.000000 29.000000
-9.208500 18.816500 0.784000 30.000000 34.000000 46.000000
-9.090500 18.808500 0.800000 22.000000 17.000000 24.000000
-9.133500 18.807500 0.801000 26.000000 25.000000 31.000000
-9.165500 18.817500 0.782000 24.000000 27.000000 34.000000
-9.085500 18.807500 0.799000 21.000000 17.000000 18.000000
-9.346500 18.740500 0.881000 41.000000 42.000000 47.000000
-9.330500 18.753500 0.892000 38.000000 42.000000 45.000000
-9.321500 18.812500 0.876000 36.000000 37.000000 39.000000
-9.344500 18.764500 0.871000 39.000000 43.000000 52.000000
-9.332500 18.778500 0.880000 35.000000 39.000000 40.000000
-9.316500 18.811500 0.883000 36.000000 38.000000 37.000000
-9.340500 18.709500 0.902000 36.000000 37.000000 41.000000
-9.350500 18.801500 0.848000 44.000000 48.000000 60.000000
-9.343500 18.750500 0.879000 39.000000 39.000000 47.000000
-9.326500 18.777500 0.886000 34.000000 38.000000 37.000000
-9.347500 18.794500 0.853000 38.000000 42.000000 54.000000
-9.343500 18.743500 0.882000 45.000000 46.000000 51.000000
-9.333500 18.754500 0.889000 41.000000 42.000000 44.000000
-9.336500 18.781500 0.874000 29.000000 34.000000 37.000000
-9.353500 18.806500 0.842000 42.000000 48.000000 62.000000
-9.340500 18.725500 0.894000 40.000000 39.000000 45.000000
-9.329500 18.793500 0.875000 34.000000 38.000000 39.000000
-9.320500 18.813500 0.877000 36.000000 37.000000 39.000000
-9.331500 18.736500 0.899000 39.000000 40.000000 45.000000
-9.333500 18.753500 0.890000 41.000000 42.000000 44.000000
-9.336500 18.810500 0.859000 35.000000 37.000000 49.000000
-9.344500 18.801500 0.854000 40.000000 42.000000 55.000000
-9.353500 18.779500 0.854000 41.000000 43.000000 56.000000
-9.348500 18.784500 0.857000 37.000000 41.000000 53.000000
-9.334500 18.808500 0.862000 34.000000 37.000000 46.000000
-9.320500 18.813500 0.877000 36.000000 37.000000 39.000000
-9.339500 18.732500 0.893000 40.000000 39.000000 44.000000
-9.346500 18.760500 0.871000 42.000000 44.000000 57.000000
-9.328500 18.755500 0.894000 36.000000 40.000000 43.000000
-9.349500 18.772500 0.862000 39.000000 43.000000 55.000000
-9.338500 18.790500 0.866000 32.000000 36.000000 45.000000
-9.333500 18.777500 0.878000 34.000000 39.000000 42.000000
-9.338500 18.725500 0.896000 40.000000 39.000000 45.000000
-9.338500 18.737500 0.891000 41.000000 40.000000 45.000000
-9.317500 18.815500 0.880000 35.000000 36.000000 41.000000
-9.349500 18.766500 0.864000 41.000000 47.000000 59.000000
-9.320500 18.814500 0.877000 34.000000 35.000000 37.000000
-9.343500 18.735500 0.886000 44.000000 43.000000 48.000000
-9.341500 18.786500 0.865000 34.000000 38.000000 49.000000
-9.340500 18.798500 0.860000 34.000000 36.000000 48.000000
-9.359500 18.723500 0.851000 44.000000 47.000000 54.000000
-9.352500 18.715500 0.869000 40.000000 43.000000 52.000000
-9.380500 18.708500 0.797000 38.000000 39.000000 44.000000
-9.363500 18.737500 0.836000 42.000000 41.000000 55.000000
-9.378500 18.708500 0.803000 40.000000 40.000000 48.000000
-9.352500 18.739500 0.865000 53.000000 56.000000 73.000000
-9.354500 18.761500 0.857000 44.000000 51.000000 69.000000
-9.342500 18.718500 0.894000 40.000000 39.000000 45.000000
-9.385500 18.681500 0.789000 41.000000 42.000000 44.000000
-9.372500 18.700500 0.820000 46.000000 46.000000 56.000000
-9.360500 18.749500 0.841000 52.000000 54.000000 66.000000
-9.361500 18.754500 0.840000 52.000000 54.000000 66.000000
-9.377500 18.733500 0.800000 37.000000 38.000000 42.000000
-9.372500 18.758500 0.810000 36.000000 37.000000 41.000000
-9.364500 18.753500 0.830000 55.000000 54.000000 68.000000
-9.370500 18.752500 0.816000 37.000000 36.000000 42.000000
-9.386500 18.694500 0.786000 35.000000 35.000000 33.000000
-9.382500 18.697500 0.794000 40.000000 39.000000 45.000000
-9.369500 18.759500 0.816000 36.000000 36.000000 44.000000
-9.352500 18.735500 0.866000 43.000000 46.000000 61.000000
-9.359500 18.740500 0.847000 47.000000 50.000000 59.000000
-9.347500 18.708500 0.884000 40.000000 41.000000 45.000000
-9.369500 18.751500 0.819000 35.000000 38.000000 43.000000
-9.357500 18.707500 0.859000 43.000000 46.000000 53.000000
-9.356500 18.731500 0.855000 45.000000 49.000000 60.000000
-9.355500 18.757500 0.854000 45.000000 51.000000 67.000000
-9.352500 18.727500 0.867000 41.000000 45.000000 56.000000
-9.351500 18.736500 0.869000 44.000000 47.000000 62.000000
-9.343500 18.712500 0.895000 40.000000 39.000000 44.000000
-9.369500 18.739500 0.821000 40.000000 43.000000 50.000000
-9.363500 18.730500 0.838000 42.000000 41.000000 55.000000
-9.365500 18.729500 0.834000 39.000000 41.000000 54.000000
-9.385500 18.705500 0.785000 34.000000 33.000000 31.000000
-9.352500 18.725500 0.868000 44.000000 47.000000 56.000000
-9.358500 18.765500 0.843000 48.000000 51.000000 68.000000
-9.359500 18.763500 0.841000 48.000000 51.000000 68.000000
-9.368500 18.715500 0.827000 42.000000 46.000000 55.000000
-9.346500 18.734500 0.880000 38.000000 38.000000 46.000000
-9.352500 18.742500 0.866000 60.000000 63.000000 80.000000
-9.374500 18.689500 0.818000 45.000000 45.000000 53.000000
-9.356500 18.760500 0.851000 45.000000 51.000000 65.000000
-9.371500 18.716500 0.820000 42.000000 45.000000 50.000000
-9.368500 18.727500 0.825000 41.000000 46.000000 52.000000
-9.376500 18.689500 0.813000 44.000000 45.000000 50.000000
-9.382500 18.707500 0.794000 38.000000 37.000000 42.000000
-9.379500 18.721500 0.799000 37.000000 38.000000 43.000000
-9.364500 18.744500 0.833000 47.000000 46.000000 60.000000
-9.361500 18.796500 0.830000 46.000000 52.000000 68.000000
-9.361500 18.770500 0.837000 47.000000 50.000000 67.000000
-9.353500 18.725500 0.866000 43.000000 47.000000 58.000000
-9.379500 18.699500 0.803000 40.000000 41.000000 46.000000
-9.359500 18.756500 0.843000 52.000000 54.000000 66.000000
-9.347500 18.714500 0.883000 41.000000 42.000000 46.000000
-9.345500 18.722500 0.886000 44.000000 43.000000 49.000000
-9.357500 18.747500 0.849000 49.000000 53.000000 64.000000
-9.348500 18.747500 0.873000 44.000000 47.000000 62.000000
-9.375500 18.699500 0.813000 43.000000 44.000000 49.000000
-9.360500 18.763500 0.839000 49.000000 52.000000 69.000000
-9.358500 18.792500 0.839000 44.000000 50.000000 66.000000
-9.346500 18.702500 0.887000 40.000000 41.000000 45.000000
-9.363500 18.695500 0.845000 46.000000 46.000000 54.000000
-9.359500 18.764500 0.842000 48.000000 51.000000 68.000000
-9.367500 18.707500 0.832000 44.000000 47.000000 54.000000
-9.346500 18.727500 0.884000 44.000000 43.000000 49.000000
-9.345500 18.722500 0.888000 44.000000 43.000000 49.000000
-9.381500 18.685500 0.799000 39.000000 39.000000 47.000000
-9.363500 18.709500 0.843000 49.000000 48.000000 54.000000
-9.347500 18.702500 0.885000 42.000000 43.000000 47.000000
-9.366500 18.758500 0.825000 47.000000 49.000000 61.000000
-9.373500 18.741500 0.810000 37.000000 38.000000 43.000000
-9.370500 18.764500 0.813000 36.000000 37.000000 41.000000
-9.382500 18.705500 0.793000 39.000000 38.000000 44.000000
-9.342500 18.719500 0.894000 40.000000 39.000000 45.000000
-9.368500 18.713500 0.827000 42.000000 46.000000 55.000000
-9.347500 18.732500 0.878000 38.000000 38.000000 46.000000
-9.379500 18.731500 0.796000 36.000000 37.000000 41.000000
-9.354500 18.695500 0.868000 43.000000 46.000000 53.000000
-9.353500 18.764500 0.857000 46.000000 45.000000 59.000000
-9.354500 18.741500 0.859000 48.000000 54.000000 70.000000
-9.380500 18.723500 0.795000 38.000000 39.000000 43.000000
-9.348500 18.718500 0.879000 38.000000 38.000000 46.000000
-9.361500 18.751500 0.838000 53.000000 52.000000 66.000000
-9.360500 18.766500 0.840000 47.000000 50.000000 67.000000
-9.361500 18.708500 0.847000 46.000000 45.000000 51.000000
-9.368500 18.738500 0.823000 40.000000 43.000000 50.000000
-9.349500 18.714500 0.879000 42.000000 43.000000 47.000000
-9.368500 18.726500 0.826000 41.000000 45.000000 54.000000
-9.323500 18.640500 0.905000 35.000000 35.000000 37.000000
-9.332500 18.621500 0.876000 45.000000 49.000000 52.000000
-9.331500 18.627500 0.880000 40.000000 44.000000 47.000000
-9.325500 18.648500 0.907000 37.000000 37.000000 39.000000
-9.360500 18.687500 0.852000 44.000000 47.000000 54.000000
-9.343500 18.679500 0.884000 41.000000 42.000000 46.000000
-9.368500 18.665500 0.821000 47.000000 47.000000 57.000000
-9.361500 18.652500 0.829000 41.000000 48.000000 58.000000
-9.346500 18.657500 0.866000 40.000000 43.000000 48.000000
-9.338500 18.663500 0.886000 36.000000 37.000000 41.000000
-9.318500 18.612500 0.902000 37.000000 36.000000 44.000000
-9.330500 18.643500 0.893000 36.000000 37.000000 39.000000
-9.362500 18.662500 0.833000 37.000000 44.000000 52.000000
-9.335500 18.674500 0.899000 38.000000 37.000000 42.000000
-9.337500 18.655500 0.884000 40.000000 41.000000 45.000000
-9.345500 18.650500 0.864000 38.000000 41.000000 48.000000
-9.371500 18.675500 0.821000 46.000000 46.000000 56.000000
-9.372500 18.657500 0.808000 44.000000 47.000000 52.000000
-9.386500 18.668500 0.784000 37.000000 42.000000 38.000000
-9.341500 18.680500 0.889000 42.000000 42.000000 44.000000
-9.329500 18.620500 0.882000 39.000000 39.000000 47.000000
-9.386500 18.674500 0.787000 36.000000 40.000000 41.000000
-9.361500 18.687500 0.849000 44.000000 47.000000 54.000000
-9.378500 18.667500 0.800000 43.000000 46.000000 53.000000
-9.339500 18.668500 0.887000 37.000000 38.000000 42.000000
-9.330500 18.644500 0.892000 36.000000 37.000000 39.000000
-9.346500 18.633500 0.852000 44.000000 42.000000 47.000000
-9.356500 18.688500 0.860000 43.000000 46.000000 53.000000
-9.367500 18.670500 0.827000 45.000000 48.000000 53.000000
-9.355500 18.644500 0.838000 41.000000 44.000000 49.000000
-9.364500 18.687500 0.842000 47.000000 50.000000 57.000000
-9.315500 18.607500 0.904000 36.000000 36.000000 38.000000
-9.340500 18.628500 0.863000 48.000000 48.000000 50.000000
-9.345500 18.632500 0.853000 41.000000 38.000000 45.000000
-9.338500 18.669500 0.891000 40.000000 40.000000 42.000000
-9.346500 18.638500 0.854000 48.000000 47.000000 55.000000
-9.362500 18.668500 0.836000 43.000000 48.000000 54.000000
-9.375500 18.676500 0.812000 45.000000 46.000000 51.000000
-9.376500 18.666500 0.806000 42.000000 45.000000 52.000000
-9.336500 18.664500 0.891000 36.000000 37.000000 41.000000
-9.363500 18.659500 0.829000 39.000000 46.000000 54.000000
-9.343500 18.679500 0.885000 41.000000 42.000000 46.000000
-9.338500 18.680500 0.896000 41.000000 40.000000 45.000000
-9.341500 18.688500 0.894000 42.000000 42.000000 44.000000
-9.338500 18.654500 0.881000 39.000000 43.000000 46.000000
-9.373500 18.656500 0.805000 43.000000 46.000000 53.000000
-9.364500 18.654500 0.824000 51.000000 51.000000 59.000000
-9.324500 18.622500 0.895000 34.000000 35.000000 37.000000
-9.336500 18.688500 0.905000 37.000000 38.000000 43.000000
-9.371500 18.676500 0.821000 46.000000 46.000000 56.000000
-9.362500 18.650500 0.826000 40.000000 47.000000 57.000000
-9.331500 18.629500 0.883000 35.000000 36.000000 40.000000
-9.327500 18.645500 0.900000 37.000000 38.000000 40.000000
-9.340500 18.684500 0.895000 41.000000 40.000000 45.000000
-9.357500 18.642500 0.833000 40.000000 45.000000 51.000000
-9.342500 18.656500 0.875000 35.000000 39.000000 42.000000
-9.345500 18.639500 0.858000 45.000000 45.000000 53.000000
-9.355500 18.647500 0.839000 41.000000 46.000000 50.000000
-9.388500 18.669500 0.781000 71.000000 64.000000 54.000000
-9.314500 18.606500 0.907000 36.000000 36.000000 38.000000
-9.321500 18.626500 0.902000 36.000000 37.000000 39.000000
-9.353500 18.667500 0.857000 44.000000 49.000000 55.000000
-9.336500 18.635500 0.876000 34.000000 38.000000 41.000000
-9.335500 18.667500 0.895000 38.000000 39.000000 41.000000
-9.358500 18.656500 0.839000 41.000000 49.000000 52.000000
-9.367500 18.668500 0.824000 48.000000 48.000000 58.000000
-9.350500 18.685500 0.873000 38.000000 43.000000 47.000000
-9.373500 18.675500 0.816000 45.000000 46.000000 51.000000
-9.324500 18.636500 0.902000 35.000000 36.000000 38.000000
-9.343500 18.655500 0.871000 39.000000 43.000000 46.000000
-9.345500 18.632500 0.853000 41.000000 38.000000 45.000000
-9.364500 18.679500 0.839000 45.000000 50.000000 56.000000
-9.347500 18.656500 0.864000 40.000000 43.000000 50.000000
-9.338500 18.659500 0.884000 39.000000 40.000000 44.000000
-9.365500 18.677500 0.836000 43.000000 48.000000 54.000000
-9.345500 18.693500 0.888000 42.000000 43.000000 47.000000
-9.366500 18.655500 0.821000 49.000000 49.000000 57.000000
-9.084500 18.540500 0.884000 163.000000 179.000000 195.000000
-9.084500 18.567500 0.876000 99.000000 103.000000 106.000000
-9.060500 18.578500 0.889000 97.000000 97.000000 99.000000
-9.083500 18.512500 0.894000 151.000000 163.000000 177.000000
-9.080500 18.513500 0.896000 159.000000 169.000000 179.000000
-9.084500 18.528500 0.889000 149.000000 166.000000 184.000000
-9.069500 18.593500 0.879000 51.000000 51.000000 53.000000
-9.073500 18.592500 0.876000 54.000000 54.000000 56.000000
-9.064500 18.541500 0.898000 191.000000 205.000000 216.000000
-9.074500 18.589500 0.876000 55.000000 55.000000 55.000000
-9.058500 18.536500 0.904000 150.000000 160.000000 170.000000
-9.069500 18.555500 0.890000 170.000000 182.000000 196.000000
-9.071500 18.589500 0.879000 58.000000 58.000000 58.000000
-9.063500 18.556500 0.895000 96.000000 104.000000 115.000000
-9.069500 18.543500 0.894000 181.000000 198.000000 218.000000
-9.065500 18.587500 0.884000 75.000000 73.000000 76.000000
-9.058500 18.533500 0.905000 165.000000 174.000000 183.000000
-9.081500 18.581500 0.874000 74.000000 75.000000 70.000000
-9.083500 18.524500 0.890000 144.000000 160.000000 175.000000
-9.084500 18.579500 0.873000 77.000000 78.000000 73.000000
-9.077500 18.567500 0.881000 91.000000 95.000000 96.000000
-9.071500 18.558500 0.888000 159.000000 169.000000 179.000000
-9.082500 18.554500 0.882000 133.000000 143.000000 155.000000
-9.079500 18.556500 0.883000 119.000000 129.000000 139.000000
-9.079500 18.607500 0.867000 27.000000 30.000000 37.000000
-9.071500 18.535500 0.895000 171.000000 185.000000 194.000000
-9.080500 18.529500 0.891000 151.000000 167.000000 182.000000
-9.068500 18.570500 0.887000 91.000000 95.000000 98.000000
-9.085500 18.541500 0.883000 170.000000 183.000000 199.000000
-9.058500 18.555500 0.898000 152.000000 160.000000 173.000000
-9.142500 18.566500 0.817000 21.000000 19.000000 20.000000
-9.096500 18.528500 0.877000 149.000000 161.000000 175.000000
-9.096500 18.511500 0.882000 92.000000 102.000000 114.000000
-9.110500 18.558500 0.853000 44.000000 48.000000 57.000000
-9.096500 18.522500 0.879000 106.000000 119.000000 135.000000
-9.129500 18.573500 0.828000 22.000000 26.000000 29.000000
-9.095500 18.574500 0.864000 60.000000 64.000000 65.000000
-9.085500 18.575500 0.873000 78.000000 80.000000 77.000000
-9.160500 18.550500 0.805000 23.000000 22.000000 18.000000
-9.163500 18.530500 0.808000 32.000000 29.000000 24.000000
-9.123500 18.521500 0.851000 154.000000 159.000000 165.000000
-9.090500 18.519500 0.886000 145.000000 158.000000 174.000000
-9.168500 18.534500 0.801000 48.000000 43.000000 37.000000
-9.147500 18.564500 0.813000 20.000000 20.000000 20.000000
-9.117500 18.566500 0.843000 35.000000 40.000000 46.000000
-9.103500 18.529500 0.869000 149.000000 155.000000 167.000000
-9.115500 18.578500 0.841000 19.000000 24.000000 30.000000
-9.119500 18.526500 0.854000 154.000000 159.000000 165.000000
-9.155500 18.558500 0.807000 20.000000 20.000000 20.000000
-9.092500 18.557500 0.872000 104.000000 108.000000 119.000000
-9.117500 18.566500 0.843000 35.000000 40.000000 46.000000
-9.149500 18.566500 0.810000 20.000000 20.000000 18.000000
-9.084500 18.588500 0.869000 51.000000 50.000000 48.000000
-9.107500 18.563500 0.854000 45.000000 49.000000 60.000000
-9.105500 18.512500 0.872000 144.000000 151.000000 159.000000
-9.119500 18.545500 0.848000 25.000000 30.000000 36.000000
-9.112500 18.545500 0.855000 75.000000 79.000000 88.000000
-9.128500 18.518500 0.847000 144.000000 157.000000 163.000000
-9.095500 18.576500 0.863000 60.000000 64.000000 65.000000
-9.178500 18.535500 0.791000 69.000000 61.000000 48.000000
-9.086500 18.559500 0.877000 97.000000 102.000000 108.000000
-9.091500 18.526500 0.883000 109.000000 122.000000 139.000000
-9.103500 18.587500 0.850000 29.000000 32.000000 39.000000
-9.090500 18.515500 0.887000 117.000000 129.000000 143.000000
-9.127500 18.542500 0.841000 13.000000 17.000000 20.000000
-9.086500 18.591500 0.867000 44.000000 42.000000 43.000000
-9.182500 18.534500 0.787000 71.000000 62.000000 47.000000
-9.094500 18.582500 0.861000 42.000000 42.000000 44.000000
-9.108500 18.577500 0.849000 18.000000 21.000000 30.000000
-9.114500 18.539500 0.855000 91.000000 95.000000 104.000000
-9.087500 18.542500 0.882000 171.000000 184.000000 200.000000
-9.097500 18.521500 0.878000 100.000000 112.000000 126.000000
-9.103500 18.576500 0.854000 39.000000 42.000000 51.000000
-9.086500 18.546500 0.881000 171.000000 183.000000 197.000000
-9.124500 18.566500 0.836000 22.000000 25.000000 30.000000
-9.091500 18.585500 0.864000 41.000000 41.000000 41.000000
-9.128500 18.530500 0.844000 84.000000 89.000000 93.000000
-9.121500 18.555500 0.843000 29.000000 32.000000 37.000000
-9.126500 18.555500 0.837000 19.000000 20.000000 24.000000
-9.110500 18.547500 0.856000 102.000000 106.000000 117.000000
-9.092500 18.606500 0.856000 29.000000 32.000000 41.000000
-9.155500 18.553500 0.809000 19.000000 19.000000 17.000000
-9.111500 18.519500 0.864000 140.000000 145.000000 151.000000
-9.092500 18.529500 0.881000 155.000000 168.000000 184.000000
-9.088500 18.521500 0.887000 130.000000 146.000000 162.000000
-9.117500 18.544500 0.850000 23.000000 28.000000 34.000000
-9.102500 18.585500 0.852000 29.000000 32.000000 39.000000
-9.090500 18.605500 0.858000 29.000000 32.000000 41.000000
-9.101500 18.529500 0.872000 146.000000 154.000000 167.000000
-9.125500 18.527500 0.848000 147.000000 152.000000 158.000000
-9.162500 18.557500 0.800000 24.000000 25.000000 20.000000
-9.152500 18.561500 0.809000 21.000000 21.000000 21.000000
-9.095500 18.526500 0.878000 155.000000 167.000000 183.000000
-9.111500 18.525500 0.863000 150.000000 157.000000 165.000000
-9.168500 18.532500 0.802000 48.000000 43.000000 37.000000
-9.113500 18.543500 0.854000 75.000000 79.000000 88.000000
-9.160500 18.540500 0.807000 27.000000 26.000000 22.000000
-9.113500 18.588500 0.840000 36.000000 39.000000 48.000000
-9.118500 18.574500 0.839000 30.000000 35.000000 41.000000
-9.111500 18.576500 0.846000 22.000000 25.000000 32.000000
-9.091500 18.573500 0.868000 85.000000 89.000000 90.000000
-9.120500 18.533500 0.851000 99.000000 104.000000 110.000000
-9.104500 18.592500 0.848000 40.000000 44.000000 55.000000
-9.112500 18.587500 0.841000 36.000000 39.000000 48.000000
-9.086500 18.570500 0.874000 91.000000 93.000000 92.000000
-9.109500 18.527500 0.864000 149.000000 156.000000 166.000000
-9.121500 18.578500 0.835000 32.000000 37.000000 41.000000
-9.120500 18.547500 0.846000 22.000000 25.000000 30.000000
-9.181500 18.535500 0.788000 71.000000 62.000000 47.000000
-9.102500 18.585500 0.853000 26.000000 29.000000 34.000000
-9.088500 18.566500 0.873000 98.000000 102.000000 105.000000
-9.113500 18.562500 0.849000 32.000000 37.000000 43.000000
-9.174500 18.541500 0.793000 63.000000 56.000000 48.000000
-9.096500 18.603500 0.853000 33.000000 37.000000 48.000000
-9.115500 18.554500 0.848000 29.000000 34.000000 40.000000
-9.168500 18.551500 0.796000 36.000000 36.000000 28.000000
-9.096500 18.534500 0.875000 135.000000 144.000000 159.000000
-9.085500 18.589500 0.868000 44.000000 42.000000 43.000000
-9.106500 18.553500 0.859000 123.000000 127.000000 138.000000
-9.145500 18.555500 0.818000 21.000000 21.000000 23.000000
-9.063500 18.486500 0.874000 103.000000 105.000000 94.000000
-9.062500 18.504500 0.890000 113.000000 115.000000 114.000000
-9.067500 18.493500 0.880000 106.000000 107.000000 101.000000
-9.067500 18.494500 0.881000 106.000000 107.000000 101.000000
-9.071500 18.476500 0.866000 107.000000 109.000000 98.000000
-9.068500 18.497500 0.884000 106.000000 107.000000 102.000000
-9.055500 18.468500 0.859000 106.000000 106.000000 96.000000
-9.071500 18.498500 0.885000 117.000000 117.000000 115.000000
-9.078500 18.489500 0.877000 102.000000 105.000000 98.000000
-9.065500 18.489500 0.877000 104.000000 105.000000 97.000000
-9.073500 18.490500 0.878000 105.000000 106.000000 100.000000
-9.077500 18.487500 0.875000 102.000000 105.000000 98.000000
-9.065500 18.508500 0.892000 157.000000 161.000000 164.000000
-9.057500 18.509500 0.893000 122.000000 124.000000 121.000000
-9.078500 18.488500 0.876000 102.000000 105.000000 98.000000
-9.065500 18.485500 0.873000 103.000000 106.000000 95.000000
-9.067500 18.509500 0.894000 158.000000 163.000000 167.000000
-9.077500 18.486500 0.874000 104.000000 107.000000 98.000000
-9.057500 18.494500 0.881000 108.000000 107.000000 102.000000
-9.057500 18.522500 0.904000 118.000000 122.000000 123.000000
-9.153500 18.513500 0.811000 85.000000 84.000000 82.000000
-9.072500 18.425500 0.797000 75.000000 71.000000 59.000000
-9.087500 18.509500 0.891000 155.000000 164.000000 173.000000
-9.091500 18.463500 0.822000 84.000000 77.000000 67.000000
-9.078500 18.479500 0.864000 104.000000 105.000000 99.000000
-9.176500 18.514500 0.781000 79.000000 63.000000 48.000000
-9.128500 18.473500 0.787000 126.000000 119.000000 109.000000
-9.127500 18.474500 0.790000 139.000000 134.000000 128.000000
-9.142500 18.504500 0.814000 154.000000 153.000000 149.000000
-9.128500 18.478500 0.795000 173.000000 169.000000 166.000000
-9.104500 18.454500 0.793000 69.000000 61.000000 48.000000
-9.114500 18.462500 0.791000 79.000000 73.000000 61.000000
-9.074500 18.429500 0.798000 77.000000 73.000000 62.000000
-9.105500 18.483500 0.834000 132.000000 126.000000 110.000000
-9.149500 18.515500 0.819000 119.000000 118.000000 132.000000
-9.139500 18.503500 0.815000 154.000000 153.000000 149.000000
-9.061500 18.409500 0.787000 76.000000 70.000000 54.000000
-9.075500 18.422500 0.787000 73.000000 66.000000 48.000000
-9.085500 18.447500 0.808000 77.000000 71.000000 59.000000
-9.125500 18.495500 0.823000 131.000000 125.000000 93.000000
-9.165500 18.514500 0.796000 71.000000 63.000000 50.000000
-9.141500 18.490500 0.795000 142.000000 137.000000 131.000000
-9.058500 18.410500 0.794000 81.000000 77.000000 65.000000
-9.166500 18.512500 0.791000 76.000000 67.000000 52.000000
-9.071500 18.418500 0.787000 72.000000 67.000000 48.000000
-9.080500 18.482500 0.864000 105.000000 108.000000 101.000000
-9.071500 18.447500 0.828000 90.000000 87.000000 80.000000
-9.084500 18.456500 0.822000 79.000000 75.000000 64.000000
-9.057500 18.435500 0.830000 109.000000 106.000000 99.000000
-9.096500 18.500500 0.868000 157.000000 161.000000 162.000000
-9.095500 18.488500 0.852000 115.000000 119.000000 118.000000
-9.125500 18.498500 0.827000 132.000000 128.000000 103.000000
-9.109500 18.504500 0.857000 152.000000 153.000000 148.000000
-9.138500 18.514500 0.832000 173.000000 179.000000 193.000000
-9.095500 18.470500 0.825000 77.000000 70.000000 60.000000
-9.163500 18.518500 0.804000 60.000000 53.000000 43.000000
-9.106500 18.511500 0.871000 146.000000 153.000000 159.000000
-9.072500 18.416500 0.783000 86.000000 78.000000 57.000000
-9.073500 18.473500 0.860000 110.000000 109.000000 104.000000
-9.066500 18.417500 0.792000 77.000000 73.000000 61.000000
-9.081500 18.459500 0.831000 90.000000 90.000000 82.000000
-9.141500 18.489500 0.794000 142.000000 137.000000 131.000000
-9.064500 18.425500 0.807000 87.000000 79.000000 68.000000
-9.133500 18.499500 0.818000 145.000000 144.000000 126.000000
-9.105500 18.490500 0.843000 126.000000 127.000000 113.000000
-9.130500 18.502500 0.826000 149.000000 147.000000 134.000000
-9.149500 18.488500 0.782000 156.000000 147.000000 132.000000
-9.069500 18.439500 0.820000 87.000000 80.000000 72.000000
-9.163500 18.508500 0.791000 82.000000 74.000000 63.000000
-9.110500 18.489500 0.835000 184.000000 183.000000 163.000000
-9.116500 18.489500 0.827000 147.000000 141.000000 119.000000
-9.141500 18.517500 0.832000 169.000000 175.000000 189.000000
-9.058500 18.416500 0.802000 83.000000 79.000000 70.000000
-9.132500 18.479500 0.791000 152.000000 149.000000 144.000000
-9.122500 18.499500 0.833000 145.000000 142.000000 123.000000
-9.143500 18.506500 0.815000 148.000000 148.000000 148.000000
-9.136500 18.497500 0.811000 141.000000 139.000000 126.000000
-9.114500 18.470500 0.802000 57.000000 56.000000 52.000000
-9.113500 18.490500 0.834000 175.000000 173.000000 150.000000
-9.152500 18.494500 0.784000 143.000000 135.000000 122.000000
-9.128500 18.502500 0.829000 151.000000 152.000000 144.000000
-9.152500 18.500500 0.793000 132.000000 125.000000 115.000000
-9.092500 18.496500 0.867000 166.000000 170.000000 171.000000
-9.125500 18.510500 0.844000 141.000000 153.000000 151.000000
-9.103500 18.489500 0.844000 110.000000 112.000000 99.000000
-9.081500 18.474500 0.852000 112.000000 110.000000 111.000000
-9.146500 18.513500 0.820000 184.000000 183.000000 199.000000
-9.152500 18.495500 0.787000 145.000000 137.000000 126.000000
-9.113500 18.508500 0.857000 145.000000 147.000000 144.000000
-9.169500 18.519500 0.798000 70.000000 64.000000 52.000000
-9.100500 18.454500 0.798000 65.000000 57.000000 46.000000
-9.086500 18.504500 0.886000 164.000000 169.000000 175.000000
-9.063500 18.435500 0.822000 94.000000 90.000000 81.000000
-9.131500 18.491500 0.809000 156.000000 153.000000 146.000000
-9.068500 18.431500 0.810000 85.000000 76.000000 67.000000
-9.146500 18.498500 0.799000 137.000000 133.000000 124.000000
-9.137500 18.484500 0.792000 154.000000 151.000000 146.000000
-9.139500 18.496500 0.805000 139.000000 140.000000 126.000000
-9.062500 18.422500 0.806000 88.000000 80.000000 69.000000
-9.125500 18.466500 0.782000 88.000000 80.000000 61.000000
-9.082500 18.441500 0.805000 76.000000 70.000000 58.000000
-9.176500 18.517500 0.786000 77.000000 63.000000 50.000000
-9.055500 18.405500 0.790000 84.000000 78.000000 66.000000
-9.136500 18.497500 0.811000 141.000000 139.000000 126.000000
-9.058500 18.400500 0.781000 75.000000 68.000000 52.000000
-9.102500 18.510500 0.875000 149.000000 158.000000 167.000000
-9.156500 18.504500 0.793000 118.000000 111.000000 101.000000
-9.071500 18.461500 0.847000 110.000000 111.000000 106.000000
-9.096500 18.499500 0.867000 157.000000 161.000000 162.000000
-9.114500 18.471500 0.803000 53.000000 53.000000 51.000000
-9.108500 18.497500 0.849000 157.000000 162.000000 155.000000
-9.089500 18.459500 0.818000 82.000000 75.000000 65.000000
-9.084500 18.435500 0.793000 69.000000 63.000000 49.000000
-9.133500 18.501500 0.821000 154.000000 154.000000 144.000000
-9.159500 18.504500 0.790000 117.000000 109.000000 98.000000
-9.102500 18.460500 0.805000 70.000000 67.000000 58.000000
-9.118500 18.472500 0.799000 65.000000 65.000000 63.000000
-9.111500 18.467500 0.801000 54.000000 53.000000 48.000000
-9.065500 18.413500 0.789000 75.000000 70.000000 51.000000
-9.116500 18.463500 0.789000 84.000000 77.000000 61.000000
-9.071500 18.424500 0.796000 75.000000 71.000000 59.000000
-9.084500 18.493500 0.876000 105.000000 107.000000 104.000000
-9.159500 18.500500 0.784000 122.000000 112.000000 100.000000
-9.096500 18.482500 0.843000 99.000000 95.000000 94.000000
-9.168500 18.517500 0.797000 71.000000 65.000000 53.000000
-9.123500 18.495500 0.826000 125.000000 119.000000 87.000000
-9.161500 18.501500 0.782000 116.000000 107.000000 92.000000
-9.085500 18.454500 0.818000 77.000000 73.000000 62.000000
-9.067500 18.458500 0.849000 106.000000 111.000000 104.000000
-9.095500 18.469500 0.824000 77.000000 70.000000 60.000000
-9.075500 18.450500 0.827000 88.000000 85.000000 78.000000
-9.107500 18.498500 0.851000 157.000000 162.000000 155.000000
-9.106500 18.454500 0.791000 79.000000 70.000000 55.000000
-9.120500 18.489500 0.822000 138.000000 130.000000 94.000000
-9.090500 18.468500 0.830000 80.000000 75.000000 69.000000
-9.110500 18.463500 0.797000 62.000000 58.000000 49.000000
-9.126500 18.503500 0.833000 148.000000 148.000000 138.000000
-9.082500 18.447500 0.813000 80.000000 73.000000 63.000000
-9.068500 18.421500 0.795000 75.000000 71.000000 59.000000
-9.147500 18.514500 0.820000 164.000000 163.000000 179.000000
-9.117500 18.461500 0.785000 88.000000 80.000000 61.000000
-9.091500 18.501500 0.875000 150.000000 155.000000 159.000000
-9.158500 18.522500 0.815000 32.000000 28.000000 25.000000
-9.070500 18.419500 0.790000 75.000000 69.000000 53.000000
-9.150500 18.612500 0.914000 18.000000 24.000000 20.000000
-9.078500 18.583500 0.904000 23.000000 24.000000 29.000000
-9.117500 18.610500 0.892000 25.000000 30.000000 34.000000
-9.118500 18.603500 0.903000 17.000000 19.000000 18.000000
-9.120500 18.612500 0.891000 28.000000 35.000000 41.000000
-9.137500 18.614500 0.900000 14.000000 16.000000 15.000000
-9.089500 18.588500 0.906000 22.000000 23.000000 28.000000
-9.057500 18.569500 0.909000 22.000000 23.000000 27.000000
-9.084500 18.611500 0.865000 119.000000 133.000000 162.000000
-9.077500 18.596500 0.882000 55.000000 60.000000 66.000000
-9.147500 18.611500 0.912000 20.000000 21.000000 26.000000
-9.109500 18.604500 0.895000 21.000000 22.000000 24.000000
-9.125500 18.610500 0.897000 19.000000 24.000000 27.000000
-9.080500 18.585500 0.901000 17.000000 18.000000 22.000000
-9.062500 18.565500 0.919000 62.000000 63.000000 68.000000
-9.105500 18.608500 0.886000 73.000000 80.000000 86.000000
-9.098500 18.608500 0.882000 84.000000 93.000000 100.000000
-9.119500 18.595500 0.916000 22.000000 22.000000 30.000000
-9.062500 18.570500 0.912000 22.000000 23.000000 27.000000
-9.069500 18.591500 0.885000 22.000000 23.000000 27.000000
-9.056500 18.573500 0.902000 21.000000 22.000000 27.000000
-9.079500 18.593500 0.888000 17.000000 18.000000 22.000000
-9.078500 18.598500 0.880000 62.000000 67.000000 73.000000
-9.133500 18.609500 0.905000 18.000000 20.000000 19.000000
-9.155500 18.613500 0.916000 19.000000 24.000000 20.000000
-9.091500 18.600500 0.888000 21.000000 25.000000 28.000000
-9.098500 18.587500 0.915000 23.000000 23.000000 33.000000
-9.064500 18.579500 0.899000 20.000000 21.000000 26.000000
-9.088500 18.592500 0.899000 18.000000 19.000000 23.000000
-9.092500 18.583500 0.916000 23.000000 23.000000 33.000000
-9.068500 18.568500 0.919000 47.000000 48.000000 53.000000
-9.080500 18.608500 0.868000 112.000000 124.000000 148.000000
-9.123500 18.610500 0.897000 19.000000 24.000000 27.000000
-9.096500 18.584500 0.917000 22.000000 22.000000 32.000000
-9.088500 18.599500 0.889000 19.000000 23.000000 26.000000
-9.094500 18.584500 0.916000 22.000000 22.000000 32.000000
-9.056500 18.564500 0.915000 54.000000 54.000000 62.000000
-9.105500 18.608500 0.886000 73.000000 80.000000 86.000000
-9.109500 18.609500 0.887000 59.000000 66.000000 72.000000
-9.074500 18.597500 0.878000 90.000000 94.000000 103.000000
-9.143500 18.607500 0.915000 22.000000 23.000000 28.000000
-9.088500 18.613500 0.867000 117.000000 131.000000 158.000000
