-9.955500 21.139500 0.785000 95.000000 86.000000 69.000000
-9.845500 21.068500 0.794000 100.000000 91.000000 74.000000
-9.893500 21.106500 0.788000 97.000000 85.000000 69.000000
-9.890500 21.106500 0.787000 97.000000 85.000000 69.000000
-9.799500 21.077500 0.785000 99.000000 89.000000 77.000000
-9.812500 21.062500 0.791000 99.000000 89.000000 79.000000
-9.842500 21.071500 0.793000 100.000000 91.000000 74.000000
-9.918500 21.135500 0.781000 100.000000 87.000000 70.000000
-9.913500 21.126500 0.784000 99.000000 86.000000 69.000000
-9.809500 21.062500 0.791000 102.000000 89.000000 80.000000
-9.802500 21.064500 0.789000 104.000000 92.000000 78.000000
-9.793500 21.079500 0.783000 100.000000 90.000000 78.000000
-9.801500 21.067500 0.788000 101.000000 91.000000 79.000000
-9.845500 21.063500 0.796000 101.000000 93.000000 74.000000
-9.955500 21.147500 0.782000 95.000000 86.000000 69.000000
-9.800500 21.070500 0.787000 100.000000 90.000000 78.000000
-9.838500 21.068500 0.793000 100.000000 91.000000 76.000000
-9.975500 21.154500 0.783000 96.000000 87.000000 70.000000
-9.888500 21.115500 0.784000 97.000000 85.000000 69.000000
-9.918500 21.120500 0.786000 98.000000 85.000000 68.000000
-9.948500 21.146500 0.781000 95.000000 86.000000 69.000000
-9.795500 21.059500 0.790000 106.000000 93.000000 76.000000
-9.813500 21.066500 0.790000 99.000000 89.000000 80.000000
-9.802500 21.043500 0.797000 110.000000 98.000000 76.000000
-9.858500 21.069500 0.796000 98.000000 89.000000 72.000000
-9.848500 21.099500 0.784000 96.000000 87.000000 70.000000
-9.931500 21.129500 0.785000 99.000000 86.000000 69.000000
-9.798500 21.046500 0.795000 107.000000 95.000000 73.000000
-9.858500 21.113500 0.781000 95.000000 86.000000 69.000000
-9.870500 21.089500 0.790000 96.000000 87.000000 70.000000
-9.783500 21.073500 0.784000 105.000000 92.000000 75.000000
-9.905500 21.127500 0.782000 97.000000 84.000000 67.000000
-9.874500 21.108500 0.784000 94.000000 85.000000 68.000000
-9.795500 21.048500 0.794000 105.000000 93.000000 71.000000
-9.889500 21.121500 0.782000 97.000000 84.000000 68.000000
-9.969500 21.156500 0.781000 97.000000 88.000000 71.000000
-9.811500 21.058500 0.793000 104.000000 92.000000 80.000000
-9.886500 21.106500 0.787000 96.000000 87.000000 70.000000
-9.870500 21.107500 0.784000 95.000000 86.000000 69.000000
-9.804500 21.035500 0.800000 103.000000 94.000000 77.000000
-9.970500 21.152500 0.783000 97.000000 88.000000 71.000000
-9.869500 21.114500 0.782000 95.000000 86.000000 69.000000
-9.779500 21.070500 0.784000 108.000000 95.000000 78.000000
-9.779500 21.073500 0.783000 108.000000 95.000000 78.000000
-9.802500 21.065500 0.789000 104.000000 92.000000 78.000000
-9.794500 21.065500 0.788000 103.000000 92.000000 74.000000
-9.914500 21.117500 0.787000 97.000000 84.000000 67.000000
-9.805500 21.062500 0.790000 104.000000 92.000000 78.000000
-9.835500 21.058500 0.796000 100.000000 91.000000 74.000000
-9.846500 21.065500 0.795000 101.000000 93.000000 74.000000
-9.949500 21.147500 0.781000 95.000000 86.000000 69.000000
-9.892500 21.111500 0.786000 96.000000 84.000000 68.000000
-9.834500 21.092500 0.784000 100.000000 91.000000 74.000000
-9.821500 21.062500 0.793000 101.000000 91.000000 81.000000
-9.818500 21.092500 0.782000 101.000000 92.000000 75.000000
-9.883500 21.101500 0.788000 95.000000 86.000000 69.000000
-9.798500 21.064500 0.789000 104.000000 92.000000 76.000000
-9.847500 21.082500 0.790000 98.000000 89.000000 72.000000
-9.814500 21.081500 0.785000 101.000000 92.000000 77.000000
-9.798500 21.053500 0.793000 107.000000 95.000000 73.000000
-9.874500 21.113500 0.783000 94.000000 85.000000 68.000000
-9.829500 21.055500 0.796000 100.000000 90.000000 78.000000
-9.829500 21.087500 0.785000 100.000000 91.000000 74.000000
-9.839500 21.070500 0.792000 100.000000 91.000000 76.000000
-9.880500 21.088500 0.792000 95.000000 86.000000 69.000000
-9.853500 21.086500 0.789000 96.000000 87.000000 70.000000
-9.869500 21.109500 0.783000 95.000000 86.000000 69.000000
-9.872500 21.085500 0.792000 96.000000 87.000000 70.000000
-9.848500 21.093500 0.786000 96.000000 87.000000 70.000000
-9.877500 21.094500 0.790000 94.000000 85.000000 68.000000
-9.800500 21.089500 0.781000 101.000000 92.000000 77.000000
-9.887500 21.094500 0.791000 95.000000 86.000000 69.000000
-9.823500 21.057500 0.795000 99.000000 89.000000 79.000000
-9.869500 21.086500 0.791000 96.000000 87.000000 70.000000
-9.889500 21.111500 0.785000 96.000000 84.000000 68.000000
-9.860500 21.111500 0.781000 95.000000 86.000000 69.000000
-9.869500 21.083500 0.792000 96.000000 87.000000 70.000000
-9.869500 21.100500 0.787000 95.000000 86.000000 69.000000
-9.789500 21.081500 0.782000 103.000000 89.000000 78.000000
-9.898500 21.108500 0.788000 96.000000 84.000000 68.000000
-9.823500 21.077500 0.788000 100.000000 91.000000 76.000000
-9.927500 21.125500 0.786000 99.000000 86.000000 69.000000
-9.849500 21.100500 0.784000 96.000000 87.000000 70.000000
-9.824500 21.059500 0.794000 101.000000 91.000000 81.000000
-9.871500 21.091500 0.790000 95.000000 86.000000 69.000000
-9.867500 21.038500 0.784000 103.000000 91.000000 77.000000
-9.894500 21.084500 0.789000 95.000000 86.000000 69.000000
-9.849500 21.046500 0.792000 101.000000 92.000000 77.000000
-9.870500 21.058500 0.789000 100.000000 92.000000 73.000000
-9.865500 21.055500 0.789000 100.000000 91.000000 74.000000
-9.828500 21.001500 0.786000 112.000000 104.000000 85.000000
-9.962500 21.136500 0.782000 94.000000 85.000000 68.000000
-9.839500 21.018500 0.787000 99.000000 91.000000 78.000000
-9.818500 21.007500 0.791000 105.000000 96.000000 81.000000
-9.824500 21.035500 0.797000 105.000000 92.000000 75.000000
-9.864500 21.067500 0.793000 96.000000 87.000000 70.000000
-9.907500 21.099500 0.789000 96.000000 84.000000 68.000000
-9.856500 21.031500 0.785000 102.000000 93.000000 76.000000
-9.875500 21.067500 0.790000 97.000000 88.000000 71.000000
-9.814500 21.001500 0.790000 81.000000 84.000000 89.000000
-9.930500 21.119500 0.787000 99.000000 86.000000 67.000000
-9.811500 20.987500 0.787000 194.000000 212.000000 248.000000
-9.810500 20.972500 0.783000 172.000000 197.000000 251.000000
-9.889500 21.088500 0.791000 94.000000 85.000000 68.000000
-9.884500 21.086500 0.792000 95.000000 86.000000 69.000000
-9.903500 21.076500 0.783000 98.000000 91.000000 73.000000
-9.869500 21.062500 0.790000 99.000000 91.000000 72.000000
-9.859500 21.028500 0.783000 111.000000 100.000000 82.000000
-9.858500 21.041500 0.788000 100.000000 91.000000 76.000000
-9.913500 21.104500 0.788000 97.000000 84.000000 68.000000
-9.862500 21.025500 0.782000 114.000000 103.000000 85.000000
-9.906500 21.084500 0.784000 98.000000 91.000000 73.000000
-9.910500 21.093500 0.786000 99.000000 87.000000 71.000000
-9.814500 21.018500 0.795000 102.000000 92.000000 83.000000
-9.815500 20.981500 0.784000 188.000000 204.000000 238.000000
-9.813500 20.992500 0.788000 127.000000 136.000000 151.000000
-9.926500 21.117500 0.788000 99.000000 86.000000 67.000000
-9.865500 21.040500 0.785000 103.000000 94.000000 79.000000
-9.833500 20.997500 0.783000 119.000000 110.000000 93.000000
-9.813500 21.014500 0.794000 101.000000 92.000000 83.000000
-9.841500 21.046500 0.794000 100.000000 92.000000 79.000000
-9.808500 21.002500 0.792000 115.000000 121.000000 137.000000
-9.951500 21.128500 0.783000 94.000000 85.000000 68.000000
-9.892500 21.069500 0.785000 99.000000 90.000000 73.000000
-9.827500 21.040500 0.797000 101.000000 89.000000 75.000000
-9.943500 21.129500 0.786000 96.000000 87.000000 70.000000
-9.932500 21.106500 0.783000 95.000000 88.000000 70.000000
-9.860500 21.050500 0.790000 99.000000 90.000000 73.000000
-9.848500 21.016500 0.783000 110.000000 103.000000 87.000000
-9.822500 20.979500 0.781000 173.000000 182.000000 211.000000
-9.814500 21.028500 0.798000 109.000000 97.000000 81.000000
-9.836500 21.044500 0.796000 100.000000 92.000000 79.000000
-9.838500 21.011500 0.785000 111.000000 104.000000 88.000000
-9.941500 21.116500 0.783000 95.000000 86.000000 69.000000
-9.840500 21.037500 0.792000 99.000000 91.000000 78.000000
-9.940500 21.109500 0.781000 98.000000 86.000000 72.000000
-9.826500 21.014500 0.790000 105.000000 92.000000 75.000000
-9.955500 21.134500 0.784000 95.000000 86.000000 69.000000
-9.860500 21.050500 0.790000 99.000000 90.000000 73.000000
-9.816500 20.978500 0.783000 190.000000 208.000000 248.000000
-9.881500 21.068500 0.788000 99.000000 90.000000 73.000000
-9.824500 20.991500 0.784000 108.000000 109.000000 104.000000
-9.885500 21.055500 0.783000 101.000000 92.000000 75.000000
-9.872500 21.055500 0.787000 101.000000 92.000000 75.000000
-9.903500 21.089500 0.787000 97.000000 88.000000 71.000000
-9.823500 21.020500 0.793000 112.000000 99.000000 80.000000
-9.870500 21.067500 0.791000 96.000000 87.000000 70.000000
-9.833500 21.040500 0.795000 101.000000 91.000000 79.000000
-9.867500 21.041500 0.785000 104.000000 92.000000 78.000000
-9.898500 21.089500 0.789000 96.000000 87.000000 70.000000
-9.863500 21.072500 0.795000 96.000000 87.000000 70.000000
-9.895500 21.062500 0.782000 100.000000 91.000000 76.000000
-9.960500 21.140500 0.783000 95.000000 86.000000 69.000000
-9.844500 21.023500 0.787000 102.000000 95.000000 76.000000
-9.862500 21.023500 0.781000 115.000000 104.000000 86.000000
-9.894500 21.065500 0.783000 99.000000 90.000000 75.000000
-9.810500 20.965500 0.781000 174.000000 195.000000 250.000000
-9.847500 21.006500 0.781000 122.000000 114.000000 95.000000
-9.935500 21.122500 0.787000 99.000000 86.000000 67.000000
-9.908500 21.092500 0.786000 99.000000 87.000000 71.000000
-9.819500 20.999500 0.788000 105.000000 102.000000 93.000000
-9.931500 21.117500 0.786000 99.000000 86.000000 67.000000
-9.984500 21.156500 0.781000 97.000000 88.000000 71.000000
-9.887500 21.069500 0.786000 99.000000 90.000000 73.000000
-9.837500 21.008500 0.785000 113.000000 104.000000 87.000000
-9.830500 21.016500 0.789000 109.000000 100.000000 83.000000
-9.900500 21.073500 0.784000 97.000000 90.000000 72.000000
-9.685500 20.942500 0.842000 96.000000 94.000000 81.000000
-9.721500 20.914500 0.789000 94.000000 95.000000 81.000000
-9.694500 20.941500 0.853000 100.000000 95.000000 89.000000
-9.696500 20.929500 0.805000 99.000000 96.000000 81.000000
-9.675500 20.944500 0.830000 109.000000 105.000000 94.000000
-9.696500 20.939500 0.847000 98.000000 96.000000 84.000000
-9.653500 20.946500 0.797000 119.000000 113.000000 99.000000
-9.638500 20.958500 0.814000 118.000000 112.000000 98.000000
-9.720500 20.923500 0.825000 97.000000 97.000000 89.000000
-9.734500 20.908500 0.785000 101.000000 101.000000 91.000000
-9.592500 20.972500 0.785000 118.000000 112.000000 96.000000
-9.683500 20.938500 0.819000 105.000000 101.000000 90.000000
-9.652500 20.946500 0.792000 115.000000 112.000000 97.000000
-9.659500 20.945500 0.802000 118.000000 112.000000 96.000000
-9.717500 20.919500 0.802000 94.000000 92.000000 80.000000
-9.611500 20.967500 0.799000 118.000000 112.000000 96.000000
-9.758500 20.901500 0.802000 103.000000 106.000000 97.000000
-9.700500 20.933500 0.832000 93.000000 90.000000 81.000000
-9.682500 20.935500 0.804000 111.000000 105.000000 91.000000
-9.679500 20.941500 0.825000 108.000000 104.000000 93.000000
-9.600500 20.969500 0.787000 120.000000 114.000000 98.000000
-9.644500 20.947500 0.785000 116.000000 113.000000 96.000000
-9.610500 20.964500 0.786000 118.000000 112.000000 96.000000
-9.699500 20.933500 0.827000 94.000000 91.000000 82.000000
-9.715500 20.929500 0.843000 98.000000 100.000000 89.000000
-9.675500 20.934500 0.785000 120.000000 117.000000 102.000000
-9.677500 20.939500 0.812000 114.000000 108.000000 94.000000
-9.638500 20.959500 0.818000 117.000000 111.000000 99.000000
-9.667500 20.946500 0.823000 117.000000 111.000000 99.000000
-9.658500 20.952500 0.831000 115.000000 111.000000 99.000000
-9.613500 20.962500 0.782000 117.000000 111.000000 95.000000
-9.707500 20.926500 0.812000 96.000000 93.000000 84.000000
-9.611500 20.967500 0.802000 120.000000 114.000000 98.000000
-9.743500 20.911500 0.817000 102.000000 102.000000 90.000000
-9.606500 20.966500 0.785000 119.000000 113.000000 97.000000
-9.605500 20.966500 0.784000 119.000000 113.000000 97.000000
-9.630500 20.960500 0.807000 118.000000 112.000000 96.000000
-9.676500 20.934500 0.788000 119.000000 116.000000 101.000000
-9.617500 20.965500 0.803000 119.000000 113.000000 97.000000
-9.721500 20.921500 0.817000 98.000000 98.000000 88.000000
-9.591500 20.974500 0.792000 120.000000 114.000000 98.000000
-9.740500 20.911500 0.810000 102.000000 102.000000 92.000000
-9.668500 20.946500 0.825000 115.000000 108.000000 98.000000
-9.686500 20.943500 0.848000 93.000000 92.000000 87.000000
-9.717500 20.926500 0.833000 99.000000 99.000000 91.000000
-9.732500 20.911500 0.796000 102.000000 103.000000 89.000000
-9.767500 20.892500 0.781000 101.000000 103.000000 92.000000
-9.678500 20.932500 0.784000 121.000000 118.000000 103.000000
-9.672500 20.939500 0.803000 119.000000 113.000000 97.000000
-9.645500 20.950500 0.799000 117.000000 111.000000 97.000000
-9.662500 20.950500 0.830000 115.000000 109.000000 97.000000
-9.707500 20.931500 0.834000 96.000000 93.000000 84.000000
-9.679500 20.945500 0.845000 101.000000 97.000000 85.000000
-9.633500 20.961500 0.816000 117.000000 111.000000 97.000000
-9.692500 20.934500 0.818000 100.000000 96.000000 85.000000
-9.673500 20.947500 0.839000 110.000000 106.000000 94.000000
-9.711500 20.933500 0.849000 95.000000 96.000000 88.000000
-9.713500 20.916500 0.783000 94.000000 92.000000 79.000000
-9.679500 20.938500 0.812000 112.000000 106.000000 92.000000
-9.629500 20.961500 0.810000 118.000000 112.000000 96.000000
-9.723500 20.917500 0.806000 99.000000 99.000000 87.000000
-9.731500 20.914500 0.807000 101.000000 101.000000 91.000000
-9.704500 20.927500 0.813000 97.000000 93.000000 82.000000
-9.656500 20.950500 0.820000 120.000000 114.000000 102.000000
-9.600500 20.969500 0.791000 119.000000 113.000000 97.000000
-9.769500 20.892500 0.782000 99.000000 101.000000 90.000000
-9.617500 20.960500 0.784000 117.000000 114.000000 97.000000
-9.697500 20.931500 0.817000 98.000000 94.000000 83.000000
-9.701500 20.922500 0.784000 99.000000 96.000000 79.000000
-9.687500 20.937500 0.821000 104.000000 100.000000 89.000000
-9.766500 20.896500 0.794000 106.000000 107.000000 93.000000
-9.711500 20.931500 0.842000 96.000000 98.000000 87.000000
-9.679500 20.940500 0.820000 114.000000 108.000000 96.000000
-9.663500 20.947500 0.819000 117.000000 111.000000 99.000000
-9.683500 20.942500 0.837000 102.000000 98.000000 86.000000
-9.640500 20.959500 0.821000 117.000000 111.000000 99.000000
-9.717500 20.915500 0.784000 92.000000 90.000000 77.000000
-9.723500 20.915500 0.794000 98.000000 99.000000 85.000000
-9.752500 20.900500 0.783000 97.000000 98.000000 90.000000
-9.689500 20.937500 0.825000 97.000000 93.000000 82.000000
-9.700500 20.932500 0.827000 95.000000 92.000000 83.000000
-9.706500 20.930500 0.829000 98.000000 95.000000 86.000000
-9.715500 20.928500 0.835000 97.000000 99.000000 88.000000
-9.736500 20.908500 0.788000 100.000000 100.000000 88.000000
-9.739500 20.910500 0.803000 98.000000 100.000000 89.000000
-9.723500 20.918500 0.812000 101.000000 101.000000 91.000000
-9.736500 20.913500 0.812000 97.000000 97.000000 87.000000
-9.678500 20.943500 0.832000 106.000000 102.000000 91.000000
-9.643500 20.954500 0.811000 118.000000 112.000000 98.000000
-9.622500 20.961500 0.798000 119.000000 113.000000 99.000000
-9.662500 20.950500 0.833000 112.000000 108.000000 96.000000
-9.679500 20.933500 0.788000 119.000000 115.000000 103.000000
-9.793500 20.971500 0.832000 151.000000 173.000000 249.000000
-9.797500 20.949500 0.808000 138.000000 170.000000 247.000000
-9.795500 20.920500 0.807000 123.000000 148.000000 202.000000
-9.797500 20.979500 0.820000 152.000000 177.000000 255.000000
-9.795500 20.982500 0.829000 158.000000 180.000000 253.000000
-9.788500 21.003500 0.861000 168.000000 188.000000 238.000000
-9.793500 20.970500 0.832000 151.000000 173.000000 249.000000
-9.789500 20.942500 0.838000 136.000000 166.000000 239.000000
-9.786500 20.952500 0.849000 133.000000 165.000000 242.000000
-9.792500 20.919500 0.817000 134.000000 155.000000 208.000000
-9.790500 20.989500 0.847000 158.000000 188.000000 252.000000
-9.784500 20.952500 0.857000 134.000000 167.000000 248.000000
-9.798500 20.944500 0.803000 138.000000 171.000000 242.000000
-9.793500 20.926500 0.818000 137.000000 164.000000 235.000000
-9.791500 20.922500 0.824000 123.000000 147.000000 209.000000
-9.787500 20.956500 0.848000 138.000000 169.000000 249.000000
-9.771500 20.999500 0.920000 119.000000 133.000000 162.000000
-9.798500 20.924500 0.799000 146.000000 174.000000 222.000000
-9.805500 21.024500 0.805000 101.000000 97.000000 85.000000
-9.799500 20.924500 0.793000 153.000000 181.000000 229.000000
-9.798500 20.944500 0.805000 141.000000 171.000000 244.000000
-9.804500 20.965500 0.788000 148.000000 176.000000 241.000000
-9.797500 20.943500 0.808000 141.000000 168.000000 245.000000
-9.794500 20.981500 0.832000 157.000000 181.000000 253.000000
-9.788500 20.958500 0.847000 143.000000 172.000000 250.000000
-9.802500 20.922500 0.781000 148.000000 172.000000 218.000000
-9.798500 21.011500 0.826000 113.000000 125.000000 151.000000
-9.776500 20.978500 0.895000 148.000000 180.000000 253.000000
-9.794500 20.975500 0.828000 152.000000 174.000000 249.000000
-9.794500 20.919500 0.810000 126.000000 146.000000 196.000000
-9.781500 20.978500 0.876000 158.000000 187.000000 255.000000
-9.793500 20.947500 0.823000 142.000000 168.000000 245.000000
-9.789500 20.943500 0.837000 136.000000 166.000000 239.000000
-9.801500 20.987500 0.806000 164.000000 190.000000 251.000000
-9.804500 20.944500 0.784000 168.000000 189.000000 244.000000
-9.776500 20.973500 0.894000 149.000000 182.000000 253.000000
-9.795500 20.911500 0.804000 156.000000 175.000000 207.000000
-9.798500 20.974500 0.816000 154.000000 181.000000 255.000000
-9.806500 20.994500 0.792000 191.000000 206.000000 245.000000
-9.799500 21.016500 0.824000 82.000000 85.000000 90.000000
-9.790500 20.960500 0.838000 144.000000 170.000000 247.000000
-9.785500 20.964500 0.858000 144.000000 175.000000 255.000000
-9.791500 21.017500 0.854000 77.000000 81.000000 90.000000
-9.805500 20.992500 0.795000 193.000000 211.000000 255.000000
-9.801500 20.971500 0.803000 151.000000 182.000000 249.000000
-9.773500 20.984500 0.907000 145.000000 177.000000 252.000000
-9.799500 20.968500 0.809000 150.000000 180.000000 250.000000
-9.784500 20.990500 0.869000 153.000000 182.000000 252.000000
-9.783500 20.955500 0.864000 142.000000 174.000000 255.000000
-9.797500 21.004500 0.829000 168.000000 183.000000 222.000000
-9.796500 20.942500 0.812000 135.000000 162.000000 241.000000
-9.797500 20.911500 0.797000 149.000000 170.000000 201.000000
-9.774500 21.002500 0.912000 140.000000 154.000000 193.000000
-9.800500 21.012500 0.818000 89.000000 97.000000 118.000000
-9.783500 20.995500 0.877000 156.000000 180.000000 254.000000
-9.802500 21.017500 0.813000 89.000000 90.000000 94.000000
-9.782500 20.950500 0.864000 140.000000 172.000000 255.000000
-9.786500 20.947500 0.851000 131.000000 163.000000 240.000000
-9.800500 20.931500 0.793000 152.000000 181.000000 237.000000
-9.801500 20.977500 0.803000 157.000000 188.000000 252.000000
-9.797500 20.994500 0.826000 162.000000 185.000000 253.000000
-9.801500 20.917500 0.786000 152.000000 175.000000 217.000000
-9.791500 21.003500 0.850000 181.000000 199.000000 245.000000
-9.798500 20.899500 0.790000 135.000000 143.000000 156.000000
-9.802500 20.976500 0.799000 155.000000 186.000000 250.000000
-9.794500 20.977500 0.828000 154.000000 176.000000 249.000000
-9.792500 20.985500 0.841000 153.000000 182.000000 250.000000
-9.782500 21.006500 0.884000 151.000000 164.000000 209.000000
-9.789500 20.929500 0.832000 128.000000 157.000000 225.000000
-9.790500 20.927500 0.827000 133.000000 160.000000 229.000000
-9.794500 20.958500 0.823000 148.000000 169.000000 248.000000
-9.806500 21.016500 0.799000 97.000000 96.000000 94.000000
-9.794500 20.946500 0.818000 140.000000 168.000000 242.000000
-9.794500 20.944500 0.817000 129.000000 157.000000 231.000000
-9.786500 20.977500 0.859000 148.000000 181.000000 252.000000
-9.772500 20.995500 0.915000 159.000000 181.000000 231.000000
-9.805500 20.954500 0.784000 157.000000 186.000000 246.000000
-9.795500 20.962500 0.821000 145.000000 172.000000 251.000000
-9.796500 21.016500 0.836000 82.000000 82.000000 84.000000
-9.788500 20.988500 0.854000 153.000000 187.000000 251.000000
-9.796500 20.984500 0.824000 157.000000 180.000000 255.000000
-9.793500 20.954500 0.826000 146.000000 169.000000 247.000000
-9.785500 20.948500 0.855000 134.000000 167.000000 246.000000
-9.794500 21.016500 0.845000 92.000000 94.000000 106.000000
-9.779500 20.973500 0.884000 151.000000 184.000000 253.000000
-9.805500 21.026500 0.806000 101.000000 94.000000 76.000000
-9.782500 20.992500 0.880000 157.000000 181.000000 255.000000
-9.798500 20.954500 0.807000 139.000000 168.000000 246.000000
-9.803500 21.025500 0.812000 101.000000 94.000000 78.000000
-9.790500 20.997500 0.852000 164.000000 190.000000 247.000000
-9.792500 20.982500 0.841000 153.000000 180.000000 249.000000
-9.802500 20.979500 0.801000 158.000000 188.000000 252.000000
-9.791500 20.992500 0.846000 159.000000 188.000000 248.000000
-9.805500 21.021500 0.805000 101.000000 97.000000 85.000000
-9.780500 20.971500 0.880000 155.000000 183.000000 255.000000
-9.773500 20.993500 0.912000 163.000000 187.000000 247.000000
-9.803500 21.015500 0.811000 89.000000 90.000000 94.000000
-9.802500 20.924500 0.784000 150.000000 176.000000 227.000000
-9.794500 20.941500 0.817000 129.000000 157.000000 231.000000
-9.799500 20.951500 0.803000 137.000000 171.000000 243.000000
-9.784500 20.947500 0.857000 134.000000 167.000000 246.000000
-9.781500 20.987500 0.881000 159.000000 185.000000 255.000000
-9.799500 20.923500 0.795000 153.000000 180.000000 225.000000
-9.800500 20.974500 0.809000 151.000000 182.000000 249.000000
-9.796500 20.946500 0.811000 140.000000 167.000000 248.000000
-9.789500 20.952500 0.841000 142.000000 171.000000 247.000000
-9.790500 20.934500 0.831000 133.000000 163.000000 236.000000
-9.786500 20.969500 0.855000 144.000000 176.000000 251.000000
-9.800500 20.931500 0.792000 152.000000 181.000000 237.000000
-9.804500 21.008500 0.803000 101.000000 112.000000 140.000000
-9.772500 20.903500 0.804000 101.000000 104.000000 97.000000
-9.786500 20.920500 0.824000 146.000000 164.000000 210.000000
-9.784500 20.932500 0.840000 131.000000 158.000000 225.000000
-9.765500 20.909500 0.812000 105.000000 106.000000 100.000000
-9.743500 20.924500 0.835000 111.000000 110.000000 106.000000
-9.762500 20.943500 0.857000 128.000000 156.000000 221.000000
-9.757500 20.970500 0.894000 142.000000 174.000000 247.000000
-9.757500 20.985500 0.914000 143.000000 176.000000 247.000000
-9.761500 20.938500 0.851000 172.000000 187.000000 216.000000
-9.756500 20.950500 0.867000 127.000000 153.000000 230.000000
-9.761500 20.959500 0.879000 142.000000 173.000000 255.000000
-9.758500 20.902500 0.804000 104.000000 106.000000 95.000000
-9.778500 20.937500 0.847000 131.000000 161.000000 233.000000
-9.755500 20.956500 0.876000 137.000000 164.000000 253.000000
-9.750500 20.922500 0.832000 108.000000 108.000000 100.000000
-9.722500 20.935500 0.853000 102.000000 103.000000 97.000000
-9.717500 20.936500 0.854000 100.000000 100.000000 90.000000
-9.779500 20.952500 0.867000 139.000000 171.000000 254.000000
-9.722500 20.943500 0.863000 99.000000 99.000000 101.000000
-9.742500 20.917500 0.826000 104.000000 102.000000 89.000000
-9.782500 20.891500 0.786000 101.000000 103.000000 92.000000
-9.787500 20.918500 0.821000 154.000000 171.000000 215.000000
-9.779500 20.892500 0.787000 104.000000 106.000000 95.000000
-9.771500 20.933500 0.844000 140.000000 158.000000 208.000000
-9.735500 20.931500 0.845000 101.000000 103.000000 100.000000
-9.770500 20.967500 0.889000 150.000000 180.000000 253.000000
-9.792500 20.916500 0.817000 134.000000 155.000000 208.000000
-9.785500 20.911500 0.812000 130.000000 142.000000 166.000000
-9.730500 20.954500 0.877000 156.000000 177.000000 230.000000
-9.751500 20.957500 0.878000 136.000000 163.000000 250.000000
-9.726500 20.936500 0.853000 100.000000 101.000000 96.000000
-9.792500 20.892500 0.786000 96.000000 101.000000 95.000000
-9.754500 20.906500 0.810000 102.000000 100.000000 87.000000
-9.767500 20.903500 0.804000 99.000000 102.000000 93.000000
-9.765500 20.926500 0.834000 105.000000 115.000000 140.000000
-9.741500 20.945500 0.863000 156.000000 174.000000 210.000000
-9.750500 20.948500 0.866000 122.000000 146.000000 210.000000
-9.770500 20.920500 0.826000 88.000000 94.000000 108.000000
-9.749500 20.955500 0.876000 149.000000 174.000000 255.000000
-9.770500 20.912500 0.815000 97.000000 99.000000 96.000000
-9.770500 20.897500 0.795000 102.000000 105.000000 96.000000
-9.770500 20.967500 0.889000 150.000000 180.000000 253.000000
-9.746500 20.940500 0.856000 69.000000 80.000000 98.000000
-9.754500 20.985500 0.915000 143.000000 176.000000 247.000000
-9.768500 20.918500 0.824000 90.000000 96.000000 108.000000
-9.751500 20.930500 0.842000 95.000000 104.000000 113.000000
-9.782500 20.910500 0.811000 84.000000 96.000000 110.000000
-9.764500 20.942500 0.856000 128.000000 156.000000 221.000000
-9.752500 20.960500 0.882000 137.000000 167.000000 255.000000
-9.788500 20.917500 0.820000 154.000000 171.000000 215.000000
-9.786500 20.923500 0.827000 126.000000 150.000000 210.000000
-9.742500 20.928500 0.841000 95.000000 99.000000 102.000000
-9.793500 20.897500 0.792000 98.000000 101.000000 106.000000
-9.760500 20.989500 0.920000 162.000000 191.000000 247.000000
-9.794500 20.893500 0.786000 101.000000 110.000000 107.000000
-9.784500 20.923500 0.829000 130.000000 151.000000 206.000000
-9.777500 20.892500 0.789000 100.000000 102.000000 91.000000
-9.763500 20.898500 0.798000 102.000000 105.000000 94.000000
-9.767500 20.982500 0.909000 146.000000 179.000000 255.000000
-9.779500 20.930500 0.839000 125.000000 149.000000 209.000000
-9.764500 20.908500 0.812000 109.000000 109.000000 99.000000
-9.709500 20.939500 0.860000 100.000000 99.000000 97.000000
-9.776500 20.890500 0.786000 95.000000 96.000000 82.000000
-9.756500 20.947500 0.864000 137.000000 162.000000 226.000000
-9.766500 20.971500 0.894000 149.000000 179.000000 252.000000
-9.732500 20.931500 0.846000 103.000000 104.000000 99.000000
-9.788500 20.926500 0.832000 127.000000 154.000000 221.000000
-9.763500 20.947500 0.863000 127.000000 154.000000 231.000000
-9.787500 20.927500 0.833000 127.000000 154.000000 221.000000
-9.763500 20.952500 0.870000 139.000000 167.000000 251.000000
-9.717500 20.930500 0.847000 102.000000 100.000000 87.000000
-9.786500 20.902500 0.800000 88.000000 98.000000 107.000000
-9.793500 20.900500 0.795000 94.000000 98.000000 109.000000
-9.772500 20.928500 0.837000 148.000000 166.000000 214.000000
-9.722500 20.940500 0.860000 96.000000 96.000000 96.000000
-9.768500 20.963500 0.884000 146.000000 178.000000 253.000000
-9.730500 20.937500 0.854000 96.000000 100.000000 101.000000
-9.742500 20.958500 0.880000 137.000000 163.000000 248.000000
-9.745500 20.956500 0.877000 142.000000 167.000000 247.000000
-9.770500 20.917500 0.822000 90.000000 96.000000 108.000000
-9.754500 20.968500 0.892000 143.000000 175.000000 250.000000
-9.779500 20.917500 0.821000 112.000000 126.000000 155.000000
-9.772500 20.930500 0.840000 150.000000 168.000000 218.000000
-9.776500 20.927500 0.835000 150.000000 168.000000 214.000000
-9.715500 20.934500 0.851000 101.000000 99.000000 87.000000
-9.763500 20.946500 0.861000 132.000000 159.000000 230.000000
